output_area,All household spaces,Occupied household spaces,Unoccupied household spaces,Unoccupied household spaces: Second residence/holiday accommodation,Unoccupied household spaces: Vacant
S00088956,74,74,0,0,0
S00088957,28,26,2,0,2
S00088958,27,27,0,0,0
S00088959,35,32,3,0,3
S00088960,25,23,2,1,1
S00088961,23,22,1,1,0
S00088962,29,26,3,1,2
S00088963,34,33,1,1,0
S00088964,34,33,1,0,1
S00088965,64,58,6,1,5
S00088966,52,50,2,0,2
S00088967,25,22,3,1,2
S00088968,21,21,0,0,0
S00088969,57,56,1,0,1
S00088970,50,48,2,2,0
S00088971,44,41,3,2,1
S00088972,79,75,4,0,4
S00088973,75,71,4,2,2
S00088974,60,59,1,0,1
S00088975,39,39,0,0,0
S00088976,49,45,4,4,0
S00088977,44,40,4,3,1
S00088978,43,33,10,10,0
S00088979,58,49,9,6,3
S00088980,47,45,2,1,1
S00088981,43,43,0,0,0
S00088982,40,39,1,1,0
S00088983,44,44,0,0,0
S00088984,45,44,1,0,1
S00088985,54,50,4,0,4
S00088986,84,77,7,3,4
S00088987,44,37,7,1,6
S00088988,59,57,2,0,2
S00088989,54,51,3,1,2
S00088990,64,63,1,0,1
S00088991,83,81,2,1,1
S00088992,75,72,3,0,3
S00088993,65,61,4,0,4
S00088994,35,34,1,0,1
S00088995,40,36,4,2,2
S00088996,42,41,1,0,1
S00088997,75,67,8,6,2
S00088998,61,57,4,4,0
S00088999,56,54,2,0,2
S00089000,89,89,0,0,0
S00089001,59,55,4,4,0
S00089002,60,53,7,7,0
S00089003,43,43,0,0,0
S00089004,52,51,1,0,1
S00089005,57,56,1,0,1
S00089006,43,42,1,0,1
S00089007,67,62,5,5,0
S00089008,56,48,8,7,1
S00089009,65,61,4,0,4
S00089010,71,67,4,2,2
S00089011,92,86,6,2,4
S00089012,65,61,4,4,0
S00089013,42,41,1,0,1
S00089014,69,67,2,2,0
S00089015,55,54,1,0,1
S00089016,61,54,7,6,1
S00089017,57,50,7,7,0
S00089018,55,54,1,0,1
S00089019,71,70,1,0,1
S00089020,48,48,0,0,0
S00089021,46,45,1,1,0
S00089022,54,52,2,0,2
S00089023,48,48,0,0,0
S00089024,47,47,0,0,0
S00089025,48,48,0,0,0
S00089026,45,44,1,0,1
S00089027,73,71,2,1,1
S00089028,60,59,1,0,1
S00089029,61,59,2,1,1
S00089030,48,48,0,0,0
S00089031,80,80,0,0,0
S00089032,34,30,4,0,4
S00089033,51,51,0,0,0
S00089034,35,34,1,0,1
S00089035,77,73,4,1,3
S00089036,40,39,1,0,1
S00089037,54,54,0,0,0
S00089038,43,39,4,4,0
S00089039,53,44,9,2,7
S00089040,41,39,2,1,1
S00089041,72,70,2,1,1
S00089042,42,28,14,14,0
S00089043,66,59,7,6,1
S00089044,39,34,5,3,2
S00089045,36,36,0,0,0
S00089046,43,43,0,0,0
S00089047,55,52,3,2,1
S00089048,48,46,2,2,0
S00089049,53,53,0,0,0
S00089050,50,48,2,0,2
S00089051,73,71,2,1,1
S00089052,71,70,1,1,0
S00089053,72,68,4,3,1
S00089054,55,48,7,7,0
S00089055,71,57,14,12,2
S00089056,53,50,3,0,3
S00089057,63,57,6,5,1
S00089058,71,70,1,1,0
S00089059,40,39,1,1,0
S00089060,38,38,0,0,0
S00089061,47,41,6,4,2
S00089062,32,32,0,0,0
S00089063,51,48,3,0,3
S00089064,58,55,3,0,3
S00089065,75,67,8,7,1
S00089066,51,39,12,12,0
S00089067,59,52,7,7,0
S00089068,47,42,5,5,0
S00089069,37,32,5,4,1
S00089070,71,71,0,0,0
S00089071,62,57,5,0,5
S00089072,77,73,4,0,4
S00089073,73,63,10,5,5
S00089074,79,75,4,1,3
S00089075,46,46,0,0,0
S00089076,85,75,10,8,2
S00089077,63,55,8,7,1
S00089078,32,31,1,1,0
S00089079,28,25,3,3,0
S00089080,48,42,6,6,0
S00089081,52,50,2,1,1
S00089082,45,44,1,0,1
S00089083,57,53,4,1,3
S00089084,48,47,1,1,0
S00089085,56,54,2,2,0
S00089086,40,38,2,0,2
S00089087,80,75,5,0,5
S00089088,49,45,4,4,0
S00089089,55,55,0,0,0
S00089090,54,52,2,1,1
S00089091,51,49,2,2,0
S00089092,54,53,1,1,0
S00089093,84,78,6,6,0
S00089094,49,40,9,7,2
S00089095,51,51,0,0,0
S00089096,42,40,2,1,1
S00089097,48,47,1,0,1
S00089098,37,34,3,0,3
S00089099,53,50,3,0,3
S00089100,46,45,1,0,1
S00089101,42,41,1,0,1
S00089102,42,38,4,0,4
S00089103,56,52,4,2,2
S00089104,45,42,3,3,0
S00089105,68,64,4,2,2
S00089106,56,51,5,5,0
S00089107,50,43,7,5,2
S00089108,48,46,2,2,0
S00089109,34,32,2,1,1
S00089110,64,60,4,2,2
S00089111,71,63,8,6,2
S00089112,97,91,6,6,0
S00089113,52,47,5,3,2
S00089114,51,50,1,1,0
S00089115,77,72,5,3,2
S00089116,70,68,2,2,0
S00089117,74,67,7,6,1
S00089118,61,61,0,0,0
S00089119,42,42,0,0,0
S00089120,35,31,4,0,4
S00089121,82,66,16,5,11
S00089122,44,38,6,3,3
S00089123,58,56,2,2,0
S00089124,42,39,3,3,0
S00089125,67,64,3,3,0
S00089126,48,43,5,5,0
S00089127,41,41,0,0,0
S00089128,40,39,1,1,0
S00089129,71,71,0,0,0
S00089130,44,43,1,1,0
S00089131,42,40,2,2,0
S00089132,43,41,2,2,0
S00089133,44,41,3,1,2
S00089134,62,61,1,1,0
S00089135,74,73,1,0,1
S00089136,52,52,0,0,0
S00089137,46,46,0,0,0
S00089138,49,47,2,0,2
S00089139,40,37,3,2,1
S00089140,47,45,2,2,0
S00089141,50,49,1,0,1
S00089142,60,53,7,6,1
S00089143,42,41,1,1,0
S00089144,46,44,2,1,1
S00089145,54,52,2,2,0
S00089146,44,43,1,1,0
S00089147,48,47,1,0,1
S00089148,50,44,6,4,2
S00089149,44,40,4,3,1
S00089150,69,69,0,0,0
S00089151,42,37,5,5,0
S00089152,43,42,1,0,1
S00089153,40,40,0,0,0
S00089154,41,37,4,4,0
S00089155,41,39,2,2,0
S00089156,49,49,0,0,0
S00089157,52,48,4,3,1
S00089158,56,55,1,1,0
S00089159,43,43,0,0,0
S00089160,50,50,0,0,0
S00089161,44,43,1,0,1
S00089162,36,34,2,0,2
S00089163,52,51,1,0,1
S00089164,40,39,1,0,1
S00089165,50,49,1,0,1
S00089166,74,71,3,2,1
S00089167,62,52,10,9,1
S00089168,55,53,2,0,2
S00089169,50,46,4,4,0
S00089170,47,46,1,0,1
S00089171,42,41,1,1,0
S00089172,35,31,4,4,0
S00089173,70,62,8,8,0
S00089174,72,71,1,1,0
S00089175,67,64,3,3,0
S00089176,42,42,0,0,0
S00089177,68,67,1,0,1
S00089178,69,66,3,0,3
S00089179,78,77,1,0,1
S00089180,60,60,0,0,0
S00089181,46,45,1,1,0
S00089182,48,43,5,5,0
S00089183,48,41,7,5,2
S00089184,46,46,0,0,0
S00089185,57,55,2,0,2
S00089186,52,51,1,1,0
S00089187,42,38,4,2,2
S00089188,72,70,2,0,2
S00089189,76,72,4,1,3
S00089190,69,59,10,1,9
S00089191,114,72,42,4,38
S00089192,97,65,32,17,15
S00089193,102,76,26,7,19
S00089194,78,65,13,12,1
S00089195,53,51,2,2,0
S00089196,56,53,3,1,2
S00089197,54,52,2,0,2
S00089198,58,54,4,4,0
S00089199,27,26,1,1,0
S00089200,34,34,0,0,0
S00089201,43,43,0,0,0
S00089202,78,72,6,2,4
S00089203,79,75,4,0,4
S00089204,54,52,2,0,2
S00089205,56,52,4,0,4
S00089206,51,51,0,0,0
S00089207,44,40,4,0,4
S00089208,52,51,1,0,1
S00089209,41,41,0,0,0
S00089210,53,52,1,0,1
S00089211,49,49,0,0,0
S00089212,67,62,5,0,5
S00089213,44,43,1,0,1
S00089214,43,41,2,1,1
S00089215,40,39,1,0,1
S00089216,73,68,5,0,5
S00089217,54,52,2,0,2
S00089218,85,84,1,1,0
S00089219,55,55,0,0,0
S00089220,42,39,3,0,3
S00089221,90,81,9,2,7
S00089222,53,50,3,1,2
S00089223,49,48,1,0,1
S00089224,69,67,2,0,2
S00089225,42,41,1,0,1
S00089226,39,38,1,0,1
S00089227,92,84,8,0,8
S00089228,42,41,1,0,1
S00089229,54,51,3,1,2
S00089230,52,52,0,0,0
S00089231,65,59,6,3,3
S00089232,51,47,4,2,2
S00089233,31,31,0,0,0
S00089234,50,44,6,5,1
S00089235,71,69,2,1,1
S00089236,60,58,2,0,2
S00089237,55,53,2,0,2
S00089238,62,59,3,0,3
S00089239,43,42,1,0,1
S00089240,76,73,3,0,3
S00089241,30,30,0,0,0
S00089242,55,51,4,0,4
S00089243,52,51,1,0,1
S00089244,58,56,2,0,2
S00089245,46,45,1,0,1
S00089246,38,37,1,0,1
S00089247,77,76,1,0,1
S00089248,91,91,0,0,0
S00089249,43,43,0,0,0
S00089250,37,36,1,0,1
S00089251,47,42,5,0,5
S00089252,44,44,0,0,0
S00089253,62,60,2,0,2
S00089254,57,56,1,0,1
S00089255,56,53,3,0,3
S00089256,49,46,3,0,3
S00089257,45,43,2,0,2
S00089258,57,50,7,2,5
S00089259,44,42,2,1,1
S00089260,57,55,2,2,0
S00089261,75,75,0,0,0
S00089262,71,69,2,2,0
S00089263,72,66,6,4,2
S00089264,78,77,1,1,0
S00089265,59,56,3,3,0
S00089266,64,59,5,5,0
S00089267,54,53,1,0,1
S00089268,72,71,1,0,1
S00089269,62,62,0,0,0
S00089270,82,80,2,0,2
S00089271,38,38,0,0,0
S00089272,26,26,0,0,0
S00089273,63,62,1,0,1
S00089274,65,64,1,0,1
S00089275,55,53,2,2,0
S00089276,43,41,2,0,2
S00089277,72,72,0,0,0
S00089278,56,53,3,0,3
S00089279,30,30,0,0,0
S00089280,31,27,4,4,0
S00089281,44,41,3,1,2
S00089282,27,27,0,0,0
S00089283,32,31,1,1,0
S00089284,52,51,1,0,1
S00089285,82,79,3,1,2
S00089286,71,68,3,1,2
S00089287,71,71,0,0,0
S00089288,52,48,4,4,0
S00089289,48,47,1,0,1
S00089290,33,31,2,2,0
S00089291,41,41,0,0,0
S00089292,42,42,0,0,0
S00089293,77,77,0,0,0
S00089294,73,67,6,5,1
S00089295,72,72,0,0,0
S00089296,67,66,1,0,1
S00089297,54,50,4,4,0
S00089298,49,48,1,0,1
S00089299,42,39,3,3,0
S00089300,42,41,1,1,0
S00089301,50,47,3,2,1
S00089302,44,41,3,3,0
S00089303,72,72,0,0,0
S00089304,66,62,4,3,1
S00089305,44,42,2,1,1
S00089306,69,68,1,0,1
S00089307,55,55,0,0,0
S00089308,28,27,1,0,1
S00089309,51,51,0,0,0
S00089310,73,72,1,0,1
S00089311,49,49,0,0,0
S00089312,69,69,0,0,0
S00089313,78,75,3,0,3
S00089314,124,73,51,4,47
S00089315,51,50,1,1,0
S00089316,50,49,1,0,1
S00089317,40,40,0,0,0
S00089318,46,45,1,1,0
S00089319,61,60,1,0,1
S00089320,49,47,2,1,1
S00089321,39,37,2,1,1
S00089322,57,55,2,0,2
S00089323,40,40,0,0,0
S00089324,46,46,0,0,0
S00089325,46,43,3,0,3
S00089326,56,56,0,0,0
S00089327,51,50,1,0,1
S00089328,70,59,11,1,10
S00089329,49,48,1,1,0
S00089330,72,69,3,1,2
S00089331,74,69,5,1,4
S00089332,73,67,6,4,2
S00089333,75,73,2,0,2
S00089334,68,67,1,0,1
S00089335,65,62,3,0,3
S00089336,44,44,0,0,0
S00089337,29,29,0,0,0
S00089338,75,73,2,0,2
S00089339,71,69,2,0,2
S00089340,69,68,1,0,1
S00089341,50,44,6,2,4
S00089342,69,62,7,6,1
S00089343,51,49,2,0,2
S00089344,42,42,0,0,0
S00089345,53,52,1,0,1
S00089346,66,64,2,2,0
S00089347,49,48,1,1,0
S00089348,41,39,2,2,0
S00089349,49,45,4,2,2
S00089350,59,52,7,4,3
S00089351,71,68,3,0,3
S00089352,61,60,1,0,1
S00089353,54,52,2,1,1
S00089354,42,41,1,1,0
S00089355,59,58,1,1,0
S00089356,22,22,0,0,0
S00089357,54,53,1,0,1
S00089358,42,42,0,0,0
S00089359,58,56,2,0,2
S00089360,68,68,0,0,0
S00089361,73,72,1,0,1
S00089362,67,61,6,0,6
S00089363,27,27,0,0,0
S00089364,73,67,6,5,1
S00089365,70,66,4,1,3
S00089366,54,54,0,0,0
S00089367,57,54,3,1,2
S00089368,37,37,0,0,0
S00089369,70,68,2,0,2
S00089370,76,74,2,0,2
S00089371,75,75,0,0,0
S00089372,40,40,0,0,0
S00089373,63,56,7,6,1
S00089374,32,32,0,0,0
S00089375,74,74,0,0,0
S00089376,71,71,0,0,0
S00089377,40,40,0,0,0
S00089378,41,41,0,0,0
S00089379,77,75,2,1,1
S00089380,64,64,0,0,0
S00089381,47,46,1,0,1
S00089382,59,59,0,0,0
S00089383,50,48,2,0,2
S00089384,47,47,0,0,0
S00089385,80,72,8,2,6
S00089386,80,76,4,1,3
S00089387,68,66,2,0,2
S00089388,57,56,1,0,1
S00089389,46,44,2,1,1
S00089390,44,42,2,2,0
S00089391,75,72,3,1,2
S00089392,47,46,1,0,1
S00089393,46,46,0,0,0
S00089394,48,44,4,3,1
S00089395,76,71,5,4,1
S00089396,62,61,1,0,1
S00089397,45,44,1,0,1
S00089398,47,46,1,0,1
S00089399,47,43,4,0,4
S00089400,47,47,0,0,0
S00089401,43,42,1,0,1
S00089402,56,53,3,0,3
S00089403,41,41,0,0,0
S00089404,42,42,0,0,0
S00089405,45,44,1,0,1
S00089406,52,51,1,0,1
S00089407,63,62,1,0,1
S00089408,51,49,2,0,2
S00089409,50,49,1,0,1
S00089410,42,41,1,0,1
S00089411,35,34,1,0,1
S00089412,77,76,1,0,1
S00089413,66,66,0,0,0
S00089414,43,41,2,0,2
S00089415,47,44,3,0,3
S00089416,55,54,1,0,1
S00089417,54,53,1,0,1
S00089418,56,55,1,0,1
S00089419,59,56,3,1,2
S00089420,61,59,2,2,0
S00089421,63,63,0,0,0
S00089422,59,54,5,4,1
S00089423,60,59,1,0,1
S00089424,56,52,4,2,2
S00089425,71,65,6,1,5
S00089426,74,66,8,5,3
S00089427,30,30,0,0,0
S00089428,43,43,0,0,0
S00089429,58,53,5,2,3
S00089430,69,66,3,1,2
S00089431,37,33,4,0,4
S00089432,30,26,4,0,4
S00089433,56,48,8,3,5
S00089434,28,27,1,0,1
S00089435,49,48,1,0,1
S00089436,48,48,0,0,0
S00089437,57,55,2,0,2
S00089438,54,54,0,0,0
S00089439,46,44,2,0,2
S00089440,23,22,1,0,1
S00089441,48,44,4,3,1
S00089442,67,61,6,3,3
S00089443,40,36,4,3,1
S00089444,85,75,10,8,2
S00089445,82,72,10,2,8
S00089446,50,50,0,0,0
S00089447,62,47,15,14,1
S00089448,66,52,14,13,1
S00089449,82,80,2,0,2
S00089450,44,43,1,0,1
S00089451,64,61,3,1,2
S00089452,78,76,2,0,2
S00089453,82,78,4,3,1
S00089454,47,47,0,0,0
S00089455,68,66,2,0,2
S00089456,82,77,5,0,5
S00089457,56,54,2,0,2
S00089458,46,46,0,0,0
S00089459,39,39,0,0,0
S00089460,80,75,5,0,5
S00089461,81,76,5,0,5
S00089462,63,57,6,0,6
S00089463,73,70,3,0,3
S00089464,70,67,3,0,3
S00089465,60,57,3,2,1
S00089466,39,33,6,6,0
S00089467,50,49,1,0,1
S00089468,50,41,9,9,0
S00089469,50,50,0,0,0
S00089470,50,41,9,9,0
S00089471,44,42,2,1,1
S00089472,46,46,0,0,0
S00089473,62,59,3,1,2
S00089474,107,94,13,9,4
S00089475,47,43,4,2,2
S00089476,38,37,1,0,1
S00089477,61,58,3,0,3
S00089478,56,54,2,2,0
S00089479,46,42,4,4,0
S00089480,44,40,4,3,1
S00089481,63,61,2,0,2
S00089482,48,48,0,0,0
S00089483,46,46,0,0,0
S00089484,70,63,7,3,4
S00089485,44,42,2,0,2
S00089486,76,72,4,0,4
S00089487,60,55,5,1,4
S00089488,67,63,4,1,3
S00089489,79,79,0,0,0
S00089490,82,79,3,0,3
S00089491,46,46,0,0,0
S00089492,52,51,1,1,0
S00089493,40,40,0,0,0
S00089494,56,51,5,5,0
S00089495,44,43,1,0,1
S00089496,48,48,0,0,0
S00089497,73,70,3,0,3
S00089498,66,57,9,8,1
S00089499,42,36,6,6,0
S00089500,49,46,3,0,3
S00089501,80,68,12,12,0
S00089502,66,65,1,1,0
S00089503,56,56,0,0,0
S00089504,58,52,6,4,2
S00089505,54,50,4,0,4
S00089506,54,48,6,6,0
S00089507,59,52,7,5,2
S00089508,54,53,1,1,0
S00089509,31,31,0,0,0
S00089510,55,55,0,0,0
S00089511,51,44,7,6,1
S00089512,47,42,5,5,0
S00089513,63,63,0,0,0
S00089514,40,40,0,0,0
S00089515,62,62,0,0,0
S00089516,64,64,0,0,0
S00089517,54,52,2,0,2
S00089518,103,101,2,0,2
S00089519,54,53,1,0,1
S00089520,42,42,0,0,0
S00089521,72,71,1,1,0
S00089522,53,52,1,1,0
S00089523,47,47,0,0,0
S00089524,57,56,1,0,1
S00089525,39,39,0,0,0
S00089526,77,75,2,0,2
S00089527,76,75,1,0,1
S00089528,67,64,3,3,0
S00089529,60,58,2,0,2
S00089530,36,36,0,0,0
S00089531,44,44,0,0,0
S00089532,60,58,2,0,2
S00089533,44,40,4,2,2
S00089534,64,59,5,3,2
S00089535,44,42,2,0,2
S00089536,68,64,4,2,2
S00089537,40,37,3,3,0
S00089538,40,38,2,2,0
S00089539,52,41,11,8,3
S00089540,48,48,0,0,0
S00089541,44,44,0,0,0
S00089542,85,83,2,2,0
S00089543,59,54,5,5,0
S00089544,53,52,1,1,0
S00089545,56,55,1,1,0
S00089546,48,47,1,0,1
S00089547,75,69,6,4,2
S00089548,106,104,2,1,1
S00089549,66,61,5,3,2
S00089550,52,50,2,1,1
S00089551,62,60,2,0,2
S00089552,36,35,1,0,1
S00089553,41,36,5,0,5
S00089554,47,41,6,3,3
S00089555,73,71,2,0,2
S00089556,55,46,9,5,4
S00089557,111,95,16,14,2
S00089558,58,58,0,0,0
S00089559,71,70,1,0,1
S00089560,55,53,2,0,2
S00089561,42,41,1,0,1
S00089562,62,62,0,0,0
S00089563,43,40,3,0,3
S00089564,47,45,2,0,2
S00089565,73,71,2,0,2
S00089566,72,68,4,0,4
S00089567,72,62,10,8,2
S00089568,68,64,4,4,0
S00089569,80,74,6,0,6
S00089570,58,54,4,2,2
S00089571,62,61,1,1,0
S00089572,43,41,2,0,2
S00089573,49,48,1,0,1
S00089574,49,46,3,1,2
S00089575,37,35,2,0,2
S00089576,55,53,2,0,2
S00089577,54,37,17,14,3
S00089578,48,41,7,7,0
S00089579,42,38,4,4,0
S00089580,48,44,4,4,0
S00089581,44,35,9,4,5
S00089582,70,53,17,17,0
S00089583,83,77,6,6,0
S00089584,45,38,7,6,1
S00089585,59,59,0,0,0
S00089586,50,43,7,6,1
S00089587,52,43,9,7,2
S00089588,45,45,0,0,0
S00089589,42,40,2,0,2
S00089590,53,53,0,0,0
S00089591,48,45,3,3,0
S00089592,48,47,1,0,1
S00089593,54,53,1,0,1
S00089594,32,30,2,2,0
S00089595,49,48,1,0,1
S00089596,48,47,1,0,1
S00089597,46,45,1,0,1
S00089598,41,35,6,5,1
S00089599,72,64,8,8,0
S00089600,30,28,2,1,1
S00089601,42,37,5,4,1
S00089602,86,74,12,11,1
S00089603,58,49,9,9,0
S00089604,47,43,4,4,0
S00089605,76,76,0,0,0
S00089606,75,68,7,5,2
S00089607,57,49,8,8,0
S00089608,39,39,0,0,0
S00089609,52,45,7,6,1
S00089610,77,69,8,6,2
S00089611,61,58,3,0,3
S00089612,52,42,10,9,1
S00089613,30,30,0,0,0
S00089614,80,72,8,8,0
S00089615,61,55,6,4,2
S00089616,71,69,2,1,1
S00089617,72,69,3,3,0
S00089618,72,58,14,14,0
S00089619,72,63,9,8,1
S00089620,72,69,3,3,0
S00089621,54,43,11,0,11
S00089622,46,45,1,0,1
S00089623,55,48,7,6,1
S00089624,37,36,1,0,1
S00089625,44,43,1,1,0
S00089626,67,61,6,4,2
S00089627,47,46,1,0,1
S00089628,74,71,3,0,3
S00089629,66,65,1,0,1
S00089630,32,30,2,1,1
S00089631,54,52,2,2,0
S00089632,54,48,6,4,2
S00089633,80,79,1,0,1
S00089634,48,46,2,0,2
S00089635,34,34,0,0,0
S00089636,52,50,2,0,2
S00089637,40,40,0,0,0
S00089638,47,47,0,0,0
S00089639,62,61,1,0,1
S00089640,73,66,7,3,4
S00089641,39,38,1,0,1
S00089642,39,36,3,1,2
S00089643,78,67,11,9,2
S00089644,77,73,4,4,0
S00089645,78,66,12,11,1
S00089646,82,81,1,0,1
S00089647,67,66,1,0,1
S00089648,31,31,0,0,0
S00089649,51,50,1,0,1
S00089650,61,60,1,1,0
S00089651,65,64,1,1,0
S00089652,56,54,2,0,2
S00089653,59,59,0,0,0
S00089654,41,41,0,0,0
S00089655,30,29,1,0,1
S00089656,54,53,1,1,0
S00089657,33,31,2,0,2
S00089658,76,74,2,0,2
S00089659,49,48,1,0,1
S00089660,66,60,6,6,0
S00089661,93,91,2,1,1
S00089662,53,50,3,0,3
S00089663,74,70,4,0,4
S00089664,43,41,2,0,2
S00089665,71,64,7,6,1
S00089666,56,50,6,2,4
S00089667,49,44,5,1,4
S00089668,66,61,5,5,0
S00089669,69,66,3,0,3
S00089670,39,38,1,1,0
S00089671,50,46,4,0,4
S00089672,92,86,6,4,2
S00089673,78,78,0,0,0
S00089674,80,80,0,0,0
S00089675,80,78,2,1,1
S00089676,50,49,1,0,1
S00089677,73,72,1,0,1
S00089678,36,36,0,0,0
S00089679,89,82,7,6,1
S00089680,86,83,3,1,2
S00089681,59,57,2,2,0
S00089682,33,33,0,0,0
S00089683,47,46,1,0,1
S00089684,51,50,1,1,0
S00089685,70,65,5,4,1
S00089686,25,25,0,0,0
S00089687,47,46,1,1,0
S00089688,56,51,5,3,2
S00089689,46,42,4,0,4
S00089690,71,69,2,0,2
S00089691,68,68,0,0,0
S00089692,26,25,1,0,1
S00089693,28,28,0,0,0
S00089694,81,57,24,11,13
S00089695,67,58,9,7,2
S00089696,77,62,15,10,5
S00089697,45,36,9,4,5
S00089698,47,47,0,0,0
S00089699,33,32,1,0,1
S00089700,55,51,4,3,1
S00089701,45,44,1,1,0
S00089702,30,30,0,0,0
S00089703,58,56,2,0,2
S00089704,51,49,2,1,1
S00089705,43,42,1,1,0
S00089706,56,54,2,0,2
S00089707,48,48,0,0,0
S00089708,42,39,3,2,1
S00089709,41,40,1,0,1
S00089710,74,72,2,0,2
S00089711,73,71,2,1,1
S00089712,50,50,0,0,0
S00089713,48,48,0,0,0
S00089714,60,60,0,0,0
S00089715,44,39,5,3,2
S00089716,60,56,4,2,2
S00089717,66,64,2,0,2
S00089718,64,63,1,1,0
S00089719,77,76,1,1,0
S00089720,65,64,1,0,1
S00089721,71,63,8,0,8
S00089722,60,55,5,4,1
S00089723,25,23,2,1,1
S00089724,43,42,1,0,1
S00089725,44,41,3,1,2
S00089726,54,53,1,0,1
S00089727,53,50,3,1,2
S00089728,48,46,2,0,2
S00089729,79,76,3,1,2
S00089730,60,58,2,1,1
S00089731,49,49,0,0,0
S00089732,85,84,1,0,1
S00089733,56,56,0,0,0
S00089734,56,52,4,0,4
S00089735,43,41,2,0,2
S00089736,54,54,0,0,0
S00089737,52,50,2,0,2
S00089738,41,41,0,0,0
S00089739,40,39,1,0,1
S00089740,80,70,10,3,7
S00089741,48,45,3,0,3
S00089742,56,53,3,0,3
S00089743,57,57,0,0,0
S00089744,44,38,6,5,1
S00089745,55,55,0,0,0
S00089746,57,53,4,2,2
S00089747,49,44,5,5,0
S00089748,49,46,3,2,1
S00089749,26,26,0,0,0
S00089750,73,63,10,9,1
S00089751,44,44,0,0,0
S00089752,43,41,2,2,0
S00089753,54,53,1,0,1
S00089754,50,49,1,1,0
S00089755,29,28,1,0,1
S00089756,38,37,1,0,1
S00089757,64,64,0,0,0
S00089758,58,55,3,1,2
S00089759,72,68,4,2,2
S00089760,57,53,4,1,3
S00089761,24,22,2,2,0
S00089762,74,70,4,3,1
S00089763,62,59,3,1,2
S00089764,60,58,2,1,1
S00089765,56,52,4,4,0
S00089766,66,63,3,0,3
S00089767,41,39,2,0,2
S00089768,39,39,0,0,0
S00089769,36,36,0,0,0
S00089770,55,52,3,0,3
S00089771,68,64,4,1,3
S00089772,63,62,1,0,1
S00089773,72,71,1,0,1
S00089774,53,53,0,0,0
S00089775,58,54,4,0,4
S00089776,70,66,4,1,3
S00089777,60,59,1,0,1
S00089778,75,75,0,0,0
S00089779,72,66,6,1,5
S00089780,57,55,2,0,2
S00089781,70,69,1,0,1
S00089782,57,56,1,0,1
S00089783,63,57,6,0,6
S00089784,40,37,3,0,3
S00089785,64,64,0,0,0
S00089786,40,38,2,1,1
S00089787,55,55,0,0,0
S00089788,39,37,2,0,2
S00089789,77,71,6,1,5
S00089790,97,95,2,0,2
S00089791,47,42,5,0,5
S00089792,47,44,3,0,3
S00089793,43,43,0,0,0
S00089794,37,36,1,1,0
S00089795,73,72,1,1,0
S00089796,75,72,3,2,1
S00089797,67,63,4,1,3
S00089798,64,63,1,0,1
S00089799,72,70,2,0,2
S00089800,65,65,0,0,0
S00089801,63,62,1,0,1
S00089802,73,72,1,1,0
S00089803,40,40,0,0,0
S00089804,60,58,2,0,2
S00089805,40,40,0,0,0
S00089806,50,50,0,0,0
S00089807,48,42,6,6,0
S00089808,39,38,1,0,1
S00089809,62,53,9,8,1
S00089810,30,28,2,1,1
S00089811,48,41,7,6,1
S00089812,44,42,2,0,2
S00089813,59,57,2,0,2
S00089814,48,45,3,0,3
S00089815,40,40,0,0,0
S00089816,52,52,0,0,0
S00089817,62,59,3,1,2
S00089818,38,38,0,0,0
S00089819,76,73,3,1,2
S00089820,57,50,7,5,2
S00089821,51,51,0,0,0
S00089822,44,44,0,0,0
S00089823,44,43,1,0,1
S00089824,72,72,0,0,0
S00089825,70,68,2,1,1
S00089826,52,50,2,0,2
S00089827,46,46,0,0,0
S00089828,57,54,3,1,2
S00089829,42,42,0,0,0
S00089830,52,51,1,0,1
S00089831,48,46,2,0,2
S00089832,41,40,1,0,1
S00089833,65,65,0,0,0
S00089834,40,40,0,0,0
S00089835,43,43,0,0,0
S00089836,73,72,1,0,1
S00089837,69,68,1,0,1
S00089838,72,68,4,3,1
S00089839,35,35,0,0,0
S00089840,37,35,2,2,0
S00089841,48,48,0,0,0
S00089842,42,40,2,2,0
S00089843,51,50,1,1,0
S00089844,54,51,3,3,0
S00089845,55,55,0,0,0
S00089846,37,36,1,0,1
S00089847,34,34,0,0,0
S00089848,46,46,0,0,0
S00089849,60,59,1,0,1
S00089850,68,65,3,1,2
S00089851,40,40,0,0,0
S00089852,72,70,2,0,2
S00089853,72,70,2,0,2
S00089854,72,68,4,0,4
S00089855,72,72,0,0,0
S00089856,75,75,0,0,0
S00089857,57,57,0,0,0
S00089858,38,37,1,0,1
S00089859,48,48,0,0,0
S00089860,48,48,0,0,0
S00089861,52,51,1,1,0
S00089862,69,68,1,0,1
S00089863,64,64,0,0,0
S00089864,76,76,0,0,0
S00089865,65,57,8,6,2
S00089866,52,49,3,2,1
S00089867,52,52,0,0,0
S00089868,48,40,8,6,2
S00089869,73,67,6,6,0
S00089870,49,48,1,1,0
S00089871,67,63,4,0,4
S00089872,59,59,0,0,0
S00089873,67,67,0,0,0
S00089874,71,69,2,1,1
S00089875,70,68,2,1,1
S00089876,51,51,0,0,0
S00089877,45,45,0,0,0
S00089878,53,51,2,2,0
S00089879,63,62,1,0,1
S00089880,67,66,1,1,0
S00089881,78,74,4,3,1
S00089882,52,51,1,0,1
S00089883,46,46,0,0,0
S00089884,37,36,1,0,1
S00089885,78,76,2,0,2
S00089886,60,57,3,0,3
S00089887,54,49,5,3,2
S00089888,41,38,3,3,0
S00089889,52,49,3,2,1
S00089890,67,65,2,2,0
S00089891,72,69,3,3,0
S00089892,73,67,6,3,3
S00089893,73,73,0,0,0
S00089894,89,86,3,0,3
S00089895,42,40,2,1,1
S00089896,46,45,1,0,1
S00089897,69,66,3,1,2
S00089898,69,65,4,0,4
S00089899,53,51,2,0,2
S00089900,50,49,1,1,0
S00089901,43,40,3,3,0
S00089902,74,74,0,0,0
S00089903,69,67,2,1,1
S00089904,44,42,2,0,2
S00089905,52,52,0,0,0
S00089906,42,42,0,0,0
S00089907,50,49,1,0,1
S00089908,43,43,0,0,0
S00089909,28,28,0,0,0
S00089910,50,50,0,0,0
S00089911,68,64,4,2,2
S00089912,71,56,15,15,0
S00089913,48,47,1,0,1
S00089914,42,40,2,0,2
S00089915,40,40,0,0,0
S00089916,64,59,5,3,2
S00089917,48,43,5,5,0
S00089918,45,45,0,0,0
S00089919,42,42,0,0,0
S00089920,64,52,12,12,0
S00089921,42,40,2,1,1
S00089922,42,41,1,0,1
S00089923,44,41,3,2,1
S00089924,45,42,3,2,1
S00089925,50,47,3,3,0
S00089926,50,49,1,0,1
S00089927,44,43,1,1,0
S00089928,52,50,2,1,1
S00089929,54,54,0,0,0
S00089930,47,41,6,6,0
S00089931,45,44,1,1,0
S00089932,50,50,0,0,0
S00089933,42,39,3,3,0
S00089934,42,39,3,2,1
S00089935,64,58,6,5,1
S00089936,45,41,4,2,2
S00089937,39,36,3,0,3
S00089938,60,58,2,1,1
S00089939,68,66,2,0,2
S00089940,57,55,2,0,2
S00089941,50,49,1,0,1
S00089942,42,39,3,0,3
S00089943,45,44,1,1,0
S00089944,51,47,4,2,2
S00089945,61,58,3,1,2
S00089946,64,62,2,0,2
S00089947,40,40,0,0,0
S00089948,72,71,1,0,1
S00089949,59,57,2,2,0
S00089950,54,53,1,0,1
S00089951,48,48,0,0,0
S00089952,63,57,6,3,3
S00089953,40,40,0,0,0
S00089954,67,67,0,0,0
S00089955,74,74,0,0,0
S00089956,49,48,1,0,1
S00089957,45,45,0,0,0
S00089958,43,43,0,0,0
S00089959,56,56,0,0,0
S00089960,38,38,0,0,0
S00089961,45,44,1,0,1
S00089962,58,55,3,2,1
S00089963,56,53,3,3,0
S00089964,73,72,1,0,1
S00089965,72,70,2,1,1
S00089966,69,68,1,0,1
S00089967,56,54,2,0,2
S00089968,42,41,1,0,1
S00089969,47,47,0,0,0
S00089970,42,42,0,0,0
S00089971,76,73,3,2,1
S00089972,44,43,1,1,0
S00089973,48,44,4,1,3
S00089974,44,41,3,2,1
S00089975,56,54,2,2,0
S00089976,49,46,3,3,0
S00089977,43,42,1,1,0
S00089978,67,67,0,0,0
S00089979,44,44,0,0,0
S00089980,49,49,0,0,0
S00089981,55,50,5,0,5
S00089982,48,45,3,1,2
S00089983,40,37,3,0,3
S00089984,50,47,3,2,1
S00089985,50,50,0,0,0
S00089986,51,50,1,0,1
S00089987,44,43,1,0,1
S00089988,50,49,1,0,1
S00089989,48,48,0,0,0
S00089990,42,42,0,0,0
S00089991,48,42,6,6,0
S00089992,59,59,0,0,0
S00089993,41,39,2,0,2
S00089994,46,44,2,2,0
S00089995,45,40,5,1,4
S00089996,26,24,2,0,2
S00089997,57,57,0,0,0
S00089998,88,75,13,5,8
S00089999,51,47,4,0,4
S00090000,45,44,1,0,1
S00090001,40,39,1,0,1
S00090002,60,60,0,0,0
S00090003,48,48,0,0,0
S00090004,34,34,0,0,0
S00090005,25,25,0,0,0
S00090006,44,44,0,0,0
S00090007,71,71,0,0,0
S00090008,53,53,0,0,0
S00090009,44,44,0,0,0
S00090010,39,38,1,0,1
S00090011,49,49,0,0,0
S00090012,56,54,2,0,2
S00090013,40,40,0,0,0
S00090014,56,55,1,0,1
S00090015,42,41,1,0,1
S00090016,50,50,0,0,0
S00090017,48,48,0,0,0
S00090018,52,50,2,2,0
S00090019,22,21,1,1,0
S00090020,26,26,0,0,0
S00090021,53,53,0,0,0
S00090022,46,46,0,0,0
S00090023,42,41,1,1,0
S00090024,54,54,0,0,0
S00090025,51,49,2,2,0
S00090026,30,29,1,0,1
S00090027,52,51,1,0,1
S00090028,52,52,0,0,0
S00090029,38,36,2,2,0
S00090030,40,40,0,0,0
S00090031,56,52,4,3,1
S00090032,46,43,3,0,3
S00090033,48,47,1,0,1
S00090034,49,48,1,0,1
S00090035,42,41,1,1,0
S00090036,49,48,1,1,0
S00090037,50,50,0,0,0
S00090038,43,42,1,0,1
S00090039,52,51,1,1,0
S00090040,64,64,0,0,0
S00090041,26,26,0,0,0
S00090042,50,50,0,0,0
S00090043,54,54,0,0,0
S00090044,53,53,0,0,0
S00090045,79,75,4,3,1
S00090046,64,39,25,0,25
S00090047,49,42,7,1,6
S00090048,53,48,5,0,5
S00090049,57,54,3,3,0
S00090050,54,46,8,6,2
S00090051,56,55,1,0,1
S00090052,44,44,0,0,0
S00090053,45,44,1,1,0
S00090054,63,58,5,4,1
S00090055,44,44,0,0,0
S00090056,36,35,1,0,1
S00090057,52,49,3,2,1
S00090058,56,49,7,2,5
S00090059,69,68,1,0,1
S00090060,51,50,1,1,0
S00090061,52,52,0,0,0
S00090062,45,43,2,0,2
S00090063,49,47,2,0,2
S00090064,77,74,3,0,3
S00090065,36,30,6,5,1
S00090066,30,29,1,0,1
S00090067,43,42,1,0,1
S00090068,44,43,1,0,1
S00090069,52,52,0,0,0
S00090070,79,79,0,0,0
S00090071,78,78,0,0,0
S00090072,76,72,4,1,3
S00090073,66,63,3,2,1
S00090074,78,74,4,2,2
S00090075,67,67,0,0,0
S00090076,85,83,2,0,2
S00090077,43,43,0,0,0
S00090078,77,76,1,0,1
S00090079,58,58,0,0,0
S00090080,54,53,1,0,1
S00090081,66,66,0,0,0
S00090082,44,43,1,0,1
S00090083,51,50,1,0,1
S00090084,88,86,2,1,1
S00090085,63,62,1,0,1
S00090086,57,55,2,1,1
S00090087,49,49,0,0,0
S00090088,46,46,0,0,0
S00090089,59,59,0,0,0
S00090090,20,20,0,0,0
S00090091,76,76,0,0,0
S00090092,35,35,0,0,0
S00090093,43,41,2,0,2
S00090094,53,53,0,0,0
S00090095,58,58,0,0,0
S00090096,49,48,1,1,0
S00090097,39,37,2,0,2
S00090098,56,56,0,0,0
S00090099,95,94,1,0,1
S00090100,58,58,0,0,0
S00090101,60,60,0,0,0
S00090102,42,42,0,0,0
S00090103,62,61,1,0,1
S00090104,48,46,2,2,0
S00090105,43,43,0,0,0
S00090106,66,65,1,0,1
S00090107,69,66,3,0,3
S00090108,53,52,1,0,1
S00090109,47,46,1,0,1
S00090110,54,54,0,0,0
S00090111,42,42,0,0,0
S00090112,75,74,1,1,0
S00090113,47,47,0,0,0
S00090114,47,47,0,0,0
S00090115,47,47,0,0,0
S00090116,55,55,0,0,0
S00090117,58,58,0,0,0
S00090118,65,64,1,0,1
S00090119,69,69,0,0,0
S00090120,52,52,0,0,0
S00090121,80,79,1,0,1
S00090122,59,58,1,0,1
S00090123,52,51,1,0,1
S00090124,71,70,1,0,1
S00090125,55,54,1,0,1
S00090126,74,73,1,0,1
S00090127,60,60,0,0,0
S00090128,42,42,0,0,0
S00090129,61,61,0,0,0
S00090130,68,67,1,0,1
S00090131,68,63,5,1,4
S00090132,59,59,0,0,0
S00090133,96,91,5,1,4
S00090134,60,59,1,0,1
S00090135,58,57,1,0,1
S00090136,62,61,1,0,1
S00090137,64,64,0,0,0
S00090138,46,44,2,0,2
S00090139,60,59,1,0,1
S00090140,41,41,0,0,0
S00090141,29,29,0,0,0
S00090142,58,58,0,0,0
S00090143,42,42,0,0,0
S00090144,45,45,0,0,0
S00090145,54,54,0,0,0
S00090146,50,50,0,0,0
S00090147,48,48,0,0,0
S00090148,40,40,0,0,0
S00090149,74,73,1,0,1
S00090150,49,48,1,1,0
S00090151,48,47,1,0,1
S00090152,48,48,0,0,0
S00090153,50,50,0,0,0
S00090154,45,45,0,0,0
S00090155,50,50,0,0,0
S00090156,41,41,0,0,0
S00090157,76,76,0,0,0
S00090158,41,41,0,0,0
S00090159,69,69,0,0,0
S00090160,58,58,0,0,0
S00090161,50,49,1,0,1
S00090162,59,59,0,0,0
S00090163,51,49,2,0,2
S00090164,57,57,0,0,0
S00090165,97,76,21,1,20
S00090166,69,62,7,3,4
S00090167,68,62,6,6,0
S00090168,46,45,1,1,0
S00090169,43,43,0,0,0
S00090170,48,48,0,0,0
S00090171,22,22,0,0,0
S00090172,56,56,0,0,0
S00090173,52,52,0,0,0
S00090174,67,67,0,0,0
S00090175,59,58,1,0,1
S00090176,33,30,3,1,2
S00090177,63,62,1,0,1
S00090178,66,66,0,0,0
S00090179,76,74,2,1,1
S00090180,76,72,4,1,3
S00090181,66,64,2,1,1
S00090182,63,61,2,1,1
S00090183,80,75,5,4,1
S00090184,53,50,3,3,0
S00090185,48,46,2,1,1
S00090186,63,62,1,0,1
S00090187,60,60,0,0,0
S00090188,42,41,1,0,1
S00090189,53,51,2,1,1
S00090190,85,83,2,1,1
S00090191,62,62,0,0,0
S00090192,42,40,2,1,1
S00090193,62,57,5,0,5
S00090194,44,41,3,1,2
S00090195,46,44,2,0,2
S00090196,49,49,0,0,0
S00090197,42,42,0,0,0
S00090198,53,52,1,0,1
S00090199,35,34,1,0,1
S00090200,45,45,0,0,0
S00090201,59,58,1,0,1
S00090202,72,71,1,1,0
S00090203,57,56,1,0,1
S00090204,58,58,0,0,0
S00090205,54,48,6,5,1
S00090206,41,41,0,0,0
S00090207,46,46,0,0,0
S00090208,49,49,0,0,0
S00090209,41,41,0,0,0
S00090210,36,35,1,0,1
S00090211,54,50,4,4,0
S00090212,26,26,0,0,0
S00090213,31,31,0,0,0
S00090214,48,48,0,0,0
S00090215,58,57,1,0,1
S00090216,42,42,0,0,0
S00090217,41,39,2,0,2
S00090218,49,47,2,0,2
S00090219,51,50,1,0,1
S00090220,37,36,1,0,1
S00090221,63,61,2,0,2
S00090222,75,75,0,0,0
S00090223,76,75,1,0,1
S00090224,59,59,0,0,0
S00090225,26,26,0,0,0
S00090226,52,52,0,0,0
S00090227,76,76,0,0,0
S00090228,74,73,1,0,1
S00090229,95,94,1,1,0
S00090230,49,48,1,1,0
S00090231,57,57,0,0,0
S00090232,47,47,0,0,0
S00090233,36,35,1,0,1
S00090234,45,43,2,2,0
S00090235,61,57,4,2,2
S00090236,46,46,0,0,0
S00090237,46,46,0,0,0
S00090238,44,42,2,1,1
S00090239,49,49,0,0,0
S00090240,53,53,0,0,0
S00090241,69,67,2,0,2
S00090242,62,59,3,3,0
S00090243,44,42,2,0,2
S00090244,38,38,0,0,0
S00090245,68,68,0,0,0
S00090246,30,29,1,0,1
S00090247,51,51,0,0,0
S00090248,31,30,1,0,1
S00090249,98,93,5,1,4
S00090250,55,53,2,0,2
S00090251,69,67,2,0,2
S00090252,74,72,2,1,1
S00090253,79,79,0,0,0
S00090254,64,63,1,0,1
S00090255,74,68,6,1,5
S00090256,73,73,0,0,0
S00090257,63,63,0,0,0
S00090258,83,79,4,4,0
S00090259,57,48,9,8,1
S00090260,55,55,0,0,0
S00090261,44,44,0,0,0
S00090262,35,35,0,0,0
S00090263,65,65,0,0,0
S00090264,58,56,2,0,2
S00090265,61,61,0,0,0
S00090266,45,45,0,0,0
S00090267,41,38,3,1,2
S00090268,47,47,0,0,0
S00090269,53,52,1,0,1
S00090270,54,53,1,0,1
S00090271,70,67,3,1,2
S00090272,45,44,1,1,0
S00090273,46,46,0,0,0
S00090274,34,34,0,0,0
S00090275,31,31,0,0,0
S00090276,48,48,0,0,0
S00090277,59,59,0,0,0
S00090278,61,58,3,0,3
S00090279,77,76,1,0,1
S00090280,43,43,0,0,0
S00090281,51,51,0,0,0
S00090282,47,46,1,0,1
S00090283,55,55,0,0,0
S00090284,47,47,0,0,0
S00090285,57,51,6,1,5
S00090286,57,54,3,1,2
S00090287,60,56,4,0,4
S00090288,76,76,0,0,0
S00090289,51,45,6,6,0
S00090290,42,42,0,0,0
S00090291,46,44,2,0,2
S00090292,38,36,2,0,2
S00090293,56,53,3,0,3
S00090294,51,51,0,0,0
S00090295,58,58,0,0,0
S00090296,49,48,1,0,1
S00090297,61,61,0,0,0
S00090298,42,41,1,0,1
S00090299,48,48,0,0,0
S00090300,53,51,2,1,1
S00090301,39,38,1,0,1
S00090302,40,40,0,0,0
S00090303,65,60,5,0,5
S00090304,65,64,1,0,1
S00090305,69,67,2,0,2
S00090306,64,61,3,2,1
S00090307,55,53,2,0,2
S00090308,48,48,0,0,0
S00090309,49,47,2,0,2
S00090310,53,53,0,0,0
S00090311,63,62,1,0,1
S00090312,41,40,1,0,1
S00090313,72,70,2,0,2
S00090314,102,75,27,0,27
S00090315,35,33,2,0,2
S00090316,73,73,0,0,0
S00090317,78,73,5,1,4
S00090318,85,84,1,0,1
S00090319,36,33,3,2,1
S00090320,35,34,1,0,1
S00090321,46,46,0,0,0
S00090322,54,51,3,1,2
S00090323,38,37,1,0,1
S00090324,36,35,1,0,1
S00090325,42,42,0,0,0
S00090326,41,40,1,0,1
S00090327,48,40,8,1,7
S00090328,26,24,2,0,2
S00090329,58,55,3,1,2
S00090330,30,27,3,0,3
S00090331,66,62,4,1,3
S00090332,65,63,2,1,1
S00090333,60,58,2,0,2
S00090334,22,21,1,0,1
S00090335,25,23,2,0,2
S00090336,59,59,0,0,0
S00090337,62,60,2,0,2
S00090338,28,26,2,0,2
S00090339,24,21,3,3,0
S00090340,40,40,0,0,0
S00090341,27,27,0,0,0
S00090342,28,27,1,1,0
S00090343,46,45,1,1,0
S00090344,29,26,3,3,0
S00090345,71,59,12,11,1
S00090346,41,40,1,0,1
S00090347,63,55,8,4,4
S00090348,55,54,1,0,1
S00090349,36,36,0,0,0
S00090350,36,35,1,1,0
S00090351,26,25,1,0,1
S00090352,40,40,0,0,0
S00090353,27,27,0,0,0
S00090354,74,73,1,0,1
S00090355,29,29,0,0,0
S00090356,40,40,0,0,0
S00090357,71,71,0,0,0
S00090358,54,54,0,0,0
S00090359,49,45,4,0,4
S00090360,43,43,0,0,0
S00090361,36,36,0,0,0
S00090362,25,24,1,0,1
S00090363,51,47,4,1,3
S00090364,42,39,3,1,2
S00090365,53,52,1,0,1
S00090366,30,30,0,0,0
S00090367,29,27,2,1,1
S00090368,28,24,4,2,2
S00090369,71,67,4,1,3
S00090370,62,59,3,2,1
S00090371,67,62,5,3,2
S00090372,33,33,0,0,0
S00090373,29,27,2,1,1
S00090374,52,51,1,0,1
S00090375,23,23,0,0,0
S00090376,48,48,0,0,0
S00090377,52,49,3,1,2
S00090378,50,48,2,0,2
S00090379,36,36,0,0,0
S00090380,34,31,3,3,0
S00090381,40,40,0,0,0
S00090382,23,22,1,0,1
S00090383,46,45,1,0,1
S00090384,26,26,0,0,0
S00090385,80,76,4,2,2
S00090386,31,31,0,0,0
S00090387,32,29,3,1,2
S00090388,74,73,1,0,1
S00090389,46,46,0,0,0
S00090390,35,33,2,0,2
S00090391,42,42,0,0,0
S00090392,47,47,0,0,0
S00090393,46,46,0,0,0
S00090394,39,36,3,1,2
S00090395,43,39,4,1,3
S00090396,39,37,2,1,1
S00090397,45,44,1,0,1
S00090398,41,41,0,0,0
S00090399,65,63,2,0,2
S00090400,59,53,6,0,6
S00090401,37,34,3,1,2
S00090402,53,52,1,1,0
S00090403,54,53,1,0,1
S00090404,74,72,2,0,2
S00090405,53,51,2,0,2
S00090406,46,45,1,0,1
S00090407,62,62,0,0,0
S00090408,42,41,1,1,0
S00090409,48,47,1,0,1
S00090410,48,44,4,4,0
S00090411,43,40,3,3,0
S00090412,48,44,4,2,2
S00090413,36,34,2,0,2
S00090414,57,56,1,0,1
S00090415,70,67,3,0,3
S00090416,53,51,2,1,1
S00090417,30,29,1,1,0
S00090418,22,22,0,0,0
S00090419,47,47,0,0,0
S00090420,51,46,5,0,5
S00090421,64,63,1,0,1
S00090422,38,38,0,0,0
S00090423,56,55,1,0,1
S00090424,29,29,0,0,0
S00090425,50,50,0,0,0
S00090426,39,37,2,1,1
S00090427,32,31,1,0,1
S00090428,72,69,3,0,3
S00090429,44,44,0,0,0
S00090430,39,37,2,0,2
S00090431,48,46,2,0,2
S00090432,24,23,1,0,1
S00090433,45,43,2,0,2
S00090434,32,32,0,0,0
S00090435,57,38,19,11,8
S00090436,66,62,4,1,3
S00090437,81,79,2,0,2
S00090438,40,34,6,4,2
S00090439,39,37,2,0,2
S00090440,57,55,2,0,2
S00090441,77,72,5,4,1
S00090442,65,64,1,0,1
S00090443,45,44,1,0,1
S00090444,38,38,0,0,0
S00090445,50,47,3,1,2
S00090446,42,39,3,1,2
S00090447,66,66,0,0,0
S00090448,37,35,2,1,1
S00090449,55,47,8,4,4
S00090450,48,46,2,0,2
S00090451,36,35,1,1,0
S00090452,47,44,3,3,0
S00090453,22,22,0,0,0
S00090454,96,82,14,10,4
S00090455,42,34,8,8,0
S00090456,28,20,8,7,1
S00090457,30,24,6,5,1
S00090458,42,40,2,2,0
S00090459,48,45,3,0,3
S00090460,61,59,2,2,0
S00090461,35,35,0,0,0
S00090462,74,70,4,2,2
S00090463,42,36,6,6,0
S00090464,30,29,1,1,0
S00090465,65,59,6,4,2
S00090466,38,33,5,5,0
S00090467,52,50,2,2,0
S00090468,74,72,2,1,1
S00090469,58,56,2,1,1
S00090470,48,47,1,0,1
S00090471,59,58,1,0,1
S00090472,60,56,4,3,1
S00090473,48,48,0,0,0
S00090474,58,54,4,3,1
S00090475,54,47,7,4,3
S00090476,54,51,3,3,0
S00090477,57,55,2,0,2
S00090478,66,64,2,2,0
S00090479,96,94,2,0,2
S00090480,56,56,0,0,0
S00090481,48,48,0,0,0
S00090482,58,55,3,0,3
S00090483,47,39,8,6,2
S00090484,60,60,0,0,0
S00090485,36,32,4,4,0
S00090486,48,48,0,0,0
S00090487,47,41,6,5,1
S00090488,52,49,3,3,0
S00090489,33,32,1,1,0
S00090490,73,71,2,0,2
S00090491,26,24,2,1,1
S00090492,40,40,0,0,0
S00090493,65,62,3,3,0
S00090494,39,37,2,0,2
S00090495,43,43,0,0,0
S00090496,85,84,1,0,1
S00090497,53,52,1,1,0
S00090498,53,50,3,1,2
S00090499,61,61,0,0,0
S00090500,39,39,0,0,0
S00090501,66,65,1,1,0
S00090502,29,29,0,0,0
S00090503,34,32,2,2,0
S00090504,64,64,0,0,0
S00090505,50,50,0,0,0
S00090506,37,37,0,0,0
S00090507,86,83,3,2,1
S00090508,46,46,0,0,0
S00090509,62,59,3,1,2
S00090510,38,36,2,0,2
S00090511,45,43,2,2,0
S00090512,41,39,2,0,2
S00090513,71,63,8,8,0
S00090514,71,60,11,11,0
S00090515,74,63,11,4,7
S00090516,75,71,4,3,1
S00090517,63,62,1,0,1
S00090518,55,55,0,0,0
S00090519,58,56,2,1,1
S00090520,76,74,2,0,2
S00090521,46,42,4,0,4
S00090522,54,52,2,0,2
S00090523,83,76,7,7,0
S00090524,62,61,1,0,1
S00090525,54,51,3,1,2
S00090526,52,50,2,0,2
S00090527,93,75,18,17,1
S00090528,80,74,6,5,1
S00090529,60,59,1,0,1
S00090530,65,53,12,11,1
S00090531,64,64,0,0,0
S00090532,48,48,0,0,0
S00090533,32,32,0,0,0
S00090534,59,49,10,9,1
S00090535,42,41,1,0,1
S00090536,42,39,3,3,0
S00090537,72,67,5,5,0
S00090538,78,70,8,3,5
S00090539,73,70,3,0,3
S00090540,59,55,4,0,4
S00090541,72,62,10,8,2
S00090542,31,31,0,0,0
S00090543,61,59,2,1,1
S00090544,50,48,2,2,0
S00090545,51,46,5,4,1
S00090546,90,84,6,0,6
S00090547,30,30,0,0,0
S00090548,43,42,1,0,1
S00090549,30,29,1,1,0
S00090550,63,54,9,8,1
S00090551,69,53,16,15,1
S00090552,56,56,0,0,0
S00090553,106,105,1,1,0
S00090554,50,49,1,0,1
S00090555,28,26,2,2,0
S00090556,60,58,2,1,1
S00090557,42,39,3,2,1
S00090558,61,55,6,4,2
S00090559,48,47,1,0,1
S00090560,70,70,0,0,0
S00090561,86,84,2,0,2
S00090562,96,82,14,8,6
S00090563,51,46,5,4,1
S00090564,67,65,2,0,2
S00090565,43,43,0,0,0
S00090566,44,43,1,0,1
S00090567,71,59,12,11,1
S00090568,42,40,2,2,0
S00090569,35,32,3,2,1
S00090570,63,61,2,0,2
S00090571,38,36,2,0,2
S00090572,67,61,6,2,4
S00090573,61,51,10,0,10
S00090574,52,47,5,0,5
S00090575,77,68,9,5,4
S00090576,61,53,8,8,0
S00090577,77,71,6,5,1
S00090578,48,39,9,9,0
S00090579,49,48,1,0,1
S00090580,67,65,2,0,2
S00090581,57,55,2,0,2
S00090582,81,76,5,3,2
S00090583,35,30,5,1,4
S00090584,45,41,4,2,2
S00090585,56,55,1,1,0
S00090586,58,54,4,1,3
S00090587,42,42,0,0,0
S00090588,44,41,3,0,3
S00090589,49,49,0,0,0
S00090590,57,57,0,0,0
S00090591,56,55,1,0,1
S00090592,48,47,1,1,0
S00090593,38,37,1,1,0
S00090594,91,84,7,3,4
S00090595,40,35,5,5,0
S00090596,91,81,10,9,1
S00090597,75,71,4,2,2
S00090598,75,62,13,13,0
S00090599,66,66,0,0,0
S00090600,38,38,0,0,0
S00090601,56,56,0,0,0
S00090602,36,35,1,1,0
S00090603,48,43,5,5,0
S00090604,54,46,8,2,6
S00090605,36,36,0,0,0
S00090606,52,52,0,0,0
S00090607,65,65,0,0,0
S00090608,29,28,1,0,1
S00090609,70,69,1,0,1
S00090610,30,30,0,0,0
S00090611,46,45,1,0,1
S00090612,38,38,0,0,0
S00090613,38,37,1,1,0
S00090614,48,46,2,2,0
S00090615,65,63,2,1,1
S00090616,42,42,0,0,0
S00090617,44,44,0,0,0
S00090618,53,51,2,0,2
S00090619,50,50,0,0,0
S00090620,78,74,4,3,1
S00090621,63,62,1,0,1
S00090622,71,71,0,0,0
S00090623,37,35,2,0,2
S00090624,61,59,2,0,2
S00090625,41,39,2,0,2
S00090626,55,53,2,0,2
S00090627,32,31,1,1,0
S00090628,58,54,4,2,2
S00090629,73,72,1,1,0
S00090630,40,40,0,0,0
S00090631,54,54,0,0,0
S00090632,66,59,7,1,6
S00090633,59,59,0,0,0
S00090634,60,57,3,0,3
S00090635,59,59,0,0,0
S00090636,69,65,4,0,4
S00090637,46,45,1,0,1
S00090638,87,75,12,5,7
S00090639,43,38,5,3,2
S00090640,40,38,2,0,2
S00090641,70,64,6,6,0
S00090642,77,75,2,0,2
S00090643,77,74,3,0,3
S00090644,38,38,0,0,0
S00090645,37,36,1,0,1
S00090646,43,42,1,0,1
S00090647,47,47,0,0,0
S00090648,54,52,2,1,1
S00090649,36,36,0,0,0
S00090650,73,73,0,0,0
S00090651,84,76,8,1,7
S00090652,57,56,1,0,1
S00090653,71,67,4,1,3
S00090654,69,68,1,0,1
S00090655,56,55,1,0,1
S00090656,68,54,14,13,1
S00090657,84,76,8,4,4
S00090658,102,97,5,1,4
S00090659,60,58,2,2,0
S00090660,34,33,1,1,0
S00090661,52,50,2,2,0
S00090662,48,46,2,1,1
S00090663,62,60,2,0,2
S00090664,97,96,1,1,0
S00090665,40,40,0,0,0
S00090666,49,46,3,1,2
S00090667,64,61,3,1,2
S00090668,60,60,0,0,0
S00090669,36,36,0,0,0
S00090670,85,74,11,1,10
S00090671,58,58,0,0,0
S00090672,60,57,3,3,0
S00090673,62,58,4,1,3
S00090674,50,50,0,0,0
S00090675,48,47,1,1,0
S00090676,62,60,2,0,2
S00090677,56,51,5,0,5
S00090678,76,67,9,9,0
S00090679,106,105,1,0,1
S00090680,28,26,2,0,2
S00090681,54,53,1,0,1
S00090682,65,57,8,8,0
S00090683,50,49,1,0,1
S00090684,69,67,2,0,2
S00090685,84,59,25,0,25
S00090686,32,30,2,0,2
S00090687,51,49,2,0,2
S00090688,53,51,2,0,2
S00090689,95,92,3,0,3
S00090690,59,56,3,0,3
S00090691,41,39,2,0,2
S00090692,83,83,0,0,0
S00090693,72,71,1,1,0
S00090694,78,75,3,1,2
S00090695,66,65,1,1,0
S00090696,73,70,3,1,2
S00090697,50,49,1,0,1
S00090698,60,55,5,5,0
S00090699,52,48,4,3,1
S00090700,60,43,17,16,1
S00090701,75,70,5,4,1
S00090702,52,52,0,0,0
S00090703,29,28,1,0,1
S00090704,59,59,0,0,0
S00090705,73,70,3,1,2
S00090706,36,32,4,1,3
S00090707,53,52,1,1,0
S00090708,53,50,3,0,3
S00090709,36,35,1,1,0
S00090710,69,69,0,0,0
S00090711,43,42,1,0,1
S00090712,102,92,10,7,3
S00090713,50,46,4,4,0
S00090714,37,35,2,1,1
S00090715,40,39,1,1,0
S00090716,84,82,2,0,2
S00090717,40,38,2,2,0
S00090718,61,45,16,14,2
S00090719,74,70,4,4,0
S00090720,41,39,2,2,0
S00090721,82,77,5,3,2
S00090722,40,40,0,0,0
S00090723,46,45,1,0,1
S00090724,63,40,23,0,23
S00090725,54,54,0,0,0
S00090726,42,37,5,5,0
S00090727,38,31,7,7,0
S00090728,63,61,2,0,2
S00090729,52,52,0,0,0
S00090730,67,66,1,1,0
S00090731,51,51,0,0,0
S00090732,71,68,3,0,3
S00090733,44,39,5,4,1
S00090734,69,68,1,0,1
S00090735,42,41,1,0,1
S00090736,44,44,0,0,0
S00090737,62,62,0,0,0
S00090738,50,50,0,0,0
S00090739,55,53,2,1,1
S00090740,39,39,0,0,0
S00090741,35,35,0,0,0
S00090742,72,70,2,1,1
S00090743,56,52,4,4,0
S00090744,58,51,7,7,0
S00090745,42,41,1,0,1
S00090746,81,73,8,7,1
S00090747,45,43,2,0,2
S00090748,45,44,1,1,0
S00090749,58,57,1,0,1
S00090750,59,56,3,1,2
S00090751,80,80,0,0,0
S00090752,31,28,3,1,2
S00090753,58,52,6,2,4
S00090754,46,44,2,2,0
S00090755,38,37,1,0,1
S00090756,39,38,1,0,1
S00090757,50,48,2,2,0
S00090758,55,55,0,0,0
S00090759,40,38,2,1,1
S00090760,71,67,4,1,3
S00090761,73,72,1,0,1
S00090762,48,47,1,1,0
S00090763,39,38,1,0,1
S00090764,47,45,2,1,1
S00090765,47,45,2,0,2
S00090766,51,46,5,1,4
S00090767,55,52,3,1,2
S00090768,34,31,3,3,0
S00090769,66,65,1,1,0
S00090770,49,47,2,0,2
S00090771,61,58,3,0,3
S00090772,48,47,1,0,1
S00090773,46,41,5,3,2
S00090774,62,53,9,9,0
S00090775,46,44,2,2,0
S00090776,50,50,0,0,0
S00090777,46,46,0,0,0
S00090778,38,37,1,0,1
S00090779,48,44,4,3,1
S00090780,78,76,2,0,2
S00090781,50,50,0,0,0
S00090782,72,70,2,1,1
S00090783,51,51,0,0,0
S00090784,55,55,0,0,0
S00090785,35,34,1,0,1
S00090786,53,50,3,3,0
S00090787,48,46,2,1,1
S00090788,38,35,3,2,1
S00090789,47,47,0,0,0
S00090790,36,36,0,0,0
S00090791,31,31,0,0,0
S00090792,65,64,1,1,0
S00090793,47,47,0,0,0
S00090794,64,63,1,0,1
S00090795,30,29,1,0,1
S00090796,46,43,3,2,1
S00090797,75,72,3,2,1
S00090798,23,23,0,0,0
S00090799,33,32,1,1,0
S00090800,36,36,0,0,0
S00090801,36,36,0,0,0
S00090802,64,62,2,0,2
S00090803,70,69,1,1,0
S00090804,56,55,1,0,1
S00090805,63,60,3,3,0
S00090806,66,59,7,2,5
S00090807,52,51,1,1,0
S00090808,51,51,0,0,0
S00090809,32,32,0,0,0
S00090810,49,48,1,1,0
S00090811,59,59,0,0,0
S00090812,78,77,1,0,1
S00090813,26,26,0,0,0
S00090814,41,41,0,0,0
S00090815,52,46,6,0,6
S00090816,84,84,0,0,0
S00090817,35,35,0,0,0
S00090818,58,56,2,0,2
S00090819,37,37,0,0,0
S00090820,65,63,2,0,2
S00090821,50,50,0,0,0
S00090822,45,44,1,0,1
S00090823,49,49,0,0,0
S00090824,51,51,0,0,0
S00090825,89,87,2,0,2
S00090826,42,42,0,0,0
S00090827,56,55,1,1,0
S00090828,43,43,0,0,0
S00090829,48,48,0,0,0
S00090830,42,40,2,0,2
S00090831,58,57,1,0,1
S00090832,26,25,1,1,0
S00090833,38,38,0,0,0
S00090834,35,35,0,0,0
S00090835,59,54,5,1,4
S00090836,39,36,3,2,1
S00090837,83,77,6,6,0
S00090838,76,61,15,0,15
S00090839,44,44,0,0,0
S00090840,67,64,3,0,3
S00090841,59,59,0,0,0
S00090842,24,24,0,0,0
S00090843,70,69,1,0,1
S00090844,44,44,0,0,0
S00090845,50,50,0,0,0
S00090846,73,73,0,0,0
S00090847,42,42,0,0,0
S00090848,49,49,0,0,0
S00090849,52,52,0,0,0
S00090850,60,56,4,2,2
S00090851,48,48,0,0,0
S00090852,56,54,2,0,2
S00090853,44,44,0,0,0
S00090854,38,38,0,0,0
S00090855,101,100,1,0,1
S00090856,59,56,3,2,1
S00090857,34,33,1,1,0
S00090858,54,52,2,1,1
S00090859,50,49,1,0,1
S00090860,27,26,1,0,1
S00090861,28,26,2,2,0
S00090862,56,56,0,0,0
S00090863,67,67,0,0,0
S00090864,51,51,0,0,0
S00090865,58,57,1,0,1
S00090866,70,70,0,0,0
S00090867,59,59,0,0,0
S00090868,34,34,0,0,0
S00090869,47,47,0,0,0
S00090870,51,51,0,0,0
S00090871,44,43,1,1,0
S00090872,22,22,0,0,0
S00090873,38,38,0,0,0
S00090874,36,36,0,0,0
S00090875,54,50,4,3,1
S00090876,91,90,1,0,1
S00090877,33,32,1,0,1
S00090878,54,53,1,0,1
S00090879,51,51,0,0,0
S00090880,35,35,0,0,0
S00090881,34,33,1,0,1
S00090882,59,57,2,0,2
S00090883,90,87,3,0,3
S00090884,72,72,0,0,0
S00090885,52,52,0,0,0
S00090886,68,66,2,0,2
S00090887,55,55,0,0,0
S00090888,54,49,5,0,5
S00090889,64,61,3,0,3
S00090890,42,41,1,0,1
S00090891,84,84,0,0,0
S00090892,42,39,3,0,3
S00090893,45,45,0,0,0
S00090894,58,58,0,0,0
S00090895,40,40,0,0,0
S00090896,52,52,0,0,0
S00090897,36,36,0,0,0
S00090898,41,40,1,0,1
S00090899,81,80,1,1,0
S00090900,60,60,0,0,0
S00090901,53,51,2,0,2
S00090902,46,44,2,0,2
S00090903,26,26,0,0,0
S00090904,117,110,7,5,2
S00090905,46,45,1,1,0
S00090906,44,44,0,0,0
S00090907,38,38,0,0,0
S00090908,57,54,3,0,3
S00090909,62,62,0,0,0
S00090910,55,53,2,0,2
S00090911,60,51,9,0,9
S00090912,48,48,0,0,0
S00090913,34,34,0,0,0
S00090914,65,65,0,0,0
S00090915,43,43,0,0,0
S00090916,73,73,0,0,0
S00090917,32,32,0,0,0
S00090918,37,35,2,1,1
S00090919,70,68,2,1,1
S00090920,44,44,0,0,0
S00090921,78,75,3,1,2
S00090922,53,52,1,0,1
S00090923,64,62,2,0,2
S00090924,71,70,1,0,1
S00090925,46,42,4,1,3
S00090926,35,35,0,0,0
S00090927,43,43,0,0,0
S00090928,48,46,2,1,1
S00090929,54,53,1,0,1
S00090930,52,52,0,0,0
S00090931,73,72,1,0,1
S00090932,40,40,0,0,0
S00090933,56,56,0,0,0
S00090934,66,66,0,0,0
S00090935,50,49,1,0,1
S00090936,59,58,1,0,1
S00090937,62,60,2,0,2
S00090938,56,54,2,0,2
S00090939,45,42,3,0,3
S00090940,23,23,0,0,0
S00090941,51,50,1,1,0
S00090942,48,48,0,0,0
S00090943,49,49,0,0,0
S00090944,38,38,0,0,0
S00090945,41,40,1,0,1
S00090946,54,54,0,0,0
S00090947,30,30,0,0,0
S00090948,33,33,0,0,0
S00090949,51,46,5,0,5
S00090950,65,58,7,6,1
S00090951,66,56,10,2,8
S00090952,58,52,6,3,3
S00090953,77,71,6,4,2
S00090954,65,58,7,4,3
S00090955,98,53,45,38,7
S00090956,41,38,3,3,0
S00090957,46,42,4,4,0
S00090958,76,70,6,6,0
S00090959,54,53,1,0,1
S00090960,50,46,4,2,2
S00090961,34,32,2,1,1
S00090962,72,70,2,0,2
S00090963,47,41,6,2,4
S00090964,44,41,3,2,1
S00090965,78,75,3,2,1
S00090966,29,27,2,2,0
S00090967,41,39,2,2,0
S00090968,37,35,2,0,2
S00090969,51,47,4,0,4
S00090970,81,60,21,18,3
S00090971,53,52,1,1,0
S00090972,38,35,3,1,2
S00090973,41,41,0,0,0
S00090974,48,42,6,0,6
S00090975,80,74,6,0,6
S00090976,37,37,0,0,0
S00090977,73,67,6,1,5
S00090978,69,66,3,0,3
S00090979,77,75,2,1,1
S00090980,77,73,4,0,4
S00090981,29,27,2,0,2
S00090982,60,56,4,1,3
S00090983,47,45,2,0,2
S00090984,56,56,0,0,0
S00090985,47,46,1,0,1
S00090986,39,35,4,0,4
S00090987,36,36,0,0,0
S00090988,55,55,0,0,0
S00090989,80,79,1,0,1
S00090990,26,26,0,0,0
S00090991,76,74,2,0,2
S00090992,73,70,3,0,3
S00090993,61,54,7,0,7
S00090994,71,69,2,0,2
S00090995,60,59,1,0,1
S00090996,75,72,3,3,0
S00090997,80,75,5,0,5
S00090998,42,39,3,0,3
S00090999,77,74,3,0,3
S00091000,73,71,2,1,1
S00091001,56,55,1,0,1
S00091002,66,66,0,0,0
S00091003,58,56,2,0,2
S00091004,54,52,2,0,2
S00091005,67,63,4,0,4
S00091006,44,44,0,0,0
S00091007,57,55,2,0,2
S00091008,30,27,3,1,2
S00091009,42,41,1,0,1
S00091010,40,38,2,1,1
S00091011,38,37,1,0,1
S00091012,38,31,7,6,1
S00091013,52,47,5,4,1
S00091014,47,43,4,0,4
S00091015,52,50,2,0,2
S00091016,34,31,3,0,3
S00091017,41,37,4,0,4
S00091018,30,27,3,1,2
S00091019,42,40,2,0,2
S00091020,39,38,1,0,1
S00091021,40,38,2,0,2
S00091022,21,21,0,0,0
S00091023,38,35,3,0,3
S00091024,70,68,2,0,2
S00091025,29,29,0,0,0
S00091026,48,46,2,0,2
S00091027,55,52,3,1,2
S00091028,67,64,3,0,3
S00091029,54,53,1,1,0
S00091030,42,39,3,0,3
S00091031,46,44,2,0,2
S00091032,67,62,5,1,4
S00091033,44,39,5,0,5
S00091034,43,39,4,1,3
S00091035,25,24,1,0,1
S00091036,61,56,5,0,5
S00091037,67,67,0,0,0
S00091038,60,58,2,0,2
S00091039,79,77,2,0,2
S00091040,68,68,0,0,0
S00091041,44,43,1,0,1
S00091042,42,39,3,0,3
S00091043,62,59,3,1,2
S00091044,54,52,2,0,2
S00091045,74,68,6,2,4
S00091046,53,52,1,1,0
S00091047,65,61,4,0,4
S00091048,36,32,4,0,4
S00091049,61,57,4,1,3
S00091050,53,52,1,0,1
S00091051,30,26,4,2,2
S00091052,56,52,4,1,3
S00091053,66,61,5,2,3
S00091054,78,76,2,1,1
S00091055,40,40,0,0,0
S00091056,58,52,6,4,2
S00091057,68,66,2,0,2
S00091058,63,60,3,0,3
S00091059,79,77,2,1,1
S00091060,26,26,0,0,0
S00091061,69,69,0,0,0
S00091062,59,56,3,0,3
S00091063,53,49,4,3,1
S00091064,47,46,1,1,0
S00091065,48,46,2,0,2
S00091066,43,42,1,0,1
S00091067,57,55,2,0,2
S00091068,62,62,0,0,0
S00091069,47,47,0,0,0
S00091070,45,45,0,0,0
S00091071,29,27,2,2,0
S00091072,42,40,2,0,2
S00091073,58,57,1,0,1
S00091074,73,70,3,1,2
S00091075,28,26,2,0,2
S00091076,26,26,0,0,0
S00091077,64,63,1,0,1
S00091078,28,28,0,0,0
S00091079,34,34,0,0,0
S00091080,30,30,0,0,0
S00091081,70,68,2,2,0
S00091082,65,60,5,0,5
S00091083,52,51,1,0,1
S00091084,21,21,0,0,0
S00091085,33,31,2,0,2
S00091086,25,23,2,0,2
S00091087,43,42,1,0,1
S00091088,57,55,2,0,2
S00091089,57,53,4,0,4
S00091090,62,59,3,0,3
S00091091,57,55,2,0,2
S00091092,74,73,1,0,1
S00091093,57,49,8,1,7
S00091094,44,44,0,0,0
S00091095,34,33,1,0,1
S00091096,68,62,6,0,6
S00091097,24,24,0,0,0
S00091098,29,25,4,4,0
S00091099,36,34,2,0,2
S00091100,58,56,2,1,1
S00091101,49,47,2,1,1
S00091102,38,37,1,0,1
S00091103,54,52,2,0,2
S00091104,32,32,0,0,0
S00091105,62,57,5,0,5
S00091106,56,52,4,0,4
S00091107,60,58,2,0,2
S00091108,64,60,4,1,3
S00091109,61,58,3,0,3
S00091110,74,67,7,3,4
S00091111,48,46,2,0,2
S00091112,46,43,3,0,3
S00091113,62,62,0,0,0
S00091114,48,48,0,0,0
S00091115,57,55,2,2,0
S00091116,45,44,1,0,1
S00091117,48,47,1,0,1
S00091118,71,65,6,1,5
S00091119,66,64,2,0,2
S00091120,65,63,2,0,2
S00091121,50,49,1,0,1
S00091122,67,64,3,0,3
S00091123,47,47,0,0,0
S00091124,65,62,3,0,3
S00091125,47,46,1,0,1
S00091126,81,79,2,0,2
S00091127,38,37,1,0,1
S00091128,41,41,0,0,0
S00091129,38,38,0,0,0
S00091130,53,52,1,0,1
S00091131,70,68,2,0,2
S00091132,51,47,4,0,4
S00091133,43,42,1,1,0
S00091134,40,39,1,1,0
S00091135,48,45,3,1,2
S00091136,78,71,7,2,5
S00091137,75,71,4,2,2
S00091138,34,34,0,0,0
S00091139,37,31,6,1,5
S00091140,60,57,3,1,2
S00091141,28,24,4,0,4
S00091142,45,44,1,0,1
S00091143,72,56,16,16,0
S00091144,77,62,15,14,1
S00091145,84,76,8,7,1
S00091146,59,53,6,5,1
S00091147,54,49,5,3,2
S00091148,56,53,3,2,1
S00091149,65,61,4,4,0
S00091150,49,47,2,1,1
S00091151,64,63,1,1,0
S00091152,62,61,1,1,0
S00091153,43,42,1,0,1
S00091154,48,46,2,2,0
S00091155,45,40,5,5,0
S00091156,42,39,3,2,1
S00091157,63,60,3,0,3
S00091158,59,55,4,0,4
S00091159,35,35,0,0,0
S00091160,64,60,4,0,4
S00091161,60,57,3,0,3
S00091162,66,61,5,1,4
S00091163,58,52,6,0,6
S00091164,43,43,0,0,0
S00091165,73,72,1,0,1
S00091166,60,56,4,2,2
S00091167,37,37,0,0,0
S00091168,55,51,4,4,0
S00091169,34,31,3,0,3
S00091170,80,76,4,0,4
S00091171,58,56,2,0,2
S00091172,25,24,1,0,1
S00091173,60,56,4,0,4
S00091174,42,42,0,0,0
S00091175,58,58,0,0,0
S00091176,53,49,4,1,3
S00091177,44,44,0,0,0
S00091178,73,68,5,0,5
S00091179,26,25,1,0,1
S00091180,28,27,1,0,1
S00091181,62,59,3,0,3
S00091182,54,53,1,0,1
S00091183,43,41,2,2,0
S00091184,61,59,2,2,0
S00091185,55,50,5,5,0
S00091186,65,54,11,11,0
S00091187,65,56,9,8,1
S00091188,68,67,1,1,0
S00091189,52,52,0,0,0
S00091190,52,47,5,5,0
S00091191,76,68,8,7,1
S00091192,65,63,2,0,2
S00091193,54,51,3,0,3
S00091194,51,47,4,4,0
S00091195,51,47,4,1,3
S00091196,61,54,7,2,5
S00091197,63,61,2,1,1
S00091198,67,63,4,0,4
S00091199,66,61,5,1,4
S00091200,61,56,5,3,2
S00091201,52,48,4,1,3
S00091202,62,57,5,2,3
S00091203,49,48,1,1,0
S00091204,53,50,3,2,1
S00091205,51,46,5,1,4
S00091206,40,36,4,1,3
S00091207,59,50,9,5,4
S00091208,48,44,4,1,3
S00091209,78,75,3,1,2
S00091210,67,64,3,1,2
S00091211,65,64,1,0,1
S00091212,51,50,1,0,1
S00091213,78,76,2,0,2
S00091214,33,32,1,1,0
S00091215,51,48,3,0,3
S00091216,56,54,2,2,0
S00091217,65,61,4,0,4
S00091218,68,65,3,0,3
S00091219,40,39,1,0,1
S00091220,48,47,1,0,1
S00091221,27,27,0,0,0
S00091222,60,57,3,0,3
S00091223,74,70,4,1,3
S00091224,52,49,3,0,3
S00091225,39,39,0,0,0
S00091226,45,45,0,0,0
S00091227,75,73,2,1,1
S00091228,75,72,3,0,3
S00091229,54,51,3,0,3
S00091230,66,59,7,0,7
S00091231,68,64,4,1,3
S00091232,40,39,1,0,1
S00091233,75,75,0,0,0
S00091234,59,59,0,0,0
S00091235,48,48,0,0,0
S00091236,56,56,0,0,0
S00091237,71,71,0,0,0
S00091238,39,37,2,0,2
S00091239,48,48,0,0,0
S00091240,44,43,1,0,1
S00091241,44,44,0,0,0
S00091242,56,55,1,0,1
S00091243,40,39,1,0,1
S00091244,66,64,2,0,2
S00091245,56,55,1,0,1
S00091246,47,45,2,0,2
S00091247,58,56,2,0,2
S00091248,54,52,2,1,1
S00091249,59,58,1,0,1
S00091250,58,57,1,0,1
S00091251,44,42,2,1,1
S00091252,71,71,0,0,0
S00091253,72,72,0,0,0
S00091254,54,45,9,4,5
S00091255,58,55,3,1,2
S00091256,24,24,0,0,0
S00091257,58,57,1,0,1
S00091258,56,52,4,0,4
S00091259,54,52,2,0,2
S00091260,58,55,3,0,3
S00091261,50,48,2,0,2
S00091262,41,41,0,0,0
S00091263,74,73,1,0,1
S00091264,50,50,0,0,0
S00091265,45,44,1,0,1
S00091266,39,39,0,0,0
S00091267,70,69,1,0,1
S00091268,57,57,0,0,0
S00091269,29,25,4,1,3
S00091270,28,27,1,0,1
S00091271,75,72,3,0,3
S00091272,47,46,1,1,0
S00091273,47,43,4,0,4
S00091274,76,76,0,0,0
S00091275,75,74,1,0,1
S00091276,47,47,0,0,0
S00091277,59,59,0,0,0
S00091278,48,48,0,0,0
S00091279,43,43,0,0,0
S00091280,56,52,4,1,3
S00091281,68,67,1,0,1
S00091282,61,60,1,0,1
S00091283,62,59,3,0,3
S00091284,70,68,2,0,2
S00091285,68,67,1,0,1
S00091286,60,58,2,0,2
S00091287,68,66,2,0,2
S00091288,63,62,1,0,1
S00091289,61,45,16,16,0
S00091290,85,70,15,15,0
S00091291,89,76,13,12,1
S00091292,59,32,27,27,0
S00091293,58,50,8,0,8
S00091294,61,57,4,0,4
S00091295,47,47,0,0,0
S00091296,55,54,1,0,1
S00091297,81,76,5,0,5
S00091298,38,29,9,1,8
S00091299,43,40,3,0,3
S00091300,84,76,8,6,2
S00091301,46,32,14,8,6
S00091302,72,69,3,1,2
S00091303,44,43,1,1,0
S00091304,43,42,1,0,1
S00091305,50,47,3,0,3
S00091306,60,56,4,0,4
S00091307,40,40,0,0,0
S00091308,45,44,1,0,1
S00091309,49,46,3,0,3
S00091310,52,51,1,0,1
S00091311,71,67,4,0,4
S00091312,64,61,3,0,3
S00091313,59,59,0,0,0
S00091314,34,32,2,0,2
S00091315,29,28,1,0,1
S00091316,28,27,1,0,1
S00091317,54,51,3,1,2
S00091318,38,37,1,0,1
S00091319,80,76,4,0,4
S00091320,49,48,1,0,1
S00091321,48,48,0,0,0
S00091322,58,54,4,0,4
S00091323,59,59,0,0,0
S00091324,62,62,0,0,0
S00091325,56,56,0,0,0
S00091326,49,48,1,0,1
S00091327,75,68,7,0,7
S00091328,44,44,0,0,0
S00091329,67,65,2,0,2
S00091330,56,54,2,0,2
S00091331,61,55,6,2,4
S00091332,37,32,5,0,5
S00091333,38,36,2,1,1
S00091334,49,46,3,2,1
S00091335,62,57,5,1,4
S00091336,69,64,5,2,3
S00091337,50,47,3,0,3
S00091338,34,22,12,4,8
S00091339,40,30,10,1,9
S00091340,40,36,4,1,3
S00091341,71,69,2,1,1
S00091342,48,46,2,0,2
S00091343,76,73,3,2,1
S00091344,39,34,5,1,4
S00091345,63,62,1,0,1
S00091346,44,44,0,0,0
S00091347,54,54,0,0,0
S00091348,51,49,2,0,2
S00091349,55,54,1,0,1
S00091350,55,54,1,0,1
S00091351,67,61,6,0,6
S00091352,41,40,1,0,1
S00091353,45,42,3,1,2
S00091354,36,31,5,3,2
S00091355,55,55,0,0,0
S00091356,56,52,4,1,3
S00091357,35,33,2,0,2
S00091358,61,58,3,0,3
S00091359,38,37,1,0,1
S00091360,28,28,0,0,0
S00091361,51,50,1,0,1
S00091362,50,50,0,0,0
S00091363,42,39,3,1,2
S00091364,41,41,0,0,0
S00091365,78,75,3,0,3
S00091366,62,61,1,0,1
S00091367,39,38,1,0,1
S00091368,69,65,4,2,2
S00091369,73,72,1,0,1
S00091370,48,48,0,0,0
S00091371,75,74,1,0,1
S00091372,38,38,0,0,0
S00091373,53,53,0,0,0
S00091374,43,41,2,0,2
S00091375,41,39,2,0,2
S00091376,28,27,1,0,1
S00091377,51,46,5,1,4
S00091378,45,42,3,2,1
S00091379,62,56,6,1,5
S00091380,39,39,0,0,0
S00091381,57,57,0,0,0
S00091382,68,65,3,0,3
S00091383,63,57,6,3,3
S00091384,43,40,3,1,2
S00091385,35,34,1,0,1
S00091386,76,73,3,1,2
S00091387,56,55,1,1,0
S00091388,64,60,4,2,2
S00091389,24,23,1,0,1
S00091390,57,54,3,1,2
S00091391,60,56,4,0,4
S00091392,48,46,2,0,2
S00091393,76,75,1,1,0
S00091394,59,55,4,0,4
S00091395,56,55,1,0,1
S00091396,32,29,3,1,2
S00091397,40,38,2,0,2
S00091398,55,52,3,1,2
S00091399,36,34,2,1,1
S00091400,25,25,0,0,0
S00091401,60,60,0,0,0
S00091402,33,33,0,0,0
S00091403,75,74,1,0,1
S00091404,62,58,4,1,3
S00091405,27,27,0,0,0
S00091406,22,21,1,0,1
S00091407,33,33,0,0,0
S00091408,51,50,1,1,0
S00091409,40,35,5,5,0
S00091410,52,50,2,2,0
S00091411,49,49,0,0,0
S00091412,68,68,0,0,0
S00091413,61,59,2,2,0
S00091414,74,65,9,9,0
S00091415,49,48,1,1,0
S00091416,60,57,3,3,0
S00091417,48,40,8,8,0
S00091418,68,56,12,11,1
S00091419,37,26,11,11,0
S00091420,47,41,6,5,1
S00091421,49,49,0,0,0
S00091422,53,51,2,1,1
S00091423,56,50,6,5,1
S00091424,47,46,1,0,1
S00091425,79,61,18,12,6
S00091426,29,28,1,1,0
S00091427,55,51,4,1,3
S00091428,44,43,1,0,1
S00091429,87,84,3,3,0
S00091430,49,47,2,1,1
S00091431,56,51,5,2,3
S00091432,65,59,6,1,5
S00091433,31,29,2,1,1
S00091434,48,46,2,1,1
S00091435,63,62,1,0,1
S00091436,72,63,9,0,9
S00091437,85,75,10,7,3
S00091438,64,55,9,7,2
S00091439,33,31,2,2,0
S00091440,80,45,35,25,10
S00091441,70,41,29,21,8
S00091442,38,30,8,7,1
S00091443,86,67,19,17,2
S00091444,59,44,15,12,3
S00091445,81,63,18,18,0
S00091446,63,62,1,0,1
S00091447,71,62,9,1,8
S00091448,44,44,0,0,0
S00091449,64,64,0,0,0
S00091450,68,67,1,1,0
S00091451,66,55,11,10,1
S00091452,65,49,16,12,4
S00091453,85,71,14,12,2
S00091454,57,54,3,2,1
S00091455,65,60,5,4,1
S00091456,53,51,2,1,1
S00091457,40,40,0,0,0
S00091458,60,59,1,0,1
S00091459,48,48,0,0,0
S00091460,67,64,3,1,2
S00091461,61,55,6,0,6
S00091462,45,45,0,0,0
S00091463,57,56,1,0,1
S00091464,38,38,0,0,0
S00091465,57,55,2,0,2
S00091466,62,62,0,0,0
S00091467,48,46,2,0,2
S00091468,53,51,2,0,2
S00091469,57,55,2,1,1
S00091470,62,62,0,0,0
S00091471,63,59,4,1,3
S00091472,74,71,3,1,2
S00091473,74,73,1,0,1
S00091474,56,55,1,0,1
S00091475,63,62,1,1,0
S00091476,56,56,0,0,0
S00091477,49,48,1,0,1
S00091478,57,57,0,0,0
S00091479,41,40,1,0,1
S00091480,69,68,1,1,0
S00091481,28,28,0,0,0
S00091482,78,77,1,1,0
S00091483,43,43,0,0,0
S00091484,36,36,0,0,0
S00091485,61,61,0,0,0
S00091486,67,67,0,0,0
S00091487,53,53,0,0,0
S00091488,45,45,0,0,0
S00091489,48,47,1,0,1
S00091490,52,51,1,0,1
S00091491,50,50,0,0,0
S00091492,61,61,0,0,0
S00091493,75,75,0,0,0
S00091494,79,79,0,0,0
S00091495,74,72,2,0,2
S00091496,53,53,0,0,0
S00091497,67,66,1,1,0
S00091498,55,53,2,0,2
S00091499,42,42,0,0,0
S00091500,58,58,0,0,0
S00091501,46,46,0,0,0
S00091502,32,32,0,0,0
S00091503,50,50,0,0,0
S00091504,70,67,3,0,3
S00091505,60,58,2,0,2
S00091506,62,60,2,0,2
S00091507,27,25,2,1,1
S00091508,55,55,0,0,0
S00091509,49,48,1,0,1
S00091510,58,56,2,0,2
S00091511,55,52,3,2,1
S00091512,54,50,4,3,1
S00091513,59,54,5,1,4
S00091514,53,51,2,0,2
S00091515,54,51,3,1,2
S00091516,77,76,1,1,0
S00091517,55,52,3,0,3
S00091518,50,47,3,1,2
S00091519,34,33,1,0,1
S00091520,48,47,1,0,1
S00091521,66,62,4,0,4
S00091522,52,46,6,4,2
S00091523,42,41,1,1,0
S00091524,59,57,2,0,2
S00091525,50,47,3,1,2
S00091526,57,56,1,0,1
S00091527,64,58,6,2,4
S00091528,48,42,6,1,5
S00091529,46,44,2,1,1
S00091530,78,75,3,0,3
S00091531,45,45,0,0,0
S00091532,38,38,0,0,0
S00091533,75,74,1,1,0
S00091534,60,60,0,0,0
S00091535,45,45,0,0,0
S00091536,54,52,2,0,2
S00091537,65,64,1,0,1
S00091538,36,36,0,0,0
S00091539,44,43,1,0,1
S00091540,78,42,36,36,0
S00091541,87,68,19,14,5
S00091542,33,30,3,3,0
S00091543,86,76,10,8,2
S00091544,52,46,6,5,1
S00091545,53,50,3,1,2
S00091546,31,29,2,1,1
S00091547,45,39,6,3,3
S00091548,31,29,2,1,1
S00091549,67,66,1,0,1
S00091550,67,63,4,0,4
S00091551,41,41,0,0,0
S00091552,40,38,2,0,2
S00091553,58,52,6,2,4
S00091554,60,58,2,0,2
S00091555,54,53,1,0,1
S00091556,51,48,3,1,2
S00091557,61,60,1,1,0
S00091558,49,49,0,0,0
S00091559,50,50,0,0,0
S00091560,52,52,0,0,0
S00091561,41,39,2,0,2
S00091562,51,47,4,0,4
S00091563,26,26,0,0,0
S00091564,40,40,0,0,0
S00091565,42,42,0,0,0
S00091566,47,45,2,0,2
S00091567,53,50,3,1,2
S00091568,73,72,1,0,1
S00091569,46,44,2,0,2
S00091570,58,58,0,0,0
S00091571,61,59,2,0,2
S00091572,74,72,2,1,1
S00091573,57,55,2,0,2
S00091574,57,57,0,0,0
S00091575,37,37,0,0,0
S00091576,46,46,0,0,0
S00091577,57,55,2,0,2
S00091578,42,41,1,0,1
S00091579,49,49,0,0,0
S00091580,58,58,0,0,0
S00091581,76,76,0,0,0
S00091582,69,68,1,0,1
S00091583,52,51,1,0,1
S00091584,56,55,1,0,1
S00091585,33,33,0,0,0
S00091586,41,41,0,0,0
S00091587,75,74,1,0,1
S00091588,63,61,2,0,2
S00091589,33,32,1,0,1
S00091590,78,78,0,0,0
S00091591,79,79,0,0,0
S00091592,75,73,2,0,2
S00091593,81,81,0,0,0
S00091594,50,50,0,0,0
S00091595,30,30,0,0,0
S00091596,34,34,0,0,0
S00091597,22,22,0,0,0
S00091598,90,88,2,0,2
S00091599,44,43,1,0,1
S00091600,62,59,3,0,3
S00091601,65,62,3,1,2
S00091602,47,43,4,2,2
S00091603,52,49,3,0,3
S00091604,47,43,4,0,4
S00091605,56,54,2,2,0
S00091606,52,50,2,0,2
S00091607,42,39,3,0,3
S00091608,54,54,0,0,0
S00091609,49,48,1,0,1
S00091610,40,39,1,0,1
S00091611,31,30,1,0,1
S00091612,60,59,1,0,1
S00091613,78,77,1,0,1
S00091614,46,45,1,0,1
S00091615,70,70,0,0,0
S00091616,27,27,0,0,0
S00091617,58,58,0,0,0
S00091618,43,40,3,0,3
S00091619,67,67,0,0,0
S00091620,61,61,0,0,0
S00091621,76,75,1,0,1
S00091622,51,49,2,0,2
S00091623,68,67,1,1,0
S00091624,58,58,0,0,0
S00091625,43,43,0,0,0
S00091626,73,72,1,0,1
S00091627,67,67,0,0,0
S00091628,70,67,3,0,3
S00091629,48,48,0,0,0
S00091630,65,64,1,0,1
S00091631,21,21,0,0,0
S00091632,67,67,0,0,0
S00091633,65,65,0,0,0
S00091634,41,41,0,0,0
S00091635,42,42,0,0,0
S00091636,41,41,0,0,0
S00091637,47,46,1,0,1
S00091638,56,56,0,0,0
S00091639,49,49,0,0,0
S00091640,46,45,1,0,1
S00091641,64,62,2,1,1
S00091642,40,39,1,1,0
S00091643,46,46,0,0,0
S00091644,69,67,2,0,2
S00091645,41,40,1,0,1
S00091646,25,25,0,0,0
S00091647,43,43,0,0,0
S00091648,55,55,0,0,0
S00091649,48,48,0,0,0
S00091650,45,42,3,0,3
S00091651,56,56,0,0,0
S00091652,60,60,0,0,0
S00091653,24,24,0,0,0
S00091654,54,54,0,0,0
S00091655,35,34,1,0,1
S00091656,60,59,1,0,1
S00091657,54,52,2,1,1
S00091658,42,40,2,0,2
S00091659,79,77,2,0,2
S00091660,68,67,1,0,1
S00091661,65,65,0,0,0
S00091662,61,55,6,0,6
S00091663,54,54,0,0,0
S00091664,68,68,0,0,0
S00091665,61,61,0,0,0
S00091666,73,72,1,0,1
S00091667,79,77,2,0,2
S00091668,73,72,1,0,1
S00091669,61,59,2,1,1
S00091670,50,50,0,0,0
S00091671,71,69,2,2,0
S00091672,57,57,0,0,0
S00091673,52,51,1,0,1
S00091674,55,51,4,0,4
S00091675,52,52,0,0,0
S00091676,54,54,0,0,0
S00091677,74,71,3,0,3
S00091678,77,76,1,0,1
S00091679,51,48,3,0,3
S00091680,42,41,1,0,1
S00091681,51,50,1,0,1
S00091682,42,42,0,0,0
S00091683,36,36,0,0,0
S00091684,70,70,0,0,0
S00091685,50,50,0,0,0
S00091686,52,52,0,0,0
S00091687,50,50,0,0,0
S00091688,76,75,1,0,1
S00091689,49,49,0,0,0
S00091690,60,58,2,0,2
S00091691,40,40,0,0,0
S00091692,70,69,1,0,1
S00091693,77,77,0,0,0
S00091694,60,60,0,0,0
S00091695,47,46,1,0,1
S00091696,65,65,0,0,0
S00091697,37,37,0,0,0
S00091698,73,73,0,0,0
S00091699,48,45,3,0,3
S00091700,52,51,1,0,1
S00091701,52,51,1,0,1
S00091702,53,52,1,0,1
S00091703,43,42,1,0,1
S00091704,43,43,0,0,0
S00091705,61,61,0,0,0
S00091706,52,50,2,0,2
S00091707,52,50,2,0,2
S00091708,45,45,0,0,0
S00091709,59,57,2,0,2
S00091710,55,54,1,0,1
S00091711,26,26,0,0,0
S00091712,70,67,3,0,3
S00091713,41,40,1,0,1
S00091714,45,45,0,0,0
S00091715,39,35,4,2,2
S00091716,45,45,0,0,0
S00091717,40,36,4,0,4
S00091718,77,73,4,0,4
S00091719,56,54,2,1,1
S00091720,57,56,1,0,1
S00091721,67,64,3,0,3
S00091722,57,54,3,0,3
S00091723,96,94,2,0,2
S00091724,46,46,0,0,0
S00091725,41,41,0,0,0
S00091726,78,77,1,0,1
S00091727,77,76,1,0,1
S00091728,74,73,1,0,1
S00091729,57,56,1,0,1
S00091730,53,53,0,0,0
S00091731,46,42,4,0,4
S00091732,39,38,1,0,1
S00091733,48,45,3,0,3
S00091734,67,63,4,0,4
S00091735,42,39,3,1,2
S00091736,44,44,0,0,0
S00091737,62,59,3,1,2
S00091738,67,66,1,0,1
S00091739,64,62,2,0,2
S00091740,55,54,1,0,1
S00091741,58,57,1,0,1
S00091742,30,30,0,0,0
S00091743,55,53,2,0,2
S00091744,40,39,1,0,1
S00091745,52,50,2,0,2
S00091746,52,52,0,0,0
S00091747,60,59,1,0,1
S00091748,69,69,0,0,0
S00091749,35,32,3,0,3
S00091750,57,56,1,0,1
S00091751,51,51,0,0,0
S00091752,52,51,1,0,1
S00091753,55,54,1,0,1
S00091754,77,75,2,0,2
S00091755,41,40,1,0,1
S00091756,38,38,0,0,0
S00091757,54,53,1,0,1
S00091758,79,77,2,1,1
S00091759,56,55,1,0,1
S00091760,54,49,5,0,5
S00091761,57,57,0,0,0
S00091762,62,62,0,0,0
S00091763,58,57,1,0,1
S00091764,37,35,2,0,2
S00091765,46,45,1,0,1
S00091766,57,54,3,1,2
S00091767,63,61,2,0,2
S00091768,69,69,0,0,0
S00091769,69,66,3,0,3
S00091770,80,75,5,0,5
S00091771,60,57,3,2,1
S00091772,62,62,0,0,0
S00091773,62,62,0,0,0
S00091774,43,41,2,0,2
S00091775,51,51,0,0,0
S00091776,48,47,1,0,1
S00091777,42,40,2,0,2
S00091778,58,56,2,0,2
S00091779,61,60,1,1,0
S00091780,70,68,2,0,2
S00091781,60,57,3,0,3
S00091782,58,58,0,0,0
S00091783,47,45,2,0,2
S00091784,66,62,4,0,4
S00091785,57,57,0,0,0
S00091786,39,39,0,0,0
S00091787,44,43,1,0,1
S00091788,36,34,2,0,2
S00091789,55,55,0,0,0
S00091790,63,62,1,0,1
S00091791,49,48,1,0,1
S00091792,47,47,0,0,0
S00091793,56,56,0,0,0
S00091794,64,64,0,0,0
S00091795,75,70,5,0,5
S00091796,66,65,1,0,1
S00091797,71,69,2,0,2
S00091798,65,63,2,0,2
S00091799,52,51,1,0,1
S00091800,69,66,3,0,3
S00091801,53,51,2,0,2
S00091802,32,31,1,0,1
S00091803,52,51,1,0,1
S00091804,54,54,0,0,0
S00091805,50,48,2,0,2
S00091806,67,66,1,0,1
S00091807,96,96,0,0,0
S00091808,46,46,0,0,0
S00091809,55,54,1,1,0
S00091810,66,66,0,0,0
S00091811,56,55,1,0,1
S00091812,58,58,0,0,0
S00091813,50,50,0,0,0
S00091814,42,42,0,0,0
S00091815,58,58,0,0,0
S00091816,45,45,0,0,0
S00091817,69,67,2,2,0
S00091818,65,65,0,0,0
S00091819,69,63,6,2,4
S00091820,56,41,15,8,7
S00091821,77,73,4,0,4
S00091822,39,36,3,1,2
S00091823,57,54,3,0,3
S00091824,49,44,5,1,4
S00091825,56,54,2,0,2
S00091826,69,67,2,0,2
S00091827,41,38,3,0,3
S00091828,74,72,2,0,2
S00091829,47,42,5,1,4
S00091830,29,27,2,0,2
S00091831,78,77,1,0,1
S00091832,47,46,1,0,1
S00091833,71,67,4,0,4
S00091834,61,59,2,0,2
S00091835,65,65,0,0,0
S00091836,63,61,2,0,2
S00091837,58,57,1,0,1
S00091838,71,71,0,0,0
S00091839,68,68,0,0,0
S00091840,83,76,7,0,7
S00091841,76,74,2,0,2
S00091842,56,52,4,0,4
S00091843,56,53,3,0,3
S00091844,53,51,2,0,2
S00091845,79,77,2,0,2
S00091846,48,47,1,0,1
S00091847,63,58,5,1,4
S00091848,75,73,2,1,1
S00091849,46,45,1,0,1
S00091850,80,77,3,1,2
S00091851,49,43,6,0,6
S00091852,68,66,2,0,2
S00091853,67,64,3,0,3
S00091854,44,40,4,0,4
S00091855,53,51,2,0,2
S00091856,56,53,3,0,3
S00091857,49,49,0,0,0
S00091858,64,63,1,0,1
S00091859,68,68,0,0,0
S00091860,68,66,2,0,2
S00091861,57,55,2,0,2
S00091862,38,37,1,0,1
S00091863,60,52,8,0,8
S00091864,60,60,0,0,0
S00091865,23,23,0,0,0
S00091866,51,47,4,1,3
S00091867,38,37,1,0,1
S00091868,53,52,1,1,0
S00091869,45,42,3,1,2
S00091870,74,72,2,0,2
S00091871,54,53,1,0,1
S00091872,64,64,0,0,0
S00091873,54,54,0,0,0
S00091874,63,63,0,0,0
S00091875,53,53,0,0,0
S00091876,35,35,0,0,0
S00091877,27,25,2,2,0
S00091878,43,43,0,0,0
S00091879,70,69,1,0,1
S00091880,37,34,3,3,0
S00091881,67,67,0,0,0
S00091882,35,32,3,1,2
S00091883,60,59,1,1,0
S00091884,67,66,1,0,1
S00091885,72,70,2,0,2
S00091886,42,41,1,0,1
S00091887,77,77,0,0,0
S00091888,58,58,0,0,0
S00091889,28,28,0,0,0
S00091890,22,22,0,0,0
S00091891,69,69,0,0,0
S00091892,43,43,0,0,0
S00091893,49,48,1,0,1
S00091894,53,52,1,0,1
S00091895,42,41,1,0,1
S00091896,74,74,0,0,0
S00091897,60,60,0,0,0
S00091898,53,51,2,0,2
S00091899,60,56,4,0,4
S00091900,61,60,1,0,1
S00091901,43,42,1,0,1
S00091902,76,75,1,0,1
S00091903,44,42,2,0,2
S00091904,48,46,2,0,2
S00091905,75,74,1,0,1
S00091906,67,67,0,0,0
S00091907,58,57,1,0,1
S00091908,58,56,2,0,2
S00091909,42,41,1,0,1
S00091910,29,26,3,0,3
S00091911,71,60,11,0,11
S00091912,75,70,5,0,5
S00091913,58,58,0,0,0
S00091914,58,53,5,1,4
S00091915,78,74,4,0,4
S00091916,61,59,2,0,2
S00091917,58,57,1,0,1
S00091918,44,44,0,0,0
S00091919,42,42,0,0,0
S00091920,50,50,0,0,0
S00091921,55,55,0,0,0
S00091922,44,41,3,3,0
S00091923,49,49,0,0,0
S00091924,48,48,0,0,0
S00091925,53,50,3,1,2
S00091926,33,31,2,0,2
S00091927,78,77,1,0,1
S00091928,68,67,1,0,1
S00091929,57,57,0,0,0
S00091930,45,44,1,0,1
S00091931,47,45,2,0,2
S00091932,46,44,2,1,1
S00091933,52,49,3,1,2
S00091934,46,45,1,0,1
S00091935,61,59,2,1,1
S00091936,38,38,0,0,0
S00091937,51,49,2,1,1
S00091938,80,76,4,1,3
S00091939,66,59,7,5,2
S00091940,73,68,5,0,5
S00091941,68,66,2,0,2
S00091942,42,41,1,0,1
S00091943,56,50,6,4,2
S00091944,46,44,2,1,1
S00091945,56,47,9,6,3
S00091946,54,44,10,7,3
S00091947,52,46,6,1,5
S00091948,67,64,3,1,2
S00091949,73,59,14,6,8
S00091950,74,72,2,2,0
S00091951,20,20,0,0,0
S00091952,52,50,2,1,1
S00091953,49,46,3,0,3
S00091954,59,57,2,0,2
S00091955,52,43,9,0,9
S00091956,66,50,16,9,7
S00091957,68,58,10,0,10
S00091958,38,34,4,1,3
S00091959,45,40,5,0,5
S00091960,55,51,4,0,4
S00091961,62,52,10,0,10
S00091962,67,58,9,5,4
S00091963,59,42,17,3,14
S00091964,62,56,6,2,4
S00091965,47,32,15,9,6
S00091966,53,46,7,3,4
S00091967,33,29,4,0,4
S00091968,46,40,6,1,5
S00091969,28,28,0,0,0
S00091970,54,51,3,0,3
S00091971,50,50,0,0,0
S00091972,58,58,0,0,0
S00091973,39,38,1,0,1
S00091974,43,42,1,0,1
S00091975,64,60,4,0,4
S00091976,68,65,3,0,3
S00091977,26,25,1,1,0
S00091978,53,53,0,0,0
S00091979,28,28,0,0,0
S00091980,29,28,1,0,1
S00091981,65,57,8,0,8
S00091982,53,53,0,0,0
S00091983,41,41,0,0,0
S00091984,73,68,5,0,5
S00091985,62,55,7,0,7
S00091986,45,45,0,0,0
S00091987,51,51,0,0,0
S00091988,26,26,0,0,0
S00091989,35,34,1,0,1
S00091990,44,43,1,0,1
S00091991,36,35,1,0,1
S00091992,55,53,2,0,2
S00091993,57,55,2,0,2
S00091994,72,72,0,0,0
S00091995,40,40,0,0,0
S00091996,70,70,0,0,0
S00091997,51,50,1,0,1
S00091998,44,38,6,0,6
S00091999,74,71,3,0,3
S00092000,50,49,1,0,1
S00092001,45,42,3,0,3
S00092002,40,39,1,0,1
S00092003,74,69,5,0,5
S00092004,72,72,0,0,0
S00092005,77,75,2,0,2
S00092006,60,55,5,0,5
S00092007,49,46,3,0,3
S00092008,70,68,2,0,2
S00092009,55,53,2,0,2
S00092010,42,38,4,0,4
S00092011,40,40,0,0,0
S00092012,90,84,6,1,5
S00092013,74,69,5,1,4
S00092014,49,47,2,0,2
S00092015,74,74,0,0,0
S00092016,68,68,0,0,0
S00092017,64,62,2,0,2
S00092018,68,66,2,0,2
S00092019,54,54,0,0,0
S00092020,68,62,6,0,6
S00092021,39,37,2,0,2
S00092022,62,62,0,0,0
S00092023,37,37,0,0,0
S00092024,53,52,1,0,1
S00092025,65,63,2,1,1
S00092026,68,68,0,0,0
S00092027,53,51,2,0,2
S00092028,43,38,5,0,5
S00092029,43,42,1,0,1
S00092030,55,53,2,0,2
S00092031,57,55,2,0,2
S00092032,67,65,2,0,2
S00092033,31,31,0,0,0
S00092034,59,57,2,0,2
S00092035,50,47,3,1,2
S00092036,53,50,3,2,1
S00092037,73,68,5,2,3
S00092038,72,71,1,1,0
S00092039,67,64,3,2,1
S00092040,52,51,1,0,1
S00092041,33,32,1,0,1
S00092042,68,68,0,0,0
S00092043,60,58,2,1,1
S00092044,62,61,1,0,1
S00092045,70,70,0,0,0
S00092046,76,74,2,1,1
S00092047,62,61,1,0,1
S00092048,74,70,4,0,4
S00092049,71,70,1,0,1
S00092050,69,67,2,1,1
S00092051,80,72,8,2,6
S00092052,62,56,6,1,5
S00092053,48,40,8,2,6
S00092054,44,43,1,0,1
S00092055,75,73,2,0,2
S00092056,48,46,2,1,1
S00092057,45,43,2,0,2
S00092058,65,64,1,0,1
S00092059,56,54,2,0,2
S00092060,58,58,0,0,0
S00092061,40,39,1,0,1
S00092062,75,72,3,2,1
S00092063,63,61,2,0,2
S00092064,47,47,0,0,0
S00092065,34,33,1,0,1
S00092066,66,65,1,0,1
S00092067,73,72,1,0,1
S00092068,64,61,3,3,0
S00092069,47,47,0,0,0
S00092070,47,40,7,7,0
S00092071,51,51,0,0,0
S00092072,45,43,2,1,1
S00092073,55,52,3,0,3
S00092074,48,48,0,0,0
S00092075,39,32,7,6,1
S00092076,52,47,5,2,3
S00092077,71,68,3,2,1
S00092078,46,41,5,2,3
S00092079,56,53,3,0,3
S00092080,52,47,5,1,4
S00092081,64,53,11,0,11
S00092082,66,61,5,1,4
S00092083,55,50,5,2,3
S00092084,44,40,4,0,4
S00092085,43,43,0,0,0
S00092086,45,45,0,0,0
S00092087,62,60,2,0,2
S00092088,40,39,1,1,0
S00092089,56,45,11,5,6
S00092090,63,61,2,0,2
S00092091,69,63,6,0,6
S00092092,58,49,9,2,7
S00092093,57,51,6,4,2
S00092094,73,65,8,6,2
S00092095,50,44,6,5,1
S00092096,54,49,5,1,4
S00092097,87,80,7,0,7
S00092098,66,61,5,0,5
S00092099,67,66,1,0,1
S00092100,69,68,1,0,1
S00092101,51,50,1,0,1
S00092102,46,45,1,0,1
S00092103,44,44,0,0,0
S00092104,52,51,1,0,1
S00092105,48,48,0,0,0
S00092106,56,54,2,1,1
S00092107,48,48,0,0,0
S00092108,49,49,0,0,0
S00092109,60,57,3,0,3
S00092110,59,58,1,0,1
S00092111,65,65,0,0,0
S00092112,52,52,0,0,0
S00092113,113,49,64,46,18
S00092114,51,30,21,15,6
S00092115,64,61,3,1,2
S00092116,66,64,2,1,1
S00092117,50,50,0,0,0
S00092118,55,51,4,4,0
S00092119,58,55,3,2,1
S00092120,48,36,12,9,3
S00092121,50,43,7,4,3
S00092122,47,41,6,3,3
S00092123,67,55,12,6,6
S00092124,45,40,5,3,2
S00092125,58,52,6,3,3
S00092126,46,41,5,4,1
S00092127,47,38,9,6,3
S00092128,48,37,11,7,4
S00092129,63,62,1,1,0
S00092130,63,58,5,3,2
S00092131,82,76,6,2,4
S00092132,39,39,0,0,0
S00092133,71,71,0,0,0
S00092134,48,48,0,0,0
S00092135,70,70,0,0,0
S00092136,45,44,1,0,1
S00092137,34,34,0,0,0
S00092138,67,65,2,0,2
S00092139,41,38,3,0,3
S00092140,59,58,1,0,1
S00092141,23,23,0,0,0
S00092142,33,33,0,0,0
S00092143,40,39,1,0,1
S00092144,68,63,5,1,4
S00092145,34,31,3,0,3
S00092146,42,42,0,0,0
S00092147,71,71,0,0,0
S00092148,73,72,1,0,1
S00092149,55,55,0,0,0
S00092150,28,28,0,0,0
S00092151,63,61,2,1,1
S00092152,34,34,0,0,0
S00092153,62,60,2,0,2
S00092154,40,40,0,0,0
S00092155,30,29,1,0,1
S00092156,30,30,0,0,0
S00092157,74,73,1,0,1
S00092158,65,60,5,0,5
S00092159,50,50,0,0,0
S00092160,54,53,1,1,0
S00092161,75,73,2,0,2
S00092162,54,52,2,0,2
S00092163,95,89,6,3,3
S00092164,28,27,1,0,1
S00092165,80,75,5,4,1
S00092166,32,32,0,0,0
S00092167,70,65,5,2,3
S00092168,53,53,0,0,0
S00092169,47,40,7,7,0
S00092170,62,54,8,8,0
S00092171,54,45,9,8,1
S00092172,49,49,0,0,0
S00092173,62,62,0,0,0
S00092174,71,69,2,0,2
S00092175,69,67,2,1,1
S00092176,69,64,5,0,5
S00092177,49,49,0,0,0
S00092178,39,38,1,0,1
S00092179,78,76,2,0,2
S00092180,81,68,13,11,2
S00092181,47,46,1,0,1
S00092182,60,54,6,0,6
S00092183,69,63,6,1,5
S00092184,87,76,11,0,11
S00092185,75,61,14,0,14
S00092186,41,39,2,1,1
S00092187,70,65,5,1,4
S00092188,46,45,1,1,0
S00092189,51,44,7,7,0
S00092190,53,49,4,4,0
S00092191,62,62,0,0,0
S00092192,58,58,0,0,0
S00092193,74,68,6,4,2
S00092194,78,75,3,1,2
S00092195,73,71,2,0,2
S00092196,76,72,4,0,4
S00092197,68,66,2,1,1
S00092198,70,65,5,3,2
S00092199,36,34,2,2,0
S00092200,23,22,1,1,0
S00092201,37,37,0,0,0
S00092202,74,74,0,0,0
S00092203,61,60,1,0,1
S00092204,56,56,0,0,0
S00092205,46,46,0,0,0
S00092206,49,49,0,0,0
S00092207,60,58,2,1,1
S00092208,22,22,0,0,0
S00092209,84,76,8,1,7
S00092210,56,47,9,3,6
S00092211,56,50,6,2,4
S00092212,40,38,2,0,2
S00092213,69,62,7,0,7
S00092214,63,62,1,0,1
S00092215,49,44,5,0,5
S00092216,61,57,4,0,4
S00092217,50,48,2,2,0
S00092218,72,69,3,0,3
S00092219,47,44,3,0,3
S00092220,43,42,1,1,0
S00092221,39,38,1,0,1
S00092222,54,53,1,0,1
S00092223,50,48,2,0,2
S00092224,30,30,0,0,0
S00092225,66,64,2,0,2
S00092226,58,57,1,0,1
S00092227,54,54,0,0,0
S00092228,37,37,0,0,0
S00092229,47,47,0,0,0
S00092230,45,45,0,0,0
S00092231,50,49,1,1,0
S00092232,32,32,0,0,0
S00092233,52,51,1,1,0
S00092234,25,25,0,0,0
S00092235,43,41,2,0,2
S00092236,41,40,1,0,1
S00092237,29,28,1,0,1
S00092238,32,32,0,0,0
S00092239,66,65,1,0,1
S00092240,55,53,2,1,1
S00092241,53,51,2,0,2
S00092242,52,50,2,0,2
S00092243,20,20,0,0,0
S00092244,34,34,0,0,0
S00092245,47,46,1,0,1
S00092246,45,45,0,0,0
S00092247,37,37,0,0,0
S00092248,46,46,0,0,0
S00092249,49,48,1,0,1
S00092250,30,30,0,0,0
S00092251,28,28,0,0,0
S00092252,61,58,3,0,3
S00092253,71,68,3,0,3
S00092254,46,46,0,0,0
S00092255,55,54,1,0,1
S00092256,66,66,0,0,0
S00092257,50,47,3,0,3
S00092258,71,68,3,0,3
S00092259,52,51,1,0,1
S00092260,40,39,1,0,1
S00092261,42,41,1,0,1
S00092262,81,68,13,2,11
S00092263,46,44,2,1,1
S00092264,42,42,0,0,0
S00092265,52,52,0,0,0
S00092266,68,64,4,1,3
S00092267,56,55,1,0,1
S00092268,63,62,1,0,1
S00092269,53,53,0,0,0
S00092270,32,29,3,0,3
S00092271,55,54,1,0,1
S00092272,60,60,0,0,0
S00092273,29,27,2,0,2
S00092274,77,76,1,0,1
S00092275,43,42,1,0,1
S00092276,29,29,0,0,0
S00092277,51,49,2,1,1
S00092278,53,52,1,0,1
S00092279,31,30,1,0,1
S00092280,40,39,1,0,1
S00092281,46,44,2,0,2
S00092282,45,37,8,1,7
S00092283,77,76,1,0,1
S00092284,48,45,3,0,3
S00092285,33,33,0,0,0
S00092286,32,32,0,0,0
S00092287,26,25,1,0,1
S00092288,36,35,1,0,1
S00092289,51,50,1,0,1
S00092290,27,27,0,0,0
S00092291,44,44,0,0,0
S00092292,49,43,6,2,4
S00092293,33,30,3,0,3
S00092294,34,32,2,0,2
S00092295,43,36,7,0,7
S00092296,34,34,0,0,0
S00092297,42,41,1,0,1
S00092298,51,50,1,0,1
S00092299,28,28,0,0,0
S00092300,47,45,2,0,2
S00092301,22,22,0,0,0
S00092302,43,43,0,0,0
S00092303,45,41,4,1,3
S00092304,42,42,0,0,0
S00092305,47,43,4,0,4
S00092306,42,39,3,0,3
S00092307,68,65,3,2,1
S00092308,42,39,3,0,3
S00092309,36,35,1,1,0
S00092310,33,31,2,0,2
S00092311,50,49,1,0,1
S00092312,49,48,1,0,1
S00092313,54,53,1,0,1
S00092314,65,53,12,10,2
S00092315,47,28,19,16,3
S00092316,43,42,1,0,1
S00092317,53,53,0,0,0
S00092318,79,68,11,8,3
S00092319,37,37,0,0,0
S00092320,27,27,0,0,0
S00092321,38,38,0,0,0
S00092322,47,47,0,0,0
S00092323,68,67,1,0,1
S00092324,60,59,1,0,1
S00092325,30,29,1,0,1
S00092326,47,47,0,0,0
S00092327,42,42,0,0,0
S00092328,28,28,0,0,0
S00092329,70,70,0,0,0
S00092330,54,52,2,0,2
S00092331,57,52,5,0,5
S00092332,80,77,3,1,2
S00092333,69,69,0,0,0
S00092334,62,62,0,0,0
S00092335,67,66,1,1,0
S00092336,51,50,1,0,1
S00092337,47,46,1,0,1
S00092338,52,51,1,0,1
S00092339,45,45,0,0,0
S00092340,63,61,2,0,2
S00092341,76,75,1,0,1
S00092342,64,59,5,3,2
S00092343,29,27,2,0,2
S00092344,73,72,1,0,1
S00092345,58,58,0,0,0
S00092346,55,55,0,0,0
S00092347,78,76,2,0,2
S00092348,53,53,0,0,0
S00092349,48,48,0,0,0
S00092350,55,52,3,0,3
S00092351,40,39,1,0,1
S00092352,41,37,4,0,4
S00092353,70,69,1,0,1
S00092354,44,44,0,0,0
S00092355,30,28,2,0,2
S00092356,78,75,3,1,2
S00092357,45,38,7,0,7
S00092358,51,50,1,0,1
S00092359,35,34,1,0,1
S00092360,49,48,1,0,1
S00092361,51,45,6,2,4
S00092362,71,71,0,0,0
S00092363,49,49,0,0,0
S00092364,31,31,0,0,0
S00092365,56,52,4,0,4
S00092366,63,62,1,0,1
S00092367,57,54,3,0,3
S00092368,54,52,2,0,2
S00092369,55,52,3,0,3
S00092370,66,61,5,1,4
S00092371,52,50,2,0,2
S00092372,50,50,0,0,0
S00092373,33,33,0,0,0
S00092374,47,45,2,0,2
S00092375,82,77,5,0,5
S00092376,42,42,0,0,0
S00092377,38,33,5,0,5
S00092378,44,41,3,1,2
S00092379,33,33,0,0,0
S00092380,26,23,3,1,2
S00092381,30,28,2,2,0
S00092382,37,36,1,0,1
S00092383,56,52,4,0,4
S00092384,77,71,6,1,5
S00092385,56,56,0,0,0
S00092386,53,51,2,0,2
S00092387,71,70,1,0,1
S00092388,38,36,2,0,2
S00092389,77,76,1,0,1
S00092390,46,44,2,0,2
S00092391,29,28,1,0,1
S00092392,65,62,3,0,3
S00092393,41,41,0,0,0
S00092394,74,71,3,0,3
S00092395,50,49,1,0,1
S00092396,45,42,3,0,3
S00092397,66,65,1,1,0
S00092398,73,70,3,2,1
S00092399,59,57,2,1,1
S00092400,74,71,3,1,2
S00092401,63,62,1,0,1
S00092402,65,60,5,3,2
S00092403,58,56,2,0,2
S00092404,58,52,6,1,5
S00092405,57,54,3,0,3
S00092406,50,48,2,0,2
S00092407,66,66,0,0,0
S00092408,58,57,1,1,0
S00092409,51,47,4,1,3
S00092410,61,59,2,0,2
S00092411,27,26,1,0,1
S00092412,43,39,4,2,2
S00092413,45,43,2,1,1
S00092414,38,37,1,1,0
S00092415,47,45,2,2,0
S00092416,44,43,1,0,1
S00092417,55,39,16,16,0
S00092418,59,49,10,8,2
S00092419,33,27,6,2,4
S00092420,60,51,9,5,4
S00092421,30,28,2,1,1
S00092422,34,33,1,0,1
S00092423,57,55,2,0,2
S00092424,28,26,2,1,1
S00092425,86,77,9,9,0
S00092426,68,55,13,11,2
S00092427,69,51,18,15,3
S00092428,59,50,9,9,0
S00092429,45,43,2,0,2
S00092430,47,45,2,1,1
S00092431,59,59,0,0,0
S00092432,49,47,2,0,2
S00092433,59,51,8,5,3
S00092434,74,72,2,1,1
S00092435,33,31,2,0,2
S00092436,68,67,1,0,1
S00092437,64,63,1,0,1
S00092438,41,40,1,0,1
S00092439,54,54,0,0,0
S00092440,24,22,2,1,1
S00092441,83,83,0,0,0
S00092442,51,46,5,0,5
S00092443,45,45,0,0,0
S00092444,41,41,0,0,0
S00092445,27,25,2,0,2
S00092446,55,42,13,12,1
S00092447,32,31,1,0,1
S00092448,81,69,12,12,0
S00092449,38,38,0,0,0
S00092450,59,59,0,0,0
S00092451,63,63,0,0,0
S00092452,52,52,0,0,0
S00092453,54,54,0,0,0
S00092454,48,47,1,0,1
S00092455,54,54,0,0,0
S00092456,35,35,0,0,0
S00092457,33,33,0,0,0
S00092458,76,75,1,0,1
S00092459,76,76,0,0,0
S00092460,45,45,0,0,0
S00092461,26,25,1,0,1
S00092462,68,67,1,1,0
S00092463,37,37,0,0,0
S00092464,70,66,4,0,4
S00092465,40,40,0,0,0
S00092466,62,62,0,0,0
S00092467,51,51,0,0,0
S00092468,38,37,1,0,1
S00092469,29,27,2,0,2
S00092470,72,71,1,0,1
S00092471,96,93,3,0,3
S00092472,34,34,0,0,0
S00092473,38,38,0,0,0
S00092474,60,59,1,0,1
S00092475,76,75,1,0,1
S00092476,43,42,1,0,1
S00092477,56,55,1,0,1
S00092478,27,26,1,0,1
S00092479,59,56,3,1,2
S00092480,50,48,2,0,2
S00092481,47,43,4,1,3
S00092482,44,40,4,2,2
S00092483,58,53,5,1,4
S00092484,50,44,6,4,2
S00092485,101,62,39,31,8
S00092486,33,33,0,0,0
S00092487,71,65,6,5,1
S00092488,36,35,1,1,0
S00092489,50,46,4,2,2
S00092490,48,48,0,0,0
S00092491,56,53,3,0,3
S00092492,34,34,0,0,0
S00092493,65,62,3,0,3
S00092494,60,59,1,0,1
S00092495,51,50,1,0,1
S00092496,55,55,0,0,0
S00092497,47,43,4,0,4
S00092498,46,45,1,0,1
S00092499,49,44,5,3,2
S00092500,51,51,0,0,0
S00092501,50,47,3,0,3
S00092502,50,50,0,0,0
S00092503,59,58,1,0,1
S00092504,54,52,2,0,2
S00092505,46,46,0,0,0
S00092506,57,56,1,0,1
S00092507,70,64,6,0,6
S00092508,68,68,0,0,0
S00092509,46,43,3,0,3
S00092510,53,53,0,0,0
S00092511,65,61,4,1,3
S00092512,66,65,1,1,0
S00092513,64,63,1,0,1
S00092514,63,63,0,0,0
S00092515,29,28,1,0,1
S00092516,60,57,3,0,3
S00092517,57,55,2,0,2
S00092518,47,47,0,0,0
S00092519,70,68,2,0,2
S00092520,56,53,3,1,2
S00092521,48,46,2,0,2
S00092522,77,74,3,0,3
S00092523,30,29,1,1,0
S00092524,79,75,4,0,4
S00092525,24,23,1,0,1
S00092526,42,42,0,0,0
S00092527,42,40,2,0,2
S00092528,55,54,1,0,1
S00092529,60,58,2,0,2
S00092530,48,46,2,1,1
S00092531,41,39,2,0,2
S00092532,54,53,1,0,1
S00092533,50,49,1,1,0
S00092534,64,63,1,0,1
S00092535,29,29,0,0,0
S00092536,41,38,3,0,3
S00092537,25,24,1,1,0
S00092538,70,69,1,0,1
S00092539,34,32,2,1,1
S00092540,56,56,0,0,0
S00092541,45,45,0,0,0
S00092542,44,44,0,0,0
S00092543,77,75,2,0,2
S00092544,38,37,1,0,1
S00092545,50,49,1,1,0
S00092546,26,26,0,0,0
S00092547,54,51,3,0,3
S00092548,35,34,1,0,1
S00092549,55,51,4,0,4
S00092550,81,79,2,1,1
S00092551,71,68,3,0,3
S00092552,73,72,1,0,1
S00092553,54,53,1,0,1
S00092554,63,62,1,0,1
S00092555,57,57,0,0,0
S00092556,45,43,2,0,2
S00092557,71,67,4,0,4
S00092558,67,67,0,0,0
S00092559,57,57,0,0,0
S00092560,59,57,2,0,2
S00092561,37,37,0,0,0
S00092562,82,77,5,0,5
S00092563,66,61,5,2,3
S00092564,37,33,4,2,2
S00092565,64,64,0,0,0
S00092566,55,53,2,0,2
S00092567,46,46,0,0,0
S00092568,50,50,0,0,0
S00092569,65,65,0,0,0
S00092570,51,51,0,0,0
S00092571,41,38,3,0,3
S00092572,35,33,2,0,2
S00092573,76,73,3,1,2
S00092574,54,54,0,0,0
S00092575,73,68,5,2,3
S00092576,36,36,0,0,0
S00092577,45,42,3,0,3
S00092578,37,36,1,1,0
S00092579,39,39,0,0,0
S00092580,67,61,6,3,3
S00092581,67,65,2,2,0
S00092582,46,42,4,1,3
S00092583,116,72,44,40,4
S00092584,27,27,0,0,0
S00092585,69,67,2,1,1
S00092586,68,66,2,0,2
S00092587,58,55,3,1,2
S00092588,57,53,4,4,0
S00092589,73,58,15,12,3
S00092590,64,44,20,15,5
S00092591,42,40,2,2,0
S00092592,73,69,4,0,4
S00092593,52,49,3,0,3
S00092594,55,54,1,0,1
S00092595,41,41,0,0,0
S00092596,76,73,3,0,3
S00092597,53,46,7,4,3
S00092598,63,58,5,4,1
S00092599,58,53,5,2,3
S00092600,45,43,2,0,2
S00092601,46,40,6,0,6
S00092602,40,39,1,0,1
S00092603,57,53,4,2,2
S00092604,59,57,2,1,1
S00092605,49,46,3,1,2
S00092606,40,38,2,1,1
S00092607,51,49,2,1,1
S00092608,46,41,5,2,3
S00092609,69,69,0,0,0
S00092610,75,75,0,0,0
S00092611,35,33,2,1,1
S00092612,59,59,0,0,0
S00092613,46,43,3,1,2
S00092614,40,40,0,0,0
S00092615,30,30,0,0,0
S00092616,64,63,1,0,1
S00092617,32,32,0,0,0
S00092618,66,66,0,0,0
S00092619,59,59,0,0,0
S00092620,46,46,0,0,0
S00092621,69,68,1,0,1
S00092622,48,47,1,0,1
S00092623,58,55,3,0,3
S00092624,52,50,2,0,2
S00092625,61,61,0,0,0
S00092626,41,39,2,0,2
S00092627,55,52,3,0,3
S00092628,20,20,0,0,0
S00092629,88,87,1,0,1
S00092630,24,24,0,0,0
S00092631,75,75,0,0,0
S00092632,35,34,1,0,1
S00092633,58,56,2,1,1
S00092634,57,57,0,0,0
S00092635,75,74,1,0,1
S00092636,63,63,0,0,0
S00092637,58,58,0,0,0
S00092638,41,41,0,0,0
S00092639,38,38,0,0,0
S00092640,59,58,1,0,1
S00092641,59,57,2,0,2
S00092642,75,74,1,0,1
S00092643,24,24,0,0,0
S00092644,52,52,0,0,0
S00092645,38,38,0,0,0
S00092646,42,42,0,0,0
S00092647,69,68,1,0,1
S00092648,56,56,0,0,0
S00092649,67,66,1,1,0
S00092650,72,71,1,0,1
S00092651,50,49,1,0,1
S00092652,28,28,0,0,0
S00092653,66,66,0,0,0
S00092654,48,48,0,0,0
S00092655,49,49,0,0,0
S00092656,35,35,0,0,0
S00092657,77,77,0,0,0
S00092658,29,29,0,0,0
S00092659,73,72,1,0,1
S00092660,48,47,1,0,1
S00092661,48,47,1,0,1
S00092662,33,32,1,0,1
S00092663,39,39,0,0,0
S00092664,64,62,2,0,2
S00092665,32,32,0,0,0
S00092666,78,77,1,0,1
S00092667,43,39,4,2,2
S00092668,38,38,0,0,0
S00092669,62,61,1,0,1
S00092670,36,36,0,0,0
S00092671,46,44,2,0,2
S00092672,74,71,3,0,3
S00092673,33,33,0,0,0
S00092674,60,59,1,1,0
S00092675,67,66,1,0,1
S00092676,36,35,1,1,0
S00092677,42,42,0,0,0
S00092678,54,51,3,0,3
S00092679,46,43,3,2,1
S00092680,81,77,4,3,1
S00092681,45,45,0,0,0
S00092682,49,48,1,1,0
S00092683,64,64,0,0,0
S00092684,31,30,1,0,1
S00092685,38,38,0,0,0
S00092686,64,63,1,0,1
S00092687,77,76,1,0,1
S00092688,41,41,0,0,0
S00092689,76,76,0,0,0
S00092690,77,77,0,0,0
S00092691,45,45,0,0,0
S00092692,36,36,0,0,0
S00092693,48,48,0,0,0
S00092694,64,64,0,0,0
S00092695,30,29,1,0,1
S00092696,48,48,0,0,0
S00092697,48,48,0,0,0
S00092698,65,65,0,0,0
S00092699,56,52,4,2,2
S00092700,40,40,0,0,0
S00092701,56,56,0,0,0
S00092702,42,42,0,0,0
S00092703,70,70,0,0,0
S00092704,62,60,2,1,1
S00092705,63,59,4,0,4
S00092706,71,68,3,0,3
S00092707,44,41,3,0,3
S00092708,45,45,0,0,0
S00092709,51,50,1,0,1
S00092710,64,63,1,0,1
S00092711,50,48,2,2,0
S00092712,47,47,0,0,0
S00092713,51,51,0,0,0
S00092714,29,29,0,0,0
S00092715,50,49,1,1,0
S00092716,44,44,0,0,0
S00092717,78,77,1,1,0
S00092718,62,58,4,0,4
S00092719,40,40,0,0,0
S00092720,74,73,1,0,1
S00092721,34,34,0,0,0
S00092722,34,33,1,0,1
S00092723,67,67,0,0,0
S00092724,50,48,2,0,2
S00092725,53,48,5,0,5
S00092726,42,42,0,0,0
S00092727,37,36,1,0,1
S00092728,53,51,2,1,1
S00092729,65,63,2,0,2
S00092730,53,52,1,0,1
S00092731,54,54,0,0,0
S00092732,56,56,0,0,0
S00092733,61,60,1,0,1
S00092734,58,58,0,0,0
S00092735,27,27,0,0,0
S00092736,46,36,10,4,6
S00092737,51,50,1,0,1
S00092738,71,69,2,0,2
S00092739,50,48,2,0,2
S00092740,31,29,2,0,2
S00092741,44,43,1,0,1
S00092742,50,48,2,0,2
S00092743,38,36,2,1,1
S00092744,56,56,0,0,0
S00092745,76,75,1,0,1
S00092746,27,27,0,0,0
S00092747,45,44,1,0,1
S00092748,63,61,2,0,2
S00092749,49,49,0,0,0
S00092750,56,54,2,0,2
S00092751,44,44,0,0,0
S00092752,68,66,2,0,2
S00092753,46,46,0,0,0
S00092754,37,36,1,0,1
S00092755,21,21,0,0,0
S00092756,70,68,2,0,2
S00092757,72,72,0,0,0
S00092758,52,51,1,0,1
S00092759,59,58,1,0,1
S00092760,56,55,1,0,1
S00092761,35,34,1,0,1
S00092762,42,41,1,0,1
S00092763,54,53,1,1,0
S00092764,44,44,0,0,0
S00092765,83,81,2,0,2
S00092766,37,36,1,0,1
S00092767,54,54,0,0,0
S00092768,58,57,1,0,1
S00092769,61,59,2,0,2
S00092770,34,33,1,0,1
S00092771,57,57,0,0,0
S00092772,57,55,2,0,2
S00092773,25,25,0,0,0
S00092774,55,53,2,0,2
S00092775,38,37,1,0,1
S00092776,50,48,2,2,0
S00092777,40,40,0,0,0
S00092778,50,50,0,0,0
S00092779,62,61,1,0,1
S00092780,41,41,0,0,0
S00092781,52,52,0,0,0
S00092782,43,43,0,0,0
S00092783,44,44,0,0,0
S00092784,58,57,1,0,1
S00092785,77,75,2,0,2
S00092786,52,52,0,0,0
S00092787,57,56,1,0,1
S00092788,77,77,0,0,0
S00092789,80,80,0,0,0
S00092790,78,77,1,0,1
S00092791,38,37,1,1,0
S00092792,66,65,1,0,1
S00092793,71,69,2,0,2
S00092794,47,47,0,0,0
S00092795,39,39,0,0,0
S00092796,35,35,0,0,0
S00092797,56,53,3,0,3
S00092798,52,51,1,0,1
S00092799,59,50,9,0,9
S00092800,60,60,0,0,0
S00092801,23,22,1,0,1
S00092802,58,56,2,0,2
S00092803,23,22,1,0,1
S00092804,83,82,1,0,1
S00092805,34,33,1,0,1
S00092806,50,50,0,0,0
S00092807,62,60,2,0,2
S00092808,55,55,0,0,0
S00092809,45,45,0,0,0
S00092810,65,65,0,0,0
S00092811,52,50,2,0,2
S00092812,51,51,0,0,0
S00092813,66,62,4,0,4
S00092814,69,68,1,0,1
S00092815,66,64,2,0,2
S00092816,62,61,1,0,1
S00092817,35,35,0,0,0
S00092818,63,60,3,0,3
S00092819,48,46,2,0,2
S00092820,56,56,0,0,0
S00092821,34,33,1,0,1
S00092822,34,32,2,0,2
S00092823,89,89,0,0,0
S00092824,59,58,1,0,1
S00092825,43,41,2,0,2
S00092826,45,44,1,1,0
S00092827,36,35,1,0,1
S00092828,46,41,5,3,2
S00092829,56,53,3,1,2
S00092830,85,83,2,0,2
S00092831,57,56,1,1,0
S00092832,55,52,3,0,3
S00092833,29,29,0,0,0
S00092834,30,30,0,0,0
S00092835,54,54,0,0,0
S00092836,32,31,1,0,1
S00092837,49,48,1,0,1
S00092838,52,50,2,0,2
S00092839,34,33,1,0,1
S00092840,57,56,1,0,1
S00092841,59,57,2,0,2
S00092842,47,45,2,1,1
S00092843,49,44,5,0,5
S00092844,63,62,1,0,1
S00092845,45,44,1,0,1
S00092846,52,49,3,1,2
S00092847,37,34,3,0,3
S00092848,69,64,5,0,5
S00092849,63,61,2,0,2
S00092850,26,24,2,0,2
S00092851,69,68,1,0,1
S00092852,63,61,2,0,2
S00092853,59,56,3,0,3
S00092854,29,28,1,0,1
S00092855,39,37,2,0,2
S00092856,52,50,2,0,2
S00092857,53,52,1,1,0
S00092858,82,80,2,1,1
S00092859,33,33,0,0,0
S00092860,42,42,0,0,0
S00092861,50,50,0,0,0
S00092862,36,34,2,0,2
S00092863,42,42,0,0,0
S00092864,60,59,1,0,1
S00092865,47,47,0,0,0
S00092866,22,22,0,0,0
S00092867,45,44,1,0,1
S00092868,61,57,4,0,4
S00092869,47,44,3,1,2
S00092870,44,43,1,0,1
S00092871,64,64,0,0,0
S00092872,37,36,1,0,1
S00092873,81,78,3,0,3
S00092874,65,62,3,1,2
S00092875,81,77,4,0,4
S00092876,37,36,1,0,1
S00092877,77,70,7,3,4
S00092878,53,48,5,2,3
S00092879,48,47,1,0,1
S00092880,55,53,2,0,2
S00092881,70,67,3,0,3
S00092882,52,47,5,0,5
S00092883,59,58,1,0,1
S00092884,25,24,1,0,1
S00092885,69,68,1,1,0
S00092886,53,51,2,1,1
S00092887,67,67,0,0,0
S00092888,27,26,1,1,0
S00092889,42,37,5,5,0
S00092890,45,36,9,8,1
S00092891,75,64,11,5,6
S00092892,81,65,16,8,8
S00092893,54,51,3,1,2
S00092894,51,47,4,2,2
S00092895,39,38,1,1,0
S00092896,49,48,1,1,0
S00092897,44,42,2,1,1
S00092898,50,47,3,1,2
S00092899,27,25,2,1,1
S00092900,53,50,3,2,1
S00092901,93,91,2,1,1
S00092902,41,41,0,0,0
S00092903,70,70,0,0,0
S00092904,51,51,0,0,0
S00092905,63,63,0,0,0
S00092906,60,57,3,3,0
S00092907,73,69,4,4,0
S00092908,40,34,6,6,0
S00092909,40,39,1,0,1
S00092910,66,64,2,0,2
S00092911,54,52,2,0,2
S00092912,58,56,2,0,2
S00092913,44,44,0,0,0
S00092914,41,40,1,0,1
S00092915,60,57,3,2,1
S00092916,74,73,1,0,1
S00092917,66,64,2,0,2
S00092918,59,59,0,0,0
S00092919,67,66,1,0,1
S00092920,54,49,5,1,4
S00092921,76,72,4,1,3
S00092922,40,36,4,0,4
S00092923,74,46,28,27,1
S00092924,73,59,14,12,2
S00092925,109,73,36,31,5
S00092926,37,26,11,9,2
S00092927,60,59,1,0,1
S00092928,54,54,0,0,0
S00092929,33,32,1,0,1
S00092930,59,59,0,0,0
S00092931,62,61,1,0,1
S00092932,81,80,1,1,0
S00092933,58,57,1,0,1
S00092934,59,56,3,0,3
S00092935,49,49,0,0,0
S00092936,46,45,1,1,0
S00092937,69,60,9,1,8
S00092938,76,69,7,0,7
S00092939,78,68,10,10,0
S00092940,48,46,2,0,2
S00092941,67,67,0,0,0
S00092942,58,58,0,0,0
S00092943,32,32,0,0,0
S00092944,49,49,0,0,0
S00092945,51,50,1,0,1
S00092946,48,47,1,0,1
S00092947,61,57,4,0,4
S00092948,59,57,2,0,2
S00092949,25,25,0,0,0
S00092950,69,65,4,1,3
S00092951,77,75,2,0,2
S00092952,52,52,0,0,0
S00092953,42,41,1,0,1
S00092954,44,42,2,0,2
S00092955,38,38,0,0,0
S00092956,57,57,0,0,0
S00092957,34,34,0,0,0
S00092958,52,50,2,0,2
S00092959,33,31,2,1,1
S00092960,60,59,1,0,1
S00092961,43,41,2,0,2
S00092962,46,46,0,0,0
S00092963,48,47,1,0,1
S00092964,43,43,0,0,0
S00092965,72,72,0,0,0
S00092966,48,48,0,0,0
S00092967,40,40,0,0,0
S00092968,48,48,0,0,0
S00092969,48,46,2,0,2
S00092970,24,24,0,0,0
S00092971,82,79,3,0,3
S00092972,75,72,3,0,3
S00092973,52,50,2,1,1
S00092974,51,45,6,1,5
S00092975,49,49,0,0,0
S00092976,56,53,3,1,2
S00092977,50,49,1,0,1
S00092978,46,44,2,1,1
S00092979,32,29,3,0,3
S00092980,86,84,2,0,2
S00092981,30,27,3,0,3
S00092982,38,37,1,0,1
S00092983,75,74,1,1,0
S00092984,66,63,3,1,2
S00092985,61,59,2,1,1
S00092986,54,54,0,0,0
S00092987,46,45,1,0,1
S00092988,49,49,0,0,0
S00092989,82,75,7,0,7
S00092990,55,55,0,0,0
S00092991,76,73,3,1,2
S00092992,75,72,3,0,3
S00092993,45,43,2,0,2
S00092994,67,65,2,0,2
S00092995,41,40,1,0,1
S00092996,42,40,2,0,2
S00092997,47,47,0,0,0
S00092998,73,66,7,5,2
S00092999,71,65,6,2,4
S00093000,44,43,1,0,1
S00093001,59,55,4,0,4
S00093002,75,69,6,2,4
S00093003,39,38,1,0,1
S00093004,88,84,4,0,4
S00093005,63,62,1,0,1
S00093006,73,68,5,0,5
S00093007,61,60,1,0,1
S00093008,57,54,3,0,3
S00093009,28,25,3,1,2
S00093010,47,44,3,0,3
S00093011,42,40,2,1,1
S00093012,52,49,3,1,2
S00093013,64,59,5,1,4
S00093014,42,39,3,1,2
S00093015,30,30,0,0,0
S00093016,46,45,1,1,0
S00093017,60,56,4,1,3
S00093018,44,43,1,0,1
S00093019,60,56,4,0,4
S00093020,36,33,3,1,2
S00093021,45,42,3,0,3
S00093022,48,45,3,0,3
S00093023,41,40,1,0,1
S00093024,31,31,0,0,0
S00093025,48,44,4,0,4
S00093026,54,54,0,0,0
S00093027,56,52,4,1,3
S00093028,46,45,1,0,1
S00093029,79,73,6,1,5
S00093030,41,41,0,0,0
S00093031,42,41,1,0,1
S00093032,69,62,7,2,5
S00093033,54,53,1,0,1
S00093034,43,40,3,2,1
S00093035,44,41,3,1,2
S00093036,46,39,7,3,4
S00093037,47,42,5,2,3
S00093038,32,27,5,4,1
S00093039,76,68,8,4,4
S00093040,63,63,0,0,0
S00093041,26,26,0,0,0
S00093042,73,71,2,0,2
S00093043,61,59,2,0,2
S00093044,42,31,11,9,2
S00093045,74,70,4,1,3
S00093046,76,70,6,0,6
S00093047,68,57,11,3,8
S00093048,35,32,3,2,1
S00093049,39,33,6,0,6
S00093050,42,36,6,3,3
S00093051,41,35,6,6,0
S00093052,45,36,9,8,1
S00093053,56,48,8,4,4
S00093054,38,36,2,1,1
S00093055,48,43,5,2,3
S00093056,29,21,8,0,8
S00093057,43,36,7,3,4
S00093058,64,61,3,0,3
S00093059,56,56,0,0,0
S00093060,43,43,0,0,0
S00093061,36,34,2,0,2
S00093062,49,48,1,0,1
S00093063,48,47,1,0,1
S00093064,59,57,2,1,1
S00093065,79,77,2,0,2
S00093066,50,45,5,0,5
S00093067,25,25,0,0,0
S00093068,59,57,2,0,2
S00093069,29,28,1,0,1
S00093070,56,55,1,0,1
S00093071,43,41,2,0,2
S00093072,51,47,4,0,4
S00093073,54,53,1,0,1
S00093074,49,49,0,0,0
S00093075,44,42,2,0,2
S00093076,66,64,2,0,2
S00093077,48,44,4,2,2
S00093078,38,37,1,0,1
S00093079,30,29,1,0,1
S00093080,59,56,3,1,2
S00093081,61,57,4,0,4
S00093082,59,59,0,0,0
S00093083,75,72,3,0,3
S00093084,48,42,6,0,6
S00093085,49,46,3,1,2
S00093086,20,20,0,0,0
S00093087,49,47,2,0,2
S00093088,60,58,2,0,2
S00093089,62,55,7,4,3
S00093090,52,48,4,2,2
S00093091,49,48,1,0,1
S00093092,70,66,4,2,2
S00093093,50,46,4,1,3
S00093094,53,50,3,0,3
S00093095,71,63,8,6,2
S00093096,38,25,13,11,2
S00093097,48,28,20,19,1
S00093098,49,34,15,12,3
S00093099,67,63,4,0,4
S00093100,58,54,4,3,1
S00093101,82,66,16,5,11
S00093102,76,65,11,8,3
S00093103,63,58,5,3,2
S00093104,54,54,0,0,0
S00093105,74,73,1,0,1
S00093106,47,46,1,0,1
S00093107,47,47,0,0,0
S00093108,38,38,0,0,0
S00093109,52,50,2,0,2
S00093110,48,46,2,0,2
S00093111,40,39,1,0,1
S00093112,38,38,0,0,0
S00093113,33,33,0,0,0
S00093114,51,51,0,0,0
S00093115,47,46,1,0,1
S00093116,69,69,0,0,0
S00093117,58,57,1,0,1
S00093118,69,68,1,0,1
S00093119,58,58,0,0,0
S00093120,46,46,0,0,0
S00093121,56,55,1,0,1
S00093122,57,55,2,0,2
S00093123,46,45,1,0,1
S00093124,53,50,3,1,2
S00093125,47,47,0,0,0
S00093126,48,47,1,0,1
S00093127,49,49,0,0,0
S00093128,61,59,2,0,2
S00093129,62,62,0,0,0
S00093130,58,57,1,0,1
S00093131,56,53,3,0,3
S00093132,42,42,0,0,0
S00093133,48,48,0,0,0
S00093134,56,55,1,0,1
S00093135,59,58,1,0,1
S00093136,45,45,0,0,0
S00093137,41,40,1,0,1
S00093138,55,55,0,0,0
S00093139,51,51,0,0,0
S00093140,60,60,0,0,0
S00093141,44,44,0,0,0
S00093142,63,62,1,0,1
S00093143,49,49,0,0,0
S00093144,51,51,0,0,0
S00093145,58,58,0,0,0
S00093146,52,51,1,0,1
S00093147,51,50,1,0,1
S00093148,44,42,2,0,2
S00093149,50,49,1,0,1
S00093150,46,44,2,0,2
S00093151,63,63,0,0,0
S00093152,52,52,0,0,0
S00093153,53,52,1,0,1
S00093154,54,54,0,0,0
S00093155,43,42,1,0,1
S00093156,69,69,0,0,0
S00093157,58,58,0,0,0
S00093158,74,72,2,0,2
S00093159,58,58,0,0,0
S00093160,60,60,0,0,0
S00093161,58,56,2,0,2
S00093162,69,68,1,0,1
S00093163,59,58,1,0,1
S00093164,67,65,2,0,2
S00093165,51,48,3,0,3
S00093166,74,70,4,0,4
S00093167,64,63,1,0,1
S00093168,40,40,0,0,0
S00093169,44,43,1,0,1
S00093170,39,38,1,0,1
S00093171,58,58,0,0,0
S00093172,57,57,0,0,0
S00093173,44,44,0,0,0
S00093174,59,58,1,0,1
S00093175,39,33,6,0,6
S00093176,48,48,0,0,0
S00093177,45,44,1,0,1
S00093178,63,60,3,1,2
S00093179,54,54,0,0,0
S00093180,49,47,2,0,2
S00093181,57,57,0,0,0
S00093182,76,75,1,0,1
S00093183,47,47,0,0,0
S00093184,65,65,0,0,0
S00093185,53,51,2,0,2
S00093186,67,67,0,0,0
S00093187,58,57,1,0,1
S00093188,44,44,0,0,0
S00093189,53,52,1,0,1
S00093190,78,74,4,1,3
S00093191,53,51,2,1,1
S00093192,42,41,1,0,1
S00093193,56,56,0,0,0
S00093194,63,62,1,0,1
S00093195,41,40,1,0,1
S00093196,61,59,2,0,2
S00093197,34,33,1,0,1
S00093198,69,69,0,0,0
S00093199,71,70,1,0,1
S00093200,34,32,2,0,2
S00093201,49,49,0,0,0
S00093202,49,47,2,0,2
S00093203,40,39,1,0,1
S00093204,47,46,1,0,1
S00093205,45,45,0,0,0
S00093206,50,47,3,0,3
S00093207,47,47,0,0,0
S00093208,45,45,0,0,0
S00093209,43,43,0,0,0
S00093210,61,61,0,0,0
S00093211,41,40,1,0,1
S00093212,42,42,0,0,0
S00093213,44,41,3,0,3
S00093214,50,49,1,0,1
S00093215,47,45,2,0,2
S00093216,44,42,2,0,2
S00093217,49,36,13,0,13
S00093218,52,52,0,0,0
S00093219,51,50,1,0,1
S00093220,48,48,0,0,0
S00093221,43,42,1,0,1
S00093222,58,58,0,0,0
S00093223,54,54,0,0,0
S00093224,51,50,1,0,1
S00093225,47,46,1,0,1
S00093226,52,50,2,0,2
S00093227,53,50,3,0,3
S00093228,43,42,1,0,1
S00093229,76,72,4,2,2
S00093230,65,64,1,0,1
S00093231,45,43,2,0,2
S00093232,45,45,0,0,0
S00093233,58,55,3,0,3
S00093234,48,47,1,0,1
S00093235,43,43,0,0,0
S00093236,65,63,2,1,1
S00093237,72,72,0,0,0
S00093238,46,44,2,1,1
S00093239,64,64,0,0,0
S00093240,42,40,2,0,2
S00093241,55,52,3,0,3
S00093242,42,40,2,0,2
S00093243,54,50,4,0,4
S00093244,78,69,9,6,3
S00093245,52,46,6,2,4
S00093246,55,54,1,0,1
S00093247,62,60,2,0,2
S00093248,41,40,1,0,1
S00093249,49,49,0,0,0
S00093250,52,52,0,0,0
S00093251,73,73,0,0,0
S00093252,53,53,0,0,0
S00093253,49,48,1,0,1
S00093254,38,38,0,0,0
S00093255,43,42,1,0,1
S00093256,56,53,3,0,3
S00093257,74,62,12,0,12
S00093258,49,48,1,0,1
S00093259,57,57,0,0,0
S00093260,57,54,3,0,3
S00093261,37,35,2,0,2
S00093262,71,61,10,0,10
S00093263,34,34,0,0,0
S00093264,49,48,1,0,1
S00093265,72,69,3,0,3
S00093266,53,45,8,3,5
S00093267,45,40,5,0,5
S00093268,53,53,0,0,0
S00093269,53,39,14,9,5
S00093270,66,60,6,1,5
S00093271,38,37,1,0,1
S00093272,51,47,4,0,4
S00093273,69,52,17,1,16
S00093274,74,68,6,2,4
S00093275,49,44,5,2,3
S00093276,78,69,9,0,9
S00093277,46,44,2,0,2
S00093278,41,40,1,0,1
S00093279,75,68,7,0,7
S00093280,49,48,1,0,1
S00093281,72,65,7,0,7
S00093282,61,58,3,0,3
S00093283,80,71,9,0,9
S00093284,60,53,7,0,7
S00093285,64,63,1,0,1
S00093286,58,56,2,0,2
S00093287,63,59,4,0,4
S00093288,45,43,2,0,2
S00093289,40,39,1,1,0
S00093290,62,59,3,1,2
S00093291,42,40,2,0,2
S00093292,40,38,2,0,2
S00093293,34,34,0,0,0
S00093294,46,43,3,0,3
S00093295,48,46,2,0,2
S00093296,39,37,2,0,2
S00093297,43,38,5,0,5
S00093298,75,75,0,0,0
S00093299,77,76,1,0,1
S00093300,64,64,0,0,0
S00093301,44,44,0,0,0
S00093302,63,63,0,0,0
S00093303,80,76,4,0,4
S00093304,33,32,1,0,1
S00093305,38,38,0,0,0
S00093306,83,77,6,0,6
S00093307,37,36,1,0,1
S00093308,61,59,2,0,2
S00093309,43,41,2,0,2
S00093310,59,58,1,0,1
S00093311,48,48,0,0,0
S00093312,49,49,0,0,0
S00093313,72,67,5,0,5
S00093314,50,50,0,0,0
S00093315,54,52,2,0,2
S00093316,49,49,0,0,0
S00093317,43,41,2,0,2
S00093318,42,41,1,0,1
S00093319,47,44,3,0,3
S00093320,55,54,1,0,1
S00093321,41,40,1,0,1
S00093322,57,56,1,0,1
S00093323,67,66,1,0,1
S00093324,61,58,3,0,3
S00093325,52,52,0,0,0
S00093326,49,48,1,0,1
S00093327,47,47,0,0,0
S00093328,59,59,0,0,0
S00093329,61,60,1,0,1
S00093330,48,47,1,0,1
S00093331,45,45,0,0,0
S00093332,69,69,0,0,0
S00093333,43,43,0,0,0
S00093334,100,99,1,0,1
S00093335,74,71,3,0,3
S00093336,64,63,1,0,1
S00093337,41,40,1,0,1
S00093338,40,40,0,0,0
S00093339,62,62,0,0,0
S00093340,50,49,1,0,1
S00093341,29,29,0,0,0
S00093342,69,69,0,0,0
S00093343,39,38,1,0,1
S00093344,58,56,2,0,2
S00093345,57,51,6,0,6
S00093346,42,41,1,0,1
S00093347,24,23,1,1,0
S00093348,34,34,0,0,0
S00093349,62,62,0,0,0
S00093350,68,67,1,0,1
S00093351,61,59,2,0,2
S00093352,42,37,5,0,5
S00093353,76,73,3,0,3
S00093354,57,57,0,0,0
S00093355,79,75,4,0,4
S00093356,40,40,0,0,0
S00093357,59,56,3,0,3
S00093358,56,55,1,0,1
S00093359,54,51,3,1,2
S00093360,51,51,0,0,0
S00093361,56,55,1,0,1
S00093362,71,69,2,0,2
S00093363,61,56,5,0,5
S00093364,37,35,2,1,1
S00093365,48,46,2,0,2
S00093366,72,72,0,0,0
S00093367,34,32,2,0,2
S00093368,49,48,1,0,1
S00093369,43,41,2,0,2
S00093370,70,65,5,0,5
S00093371,45,45,0,0,0
S00093372,65,65,0,0,0
S00093373,32,32,0,0,0
S00093374,65,64,1,0,1
S00093375,58,57,1,0,1
S00093376,78,77,1,0,1
S00093377,74,73,1,0,1
S00093378,39,39,0,0,0
S00093379,35,35,0,0,0
S00093380,46,45,1,0,1
S00093381,55,55,0,0,0
S00093382,48,47,1,0,1
S00093383,37,37,0,0,0
S00093384,55,54,1,0,1
S00093385,68,68,0,0,0
S00093386,46,45,1,0,1
S00093387,34,34,0,0,0
S00093388,64,63,1,0,1
S00093389,42,41,1,0,1
S00093390,37,37,0,0,0
S00093391,71,70,1,0,1
S00093392,54,51,3,0,3
S00093393,49,49,0,0,0
S00093394,45,45,0,0,0
S00093395,56,55,1,0,1
S00093396,39,39,0,0,0
S00093397,68,65,3,0,3
S00093398,49,47,2,0,2
S00093399,52,51,1,0,1
S00093400,46,43,3,0,3
S00093401,24,24,0,0,0
S00093402,56,55,1,0,1
S00093403,67,67,0,0,0
S00093404,48,48,0,0,0
S00093405,55,55,0,0,0
S00093406,40,40,0,0,0
S00093407,44,44,0,0,0
S00093408,34,34,0,0,0
S00093409,58,56,2,0,2
S00093410,68,68,0,0,0
S00093411,35,34,1,0,1
S00093412,49,47,2,0,2
S00093413,40,38,2,0,2
S00093414,32,32,0,0,0
S00093415,49,49,0,0,0
S00093416,50,50,0,0,0
S00093417,31,31,0,0,0
S00093418,21,21,0,0,0
S00093419,42,42,0,0,0
S00093420,75,72,3,0,3
S00093421,59,59,0,0,0
S00093422,47,47,0,0,0
S00093423,51,47,4,0,4
S00093424,44,43,1,0,1
S00093425,70,69,1,1,0
S00093426,68,66,2,0,2
S00093427,79,77,2,0,2
S00093428,63,59,4,0,4
S00093429,45,44,1,0,1
S00093430,61,59,2,0,2
S00093431,73,71,2,0,2
S00093432,28,27,1,0,1
S00093433,71,68,3,0,3
S00093434,46,46,0,0,0
S00093435,43,41,2,0,2
S00093436,59,58,1,0,1
S00093437,26,25,1,0,1
S00093438,49,49,0,0,0
S00093439,74,73,1,0,1
S00093440,50,50,0,0,0
S00093441,37,36,1,0,1
S00093442,58,58,0,0,0
S00093443,65,64,1,0,1
S00093444,45,43,2,0,2
S00093445,64,63,1,1,0
S00093446,31,31,0,0,0
S00093447,39,39,0,0,0
S00093448,30,29,1,0,1
S00093449,76,76,0,0,0
S00093450,34,34,0,0,0
S00093451,47,47,0,0,0
S00093452,75,73,2,0,2
S00093453,73,72,1,0,1
S00093454,64,61,3,0,3
S00093455,79,75,4,0,4
S00093456,71,65,6,0,6
S00093457,40,39,1,0,1
S00093458,77,75,2,0,2
S00093459,77,75,2,0,2
S00093460,75,73,2,0,2
S00093461,57,57,0,0,0
S00093462,39,39,0,0,0
S00093463,48,47,1,0,1
S00093464,31,31,0,0,0
S00093465,48,47,1,0,1
S00093466,77,74,3,0,3
S00093467,63,62,1,0,1
S00093468,29,29,0,0,0
S00093469,66,62,4,1,3
S00093470,58,55,3,0,3
S00093471,78,77,1,0,1
S00093472,37,36,1,0,1
S00093473,40,40,0,0,0
S00093474,68,67,1,1,0
S00093475,62,59,3,0,3
S00093476,48,46,2,0,2
S00093477,36,36,0,0,0
S00093478,38,37,1,0,1
S00093479,28,26,2,0,2
S00093480,32,29,3,1,2
S00093481,51,49,2,0,2
S00093482,56,48,8,0,8
S00093483,63,62,1,0,1
S00093484,45,44,1,0,1
S00093485,51,50,1,0,1
S00093486,48,42,6,0,6
S00093487,55,47,8,0,8
S00093488,71,70,1,0,1
S00093489,72,69,3,0,3
S00093490,50,49,1,0,1
S00093491,66,61,5,1,4
S00093492,67,64,3,1,2
S00093493,72,72,0,0,0
S00093494,71,67,4,0,4
S00093495,56,54,2,0,2
S00093496,40,39,1,0,1
S00093497,44,44,0,0,0
S00093498,50,50,0,0,0
S00093499,77,76,1,0,1
S00093500,70,70,0,0,0
S00093501,60,43,17,0,17
S00093502,55,52,3,0,3
S00093503,72,72,0,0,0
S00093504,54,52,2,0,2
S00093505,58,58,0,0,0
S00093506,52,49,3,0,3
S00093507,81,77,4,0,4
S00093508,45,44,1,0,1
S00093509,80,72,8,1,7
S00093510,45,42,3,0,3
S00093511,49,46,3,0,3
S00093512,42,37,5,1,4
S00093513,48,45,3,0,3
S00093514,36,33,3,0,3
S00093515,51,48,3,0,3
S00093516,48,47,1,0,1
S00093517,46,45,1,0,1
S00093518,49,47,2,0,2
S00093519,34,33,1,0,1
S00093520,60,60,0,0,0
S00093521,45,42,3,0,3
S00093522,47,47,0,0,0
S00093523,59,54,5,0,5
S00093524,46,45,1,0,1
S00093525,56,50,6,0,6
S00093526,48,48,0,0,0
S00093527,59,58,1,0,1
S00093528,56,53,3,0,3
S00093529,64,60,4,0,4
S00093530,63,56,7,0,7
S00093531,58,56,2,0,2
S00093532,53,48,5,0,5
S00093533,60,59,1,0,1
S00093534,67,62,5,0,5
S00093535,52,49,3,2,1
S00093536,56,53,3,0,3
S00093537,28,27,1,1,0
S00093538,64,62,2,0,2
S00093539,35,33,2,1,1
S00093540,55,53,2,0,2
S00093541,61,58,3,1,2
S00093542,44,40,4,1,3
S00093543,53,50,3,0,3
S00093544,52,50,2,0,2
S00093545,76,76,0,0,0
S00093546,40,40,0,0,0
S00093547,71,70,1,0,1
S00093548,53,52,1,0,1
S00093549,54,50,4,1,3
S00093550,53,51,2,1,1
S00093551,48,48,0,0,0
S00093552,78,72,6,1,5
S00093553,58,58,0,0,0
S00093554,55,55,0,0,0
S00093555,32,31,1,0,1
S00093556,51,51,0,0,0
S00093557,42,39,3,0,3
S00093558,37,37,0,0,0
S00093559,52,50,2,1,1
S00093560,61,61,0,0,0
S00093561,46,39,7,3,4
S00093562,81,76,5,3,2
S00093563,73,73,0,0,0
S00093564,62,62,0,0,0
S00093565,54,54,0,0,0
S00093566,49,48,1,0,1
S00093567,74,71,3,0,3
S00093568,45,45,0,0,0
S00093569,66,64,2,0,2
S00093570,44,44,0,0,0
S00093571,44,42,2,1,1
S00093572,59,59,0,0,0
S00093573,55,51,4,0,4
S00093574,46,44,2,1,1
S00093575,63,62,1,0,1
S00093576,39,39,0,0,0
S00093577,49,48,1,0,1
S00093578,37,35,2,0,2
S00093579,57,45,12,9,3
S00093580,83,72,11,6,5
S00093581,40,40,0,0,0
S00093582,48,48,0,0,0
S00093583,36,36,0,0,0
S00093584,30,28,2,0,2
S00093585,50,48,2,0,2
S00093586,67,61,6,0,6
S00093587,67,60,7,0,7
S00093588,68,66,2,1,1
S00093589,44,40,4,0,4
S00093590,52,52,0,0,0
S00093591,88,82,6,1,5
S00093592,51,48,3,0,3
S00093593,54,52,2,1,1
S00093594,87,75,12,0,12
S00093595,83,74,9,0,9
S00093596,66,65,1,0,1
S00093597,64,63,1,0,1
S00093598,68,66,2,0,2
S00093599,71,70,1,0,1
S00093600,42,35,7,0,7
S00093601,50,44,6,1,5
S00093602,65,58,7,1,6
S00093603,41,34,7,0,7
S00093604,45,42,3,0,3
S00093605,37,36,1,0,1
S00093606,37,35,2,0,2
S00093607,59,57,2,0,2
S00093608,73,73,0,0,0
S00093609,43,42,1,0,1
S00093610,49,49,0,0,0
S00093611,67,65,2,1,1
S00093612,48,47,1,0,1
S00093613,63,62,1,0,1
S00093614,60,59,1,0,1
S00093615,79,71,8,0,8
S00093616,73,61,12,0,12
S00093617,54,45,9,1,8
S00093618,59,55,4,0,4
S00093619,33,33,0,0,0
S00093620,55,54,1,0,1
S00093621,61,60,1,0,1
S00093622,42,41,1,0,1
S00093623,51,51,0,0,0
S00093624,59,51,8,0,8
S00093625,47,46,1,0,1
S00093626,59,59,0,0,0
S00093627,51,49,2,1,1
S00093628,38,38,0,0,0
S00093629,38,37,1,0,1
S00093630,68,65,3,2,1
S00093631,46,44,2,0,2
S00093632,61,59,2,0,2
S00093633,72,69,3,1,2
S00093634,62,60,2,0,2
S00093635,46,43,3,1,2
S00093636,62,60,2,1,1
S00093637,62,62,0,0,0
S00093638,53,52,1,0,1
S00093639,49,49,0,0,0
S00093640,48,47,1,0,1
S00093641,47,46,1,0,1
S00093642,56,55,1,0,1
S00093643,32,31,1,1,0
S00093644,63,63,0,0,0
S00093645,58,58,0,0,0
S00093646,33,33,0,0,0
S00093647,53,53,0,0,0
S00093648,54,53,1,1,0
S00093649,68,67,1,0,1
S00093650,57,57,0,0,0
S00093651,67,67,0,0,0
S00093652,46,45,1,1,0
S00093653,43,42,1,0,1
S00093654,75,75,0,0,0
S00093655,63,62,1,0,1
S00093656,62,61,1,0,1
S00093657,57,57,0,0,0
S00093658,57,57,0,0,0
S00093659,27,27,0,0,0
S00093660,40,40,0,0,0
S00093661,45,45,0,0,0
S00093662,34,33,1,0,1
S00093663,79,77,2,0,2
S00093664,50,50,0,0,0
S00093665,53,53,0,0,0
S00093666,54,54,0,0,0
S00093667,43,42,1,0,1
S00093668,45,44,1,0,1
S00093669,64,55,9,0,9
S00093670,78,66,12,1,11
S00093671,64,54,10,1,9
S00093672,72,67,5,0,5
S00093673,88,76,12,0,12
S00093674,56,51,5,0,5
S00093675,52,52,0,0,0
S00093676,64,58,6,0,6
S00093677,64,57,7,0,7
S00093678,74,74,0,0,0
S00093679,51,50,1,0,1
S00093680,55,55,0,0,0
S00093681,58,58,0,0,0
S00093682,40,40,0,0,0
S00093683,48,44,4,0,4
S00093684,57,57,0,0,0
S00093685,50,50,0,0,0
S00093686,39,38,1,0,1
S00093687,43,42,1,0,1
S00093688,48,47,1,0,1
S00093689,46,44,2,0,2
S00093690,67,67,0,0,0
S00093691,80,79,1,0,1
S00093692,64,64,0,0,0
S00093693,45,44,1,0,1
S00093694,61,57,4,0,4
S00093695,44,44,0,0,0
S00093696,61,59,2,0,2
S00093697,54,54,0,0,0
S00093698,69,68,1,0,1
S00093699,63,62,1,0,1
S00093700,65,63,2,0,2
S00093701,26,26,0,0,0
S00093702,34,33,1,0,1
S00093703,53,49,4,0,4
S00093704,39,31,8,0,8
S00093705,82,78,4,0,4
S00093706,60,54,6,0,6
S00093707,39,34,5,0,5
S00093708,55,53,2,0,2
S00093709,47,42,5,0,5
S00093710,94,71,23,0,23
S00093711,42,39,3,0,3
S00093712,52,49,3,0,3
S00093713,50,50,0,0,0
S00093714,69,68,1,0,1
S00093715,54,54,0,0,0
S00093716,50,49,1,0,1
S00093717,45,42,3,0,3
S00093718,53,51,2,1,1
S00093719,27,27,0,0,0
S00093720,41,40,1,0,1
S00093721,52,50,2,0,2
S00093722,62,60,2,0,2
S00093723,45,45,0,0,0
S00093724,36,34,2,0,2
S00093725,63,63,0,0,0
S00093726,68,63,5,1,4
S00093727,58,57,1,0,1
S00093728,69,67,2,1,1
S00093729,61,60,1,1,0
S00093730,49,45,4,0,4
S00093731,78,47,31,18,13
S00093732,40,40,0,0,0
S00093733,50,50,0,0,0
S00093734,47,44,3,0,3
S00093735,43,43,0,0,0
S00093736,61,57,4,2,2
S00093737,43,42,1,0,1
S00093738,26,26,0,0,0
S00093739,61,53,8,4,4
S00093740,68,59,9,6,3
S00093741,71,66,5,3,2
S00093742,69,65,4,1,3
S00093743,29,29,0,0,0
S00093744,54,54,0,0,0
S00093745,50,47,3,1,2
S00093746,30,28,2,2,0
S00093747,89,84,5,0,5
S00093748,49,48,1,0,1
S00093749,28,27,1,0,1
S00093750,27,25,2,0,2
S00093751,33,32,1,0,1
S00093752,37,34,3,1,2
S00093753,63,59,4,3,1
S00093754,43,40,3,1,2
S00093755,59,58,1,0,1
S00093756,54,54,0,0,0
S00093757,64,61,3,2,1
S00093758,51,51,0,0,0
S00093759,39,39,0,0,0
S00093760,63,63,0,0,0
S00093761,48,47,1,0,1
S00093762,50,49,1,0,1
S00093763,63,63,0,0,0
S00093764,46,46,0,0,0
S00093765,52,50,2,0,2
S00093766,38,36,2,1,1
S00093767,50,50,0,0,0
S00093768,49,44,5,0,5
S00093769,64,64,0,0,0
S00093770,73,69,4,0,4
S00093771,63,62,1,0,1
S00093772,44,41,3,0,3
S00093773,23,23,0,0,0
S00093774,59,59,0,0,0
S00093775,40,36,4,1,3
S00093776,29,28,1,0,1
S00093777,37,37,0,0,0
S00093778,33,33,0,0,0
S00093779,46,43,3,0,3
S00093780,42,41,1,0,1
S00093781,30,30,0,0,0
S00093782,55,54,1,0,1
S00093783,50,49,1,0,1
S00093784,49,49,0,0,0
S00093785,43,43,0,0,0
S00093786,48,46,2,1,1
S00093787,75,73,2,1,1
S00093788,46,45,1,0,1
S00093789,46,46,0,0,0
S00093790,47,47,0,0,0
S00093791,45,39,6,0,6
S00093792,50,48,2,0,2
S00093793,51,51,0,0,0
S00093794,62,61,1,0,1
S00093795,42,41,1,0,1
S00093796,36,34,2,0,2
S00093797,31,29,2,0,2
S00093798,27,27,0,0,0
S00093799,34,34,0,0,0
S00093800,49,48,1,0,1
S00093801,41,40,1,0,1
S00093802,54,50,4,0,4
S00093803,49,45,4,1,3
S00093804,73,73,0,0,0
S00093805,45,45,0,0,0
S00093806,59,57,2,0,2
S00093807,42,40,2,1,1
S00093808,37,36,1,0,1
S00093809,40,36,4,0,4
S00093810,30,29,1,0,1
S00093811,50,50,0,0,0
S00093812,43,41,2,0,2
S00093813,43,43,0,0,0
S00093814,46,45,1,1,0
S00093815,37,37,0,0,0
S00093816,75,75,0,0,0
S00093817,42,40,2,0,2
S00093818,66,59,7,0,7
S00093819,61,58,3,0,3
S00093820,61,61,0,0,0
S00093821,38,38,0,0,0
S00093822,109,109,0,0,0
S00093823,63,60,3,0,3
S00093824,37,36,1,0,1
S00093825,45,44,1,0,1
S00093826,74,74,0,0,0
S00093827,42,39,3,0,3
S00093828,58,56,2,1,1
S00093829,48,48,0,0,0
S00093830,39,39,0,0,0
S00093831,45,44,1,0,1
S00093832,35,35,0,0,0
S00093833,60,58,2,1,1
S00093834,47,47,0,0,0
S00093835,44,43,1,0,1
S00093836,46,46,0,0,0
S00093837,31,26,5,0,5
S00093838,34,32,2,0,2
S00093839,72,70,2,0,2
S00093840,58,55,3,1,2
S00093841,34,31,3,0,3
S00093842,60,58,2,0,2
S00093843,28,28,0,0,0
S00093844,56,56,0,0,0
S00093845,74,73,1,0,1
S00093846,29,29,0,0,0
S00093847,50,50,0,0,0
S00093848,64,64,0,0,0
S00093849,48,48,0,0,0
S00093850,54,50,4,1,3
S00093851,68,65,3,2,1
S00093852,64,61,3,2,1
S00093853,43,42,1,0,1
S00093854,45,45,0,0,0
S00093855,58,55,3,1,2
S00093856,26,26,0,0,0
S00093857,37,32,5,4,1
S00093858,62,62,0,0,0
S00093859,70,70,0,0,0
S00093860,28,27,1,0,1
S00093861,61,56,5,1,4
S00093862,51,50,1,0,1
S00093863,46,30,16,0,16
S00093864,65,65,0,0,0
S00093865,70,67,3,0,3
S00093866,45,45,0,0,0
S00093867,37,34,3,1,2
S00093868,78,75,3,1,2
S00093869,36,34,2,0,2
S00093870,52,51,1,0,1
S00093871,50,50,0,0,0
S00093872,53,52,1,0,1
S00093873,52,51,1,0,1
S00093874,45,45,0,0,0
S00093875,56,55,1,0,1
S00093876,56,55,1,0,1
S00093877,55,55,0,0,0
S00093878,45,44,1,0,1
S00093879,43,43,0,0,0
S00093880,53,52,1,0,1
S00093881,30,30,0,0,0
S00093882,22,22,0,0,0
S00093883,78,78,0,0,0
S00093884,34,34,0,0,0
S00093885,68,68,0,0,0
S00093886,77,77,0,0,0
S00093887,48,48,0,0,0
S00093888,60,60,0,0,0
S00093889,52,51,1,0,1
S00093890,25,25,0,0,0
S00093891,54,51,3,0,3
S00093892,45,45,0,0,0
S00093893,48,46,2,0,2
S00093894,77,75,2,0,2
S00093895,66,63,3,1,2
S00093896,44,42,2,0,2
S00093897,71,67,4,0,4
S00093898,66,64,2,0,2
S00093899,61,61,0,0,0
S00093900,43,39,4,0,4
S00093901,58,58,0,0,0
S00093902,36,36,0,0,0
S00093903,65,64,1,1,0
S00093904,64,60,4,0,4
S00093905,69,69,0,0,0
S00093906,36,36,0,0,0
S00093907,48,46,2,0,2
S00093908,46,46,0,0,0
S00093909,52,52,0,0,0
S00093910,65,65,0,0,0
S00093911,33,32,1,0,1
S00093912,64,62,2,0,2
S00093913,56,54,2,0,2
S00093914,40,39,1,0,1
S00093915,52,50,2,1,1
S00093916,53,50,3,0,3
S00093917,71,58,13,0,13
S00093918,45,40,5,0,5
S00093919,58,56,2,0,2
S00093920,60,58,2,0,2
S00093921,62,58,4,1,3
S00093922,55,55,0,0,0
S00093923,28,28,0,0,0
S00093924,72,71,1,0,1
S00093925,47,47,0,0,0
S00093926,44,44,0,0,0
S00093927,49,47,2,0,2
S00093928,30,30,0,0,0
S00093929,68,65,3,0,3
S00093930,56,52,4,0,4
S00093931,41,37,4,0,4
S00093932,49,49,0,0,0
S00093933,56,52,4,0,4
S00093934,60,57,3,0,3
S00093935,70,67,3,0,3
S00093936,33,33,0,0,0
S00093937,54,53,1,0,1
S00093938,43,37,6,3,3
S00093939,68,65,3,0,3
S00093940,45,41,4,0,4
S00093941,77,76,1,1,0
S00093942,49,47,2,2,0
S00093943,39,39,0,0,0
S00093944,46,43,3,0,3
S00093945,27,26,1,0,1
S00093946,35,35,0,0,0
S00093947,75,75,0,0,0
S00093948,83,77,6,0,6
S00093949,47,44,3,0,3
S00093950,58,57,1,0,1
S00093951,43,42,1,0,1
S00093952,48,45,3,0,3
S00093953,42,41,1,0,1
S00093954,39,37,2,2,0
S00093955,61,60,1,0,1
S00093956,57,55,2,0,2
S00093957,50,48,2,0,2
S00093958,51,36,15,0,15
S00093959,72,66,6,1,5
S00093960,26,26,0,0,0
S00093961,59,59,0,0,0
S00093962,69,67,2,0,2
S00093963,71,71,0,0,0
S00093964,26,26,0,0,0
S00093965,75,70,5,0,5
S00093966,42,36,6,1,5
S00093967,51,45,6,4,2
S00093968,64,62,2,0,2
S00093969,45,44,1,0,1
S00093970,58,58,0,0,0
S00093971,60,58,2,0,2
S00093972,80,77,3,0,3
S00093973,60,59,1,0,1
S00093974,66,66,0,0,0
S00093975,23,23,0,0,0
S00093976,31,31,0,0,0
S00093977,45,45,0,0,0
S00093978,58,58,0,0,0
S00093979,59,58,1,0,1
S00093980,34,34,0,0,0
S00093981,64,64,0,0,0
S00093982,49,45,4,0,4
S00093983,61,61,0,0,0
S00093984,57,54,3,0,3
S00093985,43,39,4,0,4
S00093986,56,56,0,0,0
S00093987,53,52,1,0,1
S00093988,60,57,3,0,3
S00093989,30,28,2,1,1
S00093990,26,26,0,0,0
S00093991,65,65,0,0,0
S00093992,39,39,0,0,0
S00093993,47,46,1,0,1
S00093994,57,57,0,0,0
S00093995,39,27,12,12,0
S00093996,42,41,1,1,0
S00093997,39,33,6,5,1
S00093998,64,51,13,9,4
S00093999,97,57,40,39,1
S00094000,64,46,18,18,0
S00094001,43,30,13,12,1
S00094002,36,30,6,6,0
S00094003,30,28,2,1,1
S00094004,82,43,39,35,4
S00094005,100,57,43,42,1
S00094006,95,64,31,29,2
S00094007,85,58,27,20,7
S00094008,93,76,17,14,3
S00094009,56,31,25,24,1
S00094010,37,24,13,12,1
S00094011,81,74,7,2,5
S00094012,38,38,0,0,0
S00094013,80,71,9,2,7
S00094014,74,72,2,2,0
S00094015,77,64,13,9,4
S00094016,59,55,4,3,1
S00094017,36,31,5,5,0
S00094018,97,77,20,14,6
S00094019,37,26,11,11,0
S00094020,104,67,37,34,3
S00094021,66,38,28,25,3
S00094022,75,61,14,13,1
S00094023,53,44,9,8,1
S00094024,67,40,27,27,0
S00094025,81,62,19,19,0
S00094026,62,41,21,17,4
S00094027,97,74,23,23,0
S00094028,53,31,22,21,1
S00094029,64,53,11,11,0
S00094030,81,74,7,6,1
S00094031,63,54,9,6,3
S00094032,57,50,7,5,2
S00094033,54,50,4,4,0
S00094034,53,53,0,0,0
S00094035,43,42,1,1,0
S00094036,34,29,5,4,1
S00094037,61,48,13,10,3
S00094038,88,62,26,25,1
S00094039,43,38,5,5,0
S00094040,47,41,6,3,3
S00094041,52,45,7,5,2
S00094042,58,46,12,7,5
S00094043,40,37,3,2,1
S00094044,82,71,11,11,0
S00094045,60,50,10,10,0
S00094046,97,75,22,18,4
S00094047,42,28,14,12,2
S00094048,79,47,32,22,10
S00094049,87,57,30,29,1
S00094050,96,59,37,35,2
S00094051,71,54,17,16,1
S00094052,83,64,19,19,0
S00094053,106,85,21,19,2
S00094054,85,39,46,42,4
S00094055,65,44,21,21,0
S00094056,78,63,15,15,0
S00094057,35,29,6,6,0
S00094058,55,49,6,3,3
S00094059,78,63,15,12,3
S00094060,92,76,16,14,2
S00094061,106,91,15,9,6
S00094062,38,30,8,8,0
S00094063,48,46,2,2,0
S00094064,57,50,7,7,0
S00094065,47,47,0,0,0
S00094066,54,48,6,3,3
S00094067,42,34,8,7,1
S00094068,55,47,8,8,0
S00094069,51,35,16,13,3
S00094070,85,67,18,17,1
S00094071,60,48,12,11,1
S00094072,43,36,7,6,1
S00094073,60,56,4,3,1
S00094074,30,26,4,3,1
S00094075,51,37,14,11,3
S00094076,60,54,6,6,0
S00094077,71,54,17,16,1
S00094078,75,68,7,7,0
S00094079,45,41,4,4,0
S00094080,52,40,12,10,2
S00094081,76,44,32,30,2
S00094082,82,58,24,24,0
S00094083,56,45,11,10,1
S00094084,43,35,8,8,0
S00094085,66,64,2,2,0
S00094086,68,55,13,8,5
S00094087,41,40,1,1,0
S00094088,72,64,8,5,3
S00094089,60,50,10,7,3
S00094090,80,75,5,2,3
S00094091,49,48,1,1,0
S00094092,71,66,5,5,0
S00094093,52,41,11,9,2
S00094094,45,40,5,5,0
S00094095,59,57,2,2,0
S00094096,59,57,2,1,1
S00094097,54,53,1,1,0
S00094098,43,26,17,8,9
S00094099,67,51,16,4,12
S00094100,95,74,21,17,4
S00094101,89,63,26,19,7
S00094102,59,47,12,12,0
S00094103,53,31,22,20,2
S00094104,50,36,14,12,2
S00094105,64,57,7,6,1
S00094106,23,20,3,3,0
S00094107,47,37,10,10,0
S00094108,65,42,23,8,15
S00094109,48,46,2,2,0
S00094110,81,48,33,33,0
S00094111,55,42,13,12,1
S00094112,92,65,27,26,1
S00094113,48,27,21,18,3
S00094114,91,66,25,23,2
S00094115,62,41,21,16,5
S00094116,62,43,19,14,5
S00094117,49,38,11,8,3
S00094118,56,47,9,8,1
S00094119,59,51,8,8,0
S00094120,43,32,11,11,0
S00094121,71,41,30,29,1
S00094122,65,48,17,15,2
S00094123,97,69,28,25,3
S00094124,44,28,16,16,0
S00094125,41,23,18,16,2
S00094126,44,32,12,12,0
S00094127,42,29,13,12,1
S00094128,77,50,27,25,2
S00094129,75,55,20,18,2
S00094130,98,61,37,34,3
S00094131,74,38,36,33,3
S00094132,60,47,13,13,0
S00094133,77,40,37,36,1
S00094134,27,26,1,1,0
S00094135,68,65,3,3,0
S00094136,61,59,2,0,2
S00094137,33,30,3,0,3
S00094138,57,55,2,1,1
S00094139,27,26,1,0,1
S00094140,59,51,8,8,0
S00094141,40,31,9,9,0
S00094142,45,34,11,10,1
S00094143,36,27,9,7,2
S00094144,50,50,0,0,0
S00094145,76,44,32,29,3
S00094146,30,29,1,0,1
S00094147,62,59,3,1,2
S00094148,70,66,4,3,1
S00094149,28,23,5,2,3
S00094150,27,26,1,1,0
S00094151,43,36,7,1,6
S00094152,53,50,3,0,3
S00094153,27,27,0,0,0
S00094154,58,54,4,2,2
S00094155,61,53,8,4,4
S00094156,59,57,2,0,2
S00094157,80,75,5,0,5
S00094158,62,62,0,0,0
S00094159,52,48,4,1,3
S00094160,50,48,2,1,1
S00094161,42,38,4,3,1
S00094162,54,48,6,6,0
S00094163,67,65,2,2,0
S00094164,98,77,21,6,15
S00094165,98,59,39,2,37
S00094166,77,71,6,6,0
S00094167,67,57,10,2,8
S00094168,72,71,1,1,0
S00094169,34,31,3,1,2
S00094170,62,54,8,4,4
S00094171,52,48,4,1,3
S00094172,71,71,0,0,0
S00094173,37,35,2,0,2
S00094174,74,59,15,3,12
S00094175,83,77,6,2,4
S00094176,71,66,5,5,0
S00094177,59,58,1,1,0
S00094178,67,56,11,4,7
S00094179,41,38,3,0,3
S00094180,86,75,11,5,6
S00094181,42,41,1,0,1
S00094182,54,53,1,0,1
S00094183,43,42,1,0,1
S00094184,64,57,7,5,2
S00094185,52,50,2,2,0
S00094186,48,46,2,0,2
S00094187,73,55,18,1,17
S00094188,46,43,3,1,2
S00094189,48,48,0,0,0
S00094190,21,20,1,0,1
S00094191,42,35,7,3,4
S00094192,45,43,2,2,0
S00094193,77,68,9,8,1
S00094194,80,70,10,8,2
S00094195,59,53,6,4,2
S00094196,66,63,3,3,0
S00094197,53,42,11,10,1
S00094198,51,50,1,0,1
S00094199,49,40,9,7,2
S00094200,74,67,7,6,1
S00094201,57,50,7,7,0
S00094202,90,68,22,18,4
S00094203,44,42,2,0,2
S00094204,45,45,0,0,0
S00094205,57,49,8,1,7
S00094206,57,57,0,0,0
S00094207,50,49,1,0,1
S00094208,40,38,2,1,1
S00094209,64,57,7,5,2
S00094210,54,53,1,0,1
S00094211,36,34,2,1,1
S00094212,50,45,5,3,2
S00094213,48,42,6,4,2
S00094214,96,74,22,6,16
S00094215,79,46,33,15,18
S00094216,93,68,25,19,6
S00094217,52,38,14,10,4
S00094218,53,42,11,10,1
S00094219,47,43,4,4,0
S00094220,51,47,4,4,0
S00094221,74,60,14,13,1
S00094222,58,48,10,6,4
S00094223,66,64,2,2,0
S00094224,43,42,1,1,0
S00094225,81,76,5,3,2
S00094226,54,53,1,1,0
S00094227,43,40,3,1,2
S00094228,71,67,4,2,2
S00094229,66,53,13,8,5
S00094230,52,51,1,0,1
S00094231,46,45,1,1,0
S00094232,59,41,18,15,3
S00094233,42,38,4,0,4
S00094234,83,77,6,2,4
S00094235,69,57,12,10,2
S00094236,94,73,21,17,4
S00094237,89,71,18,10,8
S00094238,42,36,6,6,0
S00094239,64,55,9,7,2
S00094240,88,70,18,3,15
S00094241,53,38,15,11,4
S00094242,57,54,3,2,1
S00094243,49,37,12,12,0
S00094244,52,46,6,5,1
S00094245,90,52,38,35,3
S00094246,58,55,3,2,1
S00094247,72,66,6,5,1
S00094248,54,54,0,0,0
S00094249,65,58,7,1,6
S00094250,61,45,16,14,2
S00094251,53,43,10,9,1
S00094252,78,71,7,4,3
S00094253,42,37,5,3,2
S00094254,62,48,14,10,4
S00094255,63,57,6,3,3
S00094256,51,49,2,1,1
S00094257,68,58,10,5,5
S00094258,67,60,7,4,3
S00094259,94,79,15,4,11
S00094260,44,36,8,5,3
S00094261,28,27,1,0,1
S00094262,79,74,5,2,3
S00094263,53,49,4,1,3
S00094264,39,38,1,0,1
S00094265,54,50,4,0,4
S00094266,68,67,1,0,1
S00094267,56,51,5,0,5
S00094268,49,48,1,0,1
S00094269,53,47,6,0,6
S00094270,49,47,2,0,2
S00094271,55,48,7,3,4
S00094272,37,35,2,0,2
S00094273,56,45,11,3,8
S00094274,41,34,7,5,2
S00094275,61,47,14,11,3
S00094276,34,31,3,2,1
S00094277,42,35,7,3,4
S00094278,70,62,8,2,6
S00094279,72,66,6,2,4
S00094280,64,60,4,0,4
S00094281,70,68,2,0,2
S00094282,59,58,1,0,1
S00094283,50,50,0,0,0
S00094284,71,64,7,0,7
S00094285,74,69,5,2,3
S00094286,63,62,1,0,1
S00094287,49,48,1,0,1
S00094288,47,46,1,0,1
S00094289,39,37,2,0,2
S00094290,52,49,3,0,3
S00094291,31,31,0,0,0
S00094292,53,50,3,2,1
S00094293,28,27,1,1,0
S00094294,59,54,5,1,4
S00094295,74,70,4,2,2
S00094296,52,40,12,7,5
S00094297,52,49,3,3,0
S00094298,40,40,0,0,0
S00094299,76,72,4,1,3
S00094300,48,46,2,1,1
S00094301,81,73,8,7,1
S00094302,75,56,19,13,6
S00094303,63,57,6,3,3
S00094304,51,46,5,3,2
S00094305,48,41,7,3,4
S00094306,51,41,10,10,0
S00094307,49,46,3,2,1
S00094308,73,70,3,2,1
S00094309,64,64,0,0,0
S00094310,40,38,2,1,1
S00094311,53,47,6,1,5
S00094312,59,58,1,0,1
S00094313,46,43,3,2,1
S00094314,60,55,5,2,3
S00094315,66,64,2,2,0
S00094316,52,51,1,0,1
S00094317,45,44,1,0,1
S00094318,59,53,6,2,4
S00094319,28,27,1,0,1
S00094320,66,66,0,0,0
S00094321,46,44,2,2,0
S00094322,43,41,2,0,2
S00094323,62,61,1,0,1
S00094324,46,41,5,0,5
S00094325,50,46,4,1,3
S00094326,31,30,1,0,1
S00094327,62,57,5,1,4
S00094328,69,68,1,0,1
S00094329,56,55,1,0,1
S00094330,52,38,14,10,4
S00094331,75,67,8,0,8
S00094332,51,49,2,0,2
S00094333,80,68,12,1,11
S00094334,51,46,5,4,1
S00094335,68,66,2,0,2
S00094336,39,38,1,0,1
S00094337,55,54,1,1,0
S00094338,41,40,1,0,1
S00094339,46,44,2,0,2
S00094340,47,47,0,0,0
S00094341,42,40,2,0,2
S00094342,63,63,0,0,0
S00094343,43,43,0,0,0
S00094344,42,42,0,0,0
S00094345,49,49,0,0,0
S00094346,43,43,0,0,0
S00094347,59,58,1,0,1
S00094348,48,41,7,1,6
S00094349,42,37,5,1,4
S00094350,39,38,1,0,1
S00094351,50,47,3,0,3
S00094352,51,49,2,0,2
S00094353,49,47,2,0,2
S00094354,38,37,1,1,0
S00094355,32,32,0,0,0
S00094356,66,50,16,10,6
S00094357,65,63,2,2,0
S00094358,40,35,5,1,4
S00094359,66,65,1,0,1
S00094360,64,64,0,0,0
S00094361,52,50,2,0,2
S00094362,47,45,2,0,2
S00094363,40,36,4,0,4
S00094364,45,45,0,0,0
S00094365,45,44,1,0,1
S00094366,42,41,1,0,1
S00094367,66,64,2,0,2
S00094368,45,41,4,1,3
S00094369,33,32,1,0,1
S00094370,34,32,2,2,0
S00094371,42,41,1,0,1
S00094372,48,43,5,1,4
S00094373,59,55,4,0,4
S00094374,79,74,5,1,4
S00094375,63,62,1,0,1
S00094376,47,46,1,0,1
S00094377,59,56,3,0,3
S00094378,59,59,0,0,0
S00094379,49,48,1,0,1
S00094380,52,44,8,8,0
S00094381,41,41,0,0,0
S00094382,52,52,0,0,0
S00094383,50,43,7,6,1
S00094384,43,43,0,0,0
S00094385,30,30,0,0,0
S00094386,72,68,4,0,4
S00094387,70,69,1,0,1
S00094388,49,48,1,0,1
S00094389,48,46,2,0,2
S00094390,46,46,0,0,0
S00094391,48,47,1,1,0
S00094392,42,41,1,0,1
S00094393,53,52,1,0,1
S00094394,57,54,3,1,2
S00094395,66,65,1,0,1
S00094396,24,24,0,0,0
S00094397,42,40,2,1,1
S00094398,71,67,4,2,2
S00094399,38,36,2,0,2
S00094400,54,53,1,0,1
S00094401,61,52,9,2,7
S00094402,49,47,2,0,2
S00094403,73,64,9,0,9
S00094404,72,64,8,2,6
S00094405,63,56,7,0,7
S00094406,80,77,3,1,2
S00094407,55,53,2,0,2
S00094408,52,50,2,1,1
S00094409,34,31,3,2,1
S00094410,54,48,6,4,2
S00094411,69,59,10,1,9
S00094412,66,56,10,1,9
S00094413,48,46,2,1,1
S00094414,67,59,8,4,4
S00094415,69,64,5,1,4
S00094416,86,75,11,7,4
S00094417,54,42,12,8,4
S00094418,41,40,1,0,1
S00094419,73,69,4,1,3
S00094420,64,58,6,0,6
S00094421,50,49,1,0,1
S00094422,66,62,4,0,4
S00094423,65,63,2,1,1
S00094424,49,45,4,0,4
S00094425,44,43,1,0,1
S00094426,61,60,1,1,0
S00094427,53,51,2,0,2
S00094428,46,45,1,1,0
S00094429,68,34,34,1,33
S00094430,51,50,1,0,1
S00094431,30,29,1,0,1
S00094432,45,45,0,0,0
S00094433,54,54,0,0,0
S00094434,76,73,3,0,3
S00094435,56,55,1,1,0
S00094436,45,37,8,0,8
S00094437,100,60,40,0,40
S00094438,25,20,5,0,5
S00094439,45,36,9,0,9
S00094440,66,52,14,1,13
S00094441,67,66,1,0,1
S00094442,53,53,0,0,0
S00094443,50,49,1,0,1
S00094444,74,73,1,0,1
S00094445,53,49,4,1,3
S00094446,47,47,0,0,0
S00094447,73,72,1,0,1
S00094448,45,44,1,0,1
S00094449,44,44,0,0,0
S00094450,38,38,0,0,0
S00094451,71,71,0,0,0
S00094452,39,35,4,0,4
S00094453,29,29,0,0,0
S00094454,60,55,5,0,5
S00094455,57,56,1,0,1
S00094456,57,53,4,1,3
S00094457,59,59,0,0,0
S00094458,71,69,2,0,2
S00094459,48,41,7,5,2
S00094460,56,55,1,0,1
S00094461,48,48,0,0,0
S00094462,58,58,0,0,0
S00094463,45,45,0,0,0
S00094464,86,77,9,5,4
S00094465,65,61,4,0,4
S00094466,66,60,6,2,4
S00094467,51,49,2,1,1
S00094468,53,52,1,0,1
S00094469,51,49,2,2,0
S00094470,25,24,1,0,1
S00094471,82,21,61,3,58
S00094472,57,52,5,3,2
S00094473,43,41,2,2,0
S00094474,58,52,6,3,3
S00094475,43,43,0,0,0
S00094476,36,36,0,0,0
S00094477,20,20,0,0,0
S00094478,81,76,5,3,2
S00094479,72,69,3,1,2
S00094480,37,36,1,0,1
S00094481,71,64,7,1,6
S00094482,74,73,1,0,1
S00094483,64,61,3,0,3
S00094484,83,80,3,1,2
S00094485,53,53,0,0,0
S00094486,74,72,2,0,2
S00094487,61,60,1,0,1
S00094488,61,60,1,1,0
S00094489,64,59,5,0,5
S00094490,45,44,1,1,0
S00094491,32,32,0,0,0
S00094492,75,64,11,0,11
S00094493,44,41,3,1,2
S00094494,71,64,7,0,7
S00094495,58,57,1,0,1
S00094496,74,70,4,0,4
S00094497,44,30,14,9,5
S00094498,52,51,1,0,1
S00094499,56,56,0,0,0
S00094500,63,61,2,1,1
S00094501,68,64,4,2,2
S00094502,36,34,2,2,0
S00094503,78,75,3,2,1
S00094504,60,60,0,0,0
S00094505,47,46,1,0,1
S00094506,45,41,4,3,1
S00094507,47,45,2,2,0
S00094508,58,56,2,1,1
S00094509,50,48,2,2,0
S00094510,58,52,6,6,0
S00094511,45,29,16,12,4
S00094512,64,54,10,10,0
S00094513,80,73,7,7,0
S00094514,55,52,3,2,1
S00094515,55,50,5,2,3
S00094516,91,87,4,2,2
S00094517,50,49,1,0,1
S00094518,56,52,4,3,1
S00094519,53,49,4,0,4
S00094520,79,75,4,1,3
S00094521,40,38,2,1,1
S00094522,79,76,3,0,3
S00094523,71,58,13,13,0
S00094524,57,57,0,0,0
S00094525,45,45,0,0,0
S00094526,24,23,1,0,1
S00094527,29,29,0,0,0
S00094528,73,72,1,0,1
S00094529,48,48,0,0,0
S00094530,50,49,1,1,0
S00094531,42,42,0,0,0
S00094532,68,65,3,1,2
S00094533,61,59,2,2,0
S00094534,57,55,2,0,2
S00094535,58,55,3,2,1
S00094536,66,65,1,0,1
S00094537,70,68,2,0,2
S00094538,62,62,0,0,0
S00094539,41,38,3,0,3
S00094540,58,54,4,3,1
S00094541,75,66,9,4,5
S00094542,45,42,3,3,0
S00094543,44,43,1,0,1
S00094544,48,47,1,0,1
S00094545,54,39,15,8,7
S00094546,44,44,0,0,0
S00094547,56,55,1,0,1
S00094548,49,48,1,0,1
S00094549,63,62,1,1,0
S00094550,24,24,0,0,0
S00094551,63,60,3,1,2
S00094552,78,78,0,0,0
S00094553,54,52,2,2,0
S00094554,60,56,4,1,3
S00094555,56,53,3,3,0
S00094556,81,74,7,7,0
S00094557,37,35,2,2,0
S00094558,100,61,39,39,0
S00094559,67,55,12,11,1
S00094560,96,65,31,30,1
S00094561,66,60,6,6,0
S00094562,33,29,4,3,1
S00094563,36,35,1,1,0
S00094564,55,46,9,9,0
S00094565,62,41,21,19,2
S00094566,101,38,63,61,2
S00094567,93,58,35,35,0
S00094568,79,60,19,18,1
S00094569,92,74,18,18,0
S00094570,77,67,10,5,5
S00094571,42,41,1,1,0
S00094572,88,68,20,20,0
S00094573,57,35,22,21,1
S00094574,90,64,26,26,0
S00094575,67,43,24,23,1
S00094576,47,29,18,14,4
S00094577,53,46,7,7,0
S00094578,68,49,19,19,0
S00094579,38,26,12,8,4
S00094580,66,52,14,14,0
S00094581,93,75,18,18,0
S00094582,48,43,5,4,1
S00094583,61,50,11,4,7
S00094584,49,47,2,0,2
S00094585,67,57,10,3,7
S00094586,62,49,13,9,4
S00094587,66,53,13,3,10
S00094588,54,34,20,17,3
S00094589,51,42,9,8,1
S00094590,69,45,24,24,0
S00094591,130,74,56,54,2
S00094592,68,44,24,23,1
S00094593,65,47,18,17,1
S00094594,123,71,52,46,6
S00094595,96,53,43,42,1
S00094596,44,42,2,1,1
S00094597,43,38,5,3,2
S00094598,54,51,3,0,3
S00094599,59,52,7,5,2
S00094600,57,45,12,3,9
S00094601,52,51,1,1,0
S00094602,57,54,3,0,3
S00094603,69,68,1,1,0
S00094604,33,30,3,0,3
S00094605,42,41,1,1,0
S00094606,70,70,0,0,0
S00094607,47,46,1,1,0
S00094608,60,58,2,1,1
S00094609,35,33,2,1,1
S00094610,48,39,9,8,1
S00094611,56,42,14,11,3
S00094612,45,36,9,7,2
S00094613,58,42,16,6,10
S00094614,38,34,4,3,1
S00094615,82,62,20,20,0
S00094616,42,34,8,7,1
S00094617,27,21,6,4,2
S00094618,59,57,2,1,1
S00094619,100,70,30,22,8
S00094620,44,44,0,0,0
S00094621,29,27,2,2,0
S00094622,63,55,8,6,2
S00094623,26,24,2,2,0
S00094624,70,60,10,8,2
S00094625,38,37,1,1,0
S00094626,60,58,2,1,1
S00094627,41,40,1,1,0
S00094628,36,34,2,1,1
S00094629,59,52,7,6,1
S00094630,41,35,6,3,3
S00094631,33,28,5,4,1
S00094632,35,33,2,2,0
S00094633,51,32,19,18,1
S00094634,33,32,1,1,0
S00094635,32,32,0,0,0
S00094636,52,47,5,1,4
S00094637,49,49,0,0,0
S00094638,58,55,3,1,2
S00094639,36,32,4,1,3
S00094640,43,40,3,0,3
S00094641,45,43,2,0,2
S00094642,69,30,39,0,39
S00094643,43,43,0,0,0
S00094644,49,44,5,0,5
S00094645,46,46,0,0,0
S00094646,30,29,1,1,0
S00094647,50,50,0,0,0
S00094648,45,42,3,0,3
S00094649,28,28,0,0,0
S00094650,34,34,0,0,0
S00094651,30,29,1,1,0
S00094652,58,58,0,0,0
S00094653,40,40,0,0,0
S00094654,38,35,3,1,2
S00094655,57,54,3,2,1
S00094656,22,22,0,0,0
S00094657,40,38,2,2,0
S00094658,51,48,3,0,3
S00094659,60,48,12,0,12
S00094660,56,37,19,17,2
S00094661,33,32,1,1,0
S00094662,38,32,6,5,1
S00094663,50,47,3,1,2
S00094664,76,66,10,8,2
S00094665,46,46,0,0,0
S00094666,23,23,0,0,0
S00094667,56,53,3,0,3
S00094668,41,36,5,4,1
S00094669,73,67,6,3,3
S00094670,44,41,3,2,1
S00094671,44,37,7,7,0
S00094672,49,44,5,5,0
S00094673,47,42,5,5,0
S00094674,69,63,6,6,0
S00094675,64,56,8,7,1
S00094676,34,32,2,0,2
S00094677,44,36,8,7,1
S00094678,34,34,0,0,0
S00094679,66,64,2,1,1
S00094680,25,25,0,0,0
S00094681,64,59,5,5,0
S00094682,64,62,2,0,2
S00094683,79,70,9,2,7
S00094684,44,42,2,1,1
S00094685,75,61,14,9,5
S00094686,85,55,30,28,2
S00094687,57,46,11,10,1
S00094688,73,63,10,10,0
S00094689,36,32,4,4,0
S00094690,45,34,11,11,0
S00094691,56,49,7,6,1
S00094692,30,30,0,0,0
S00094693,42,41,1,1,0
S00094694,51,47,4,4,0
S00094695,59,56,3,3,0
S00094696,40,38,2,2,0
S00094697,34,26,8,7,1
S00094698,39,35,4,2,2
S00094699,40,38,2,0,2
S00094700,53,49,4,4,0
S00094701,44,36,8,8,0
S00094702,60,50,10,10,0
S00094703,56,51,5,4,1
S00094704,42,39,3,2,1
S00094705,30,30,0,0,0
S00094706,87,86,1,0,1
S00094707,53,43,10,9,1
S00094708,42,33,9,5,4
S00094709,41,39,2,2,0
S00094710,56,55,1,0,1
S00094711,55,54,1,1,0
S00094712,48,45,3,2,1
S00094713,60,60,0,0,0
S00094714,59,59,0,0,0
S00094715,39,39,0,0,0
S00094716,77,73,4,2,2
S00094717,66,62,4,2,2
S00094718,59,50,9,3,6
S00094719,69,66,3,0,3
S00094720,32,27,5,2,3
S00094721,38,32,6,5,1
S00094722,83,55,28,22,6
S00094723,102,84,18,14,4
S00094724,81,59,22,21,1
S00094725,46,38,8,7,1
S00094726,70,55,15,14,1
S00094727,50,40,10,9,1
S00094728,63,57,6,6,0
S00094729,45,44,1,1,0
S00094730,65,52,13,4,9
S00094731,51,49,2,1,1
S00094732,60,56,4,0,4
S00094733,27,27,0,0,0
S00094734,63,61,2,0,2
S00094735,70,64,6,1,5
S00094736,74,68,6,3,3
S00094737,107,74,33,19,14
S00094738,27,23,4,3,1
S00094739,118,78,40,34,6
S00094740,48,47,1,0,1
S00094741,38,32,6,2,4
S00094742,91,57,34,12,22
S00094743,56,54,2,1,1
S00094744,61,54,7,4,3
S00094745,73,67,6,1,5
S00094746,45,41,4,2,2
S00094747,72,42,30,15,15
S00094748,96,55,41,37,4
S00094749,51,46,5,4,1
S00094750,39,37,2,2,0
S00094751,55,47,8,5,3
S00094752,26,26,0,0,0
S00094753,71,64,7,4,3
S00094754,59,53,6,0,6
S00094755,51,46,5,3,2
S00094756,24,23,1,0,1
S00094757,47,47,0,0,0
S00094758,59,59,0,0,0
S00094759,52,52,0,0,0
S00094760,31,30,1,0,1
S00094761,66,58,8,2,6
S00094762,34,33,1,0,1
S00094763,47,44,3,0,3
S00094764,53,50,3,1,2
S00094765,36,32,4,4,0
S00094766,72,71,1,0,1
S00094767,54,51,3,1,2
S00094768,45,44,1,0,1
S00094769,72,69,3,3,0
S00094770,64,58,6,6,0
S00094771,29,28,1,1,0
S00094772,47,43,4,2,2
S00094773,44,44,0,0,0
S00094774,57,56,1,0,1
S00094775,61,58,3,0,3
S00094776,71,69,2,0,2
S00094777,28,28,0,0,0
S00094778,80,64,16,14,2
S00094779,54,42,12,10,2
S00094780,63,62,1,0,1
S00094781,29,29,0,0,0
S00094782,44,41,3,3,0
S00094783,86,80,6,5,1
S00094784,52,51,1,0,1
S00094785,34,34,0,0,0
S00094786,74,74,0,0,0
S00094787,57,57,0,0,0
S00094788,76,75,1,0,1
S00094789,31,31,0,0,0
S00094790,53,53,0,0,0
S00094791,52,50,2,0,2
S00094792,71,69,2,0,2
S00094793,85,80,5,3,2
S00094794,75,72,3,0,3
S00094795,44,44,0,0,0
S00094796,60,57,3,3,0
S00094797,43,43,0,0,0
S00094798,59,42,17,16,1
S00094799,54,45,9,7,2
S00094800,60,48,12,12,0
S00094801,39,26,13,12,1
S00094802,49,42,7,7,0
S00094803,42,42,0,0,0
S00094804,54,48,6,4,2
S00094805,30,30,0,0,0
S00094806,52,52,0,0,0
S00094807,70,70,0,0,0
S00094808,75,75,0,0,0
S00094809,51,47,4,3,1
S00094810,52,43,9,8,1
S00094811,66,63,3,1,2
S00094812,48,38,10,9,1
S00094813,50,41,9,4,5
S00094814,75,74,1,0,1
S00094815,55,41,14,10,4
S00094816,42,32,10,6,4
S00094817,53,39,14,11,3
S00094818,61,44,17,17,0
S00094819,34,27,7,6,1
S00094820,53,42,11,6,5
S00094821,63,60,3,3,0
S00094822,88,71,17,10,7
S00094823,43,40,3,3,0
S00094824,46,41,5,4,1
S00094825,52,50,2,2,0
S00094826,25,24,1,1,0
S00094827,72,60,12,10,2
S00094828,47,47,0,0,0
S00094829,65,64,1,0,1
S00094830,30,27,3,0,3
S00094831,77,67,10,6,4
S00094832,75,73,2,0,2
S00094833,69,55,14,10,4
S00094834,29,27,2,2,0
S00094835,58,52,6,0,6
S00094836,75,70,5,1,4
S00094837,60,51,9,3,6
S00094838,55,52,3,2,1
S00094839,31,26,5,1,4
S00094840,66,52,14,7,7
S00094841,48,42,6,3,3
S00094842,79,75,4,3,1
S00094843,65,55,10,4,6
S00094844,73,59,14,11,3
S00094845,63,55,8,5,3
S00094846,77,71,6,2,4
S00094847,64,59,5,5,0
S00094848,53,44,9,8,1
S00094849,76,69,7,4,3
S00094850,92,67,25,12,13
S00094851,54,44,10,9,1
S00094852,48,45,3,3,0
S00094853,36,35,1,1,0
S00094854,45,45,0,0,0
S00094855,72,64,8,7,1
S00094856,65,53,12,10,2
S00094857,39,32,7,3,4
S00094858,65,59,6,6,0
S00094859,52,42,10,8,2
S00094860,53,49,4,1,3
S00094861,51,46,5,1,4
S00094862,37,37,0,0,0
S00094863,95,75,20,18,2
S00094864,51,40,11,10,1
S00094865,70,60,10,5,5
S00094866,67,63,4,2,2
S00094867,39,33,6,6,0
S00094868,75,68,7,3,4
S00094869,53,49,4,3,1
S00094870,68,50,18,17,1
S00094871,40,28,12,9,3
S00094872,80,69,11,3,8
S00094873,70,64,6,2,4
S00094874,75,63,12,12,0
S00094875,81,70,11,6,5
S00094876,63,60,3,3,0
S00094877,39,34,5,2,3
S00094878,63,54,9,5,4
S00094879,64,62,2,0,2
S00094880,65,57,8,4,4
S00094881,36,30,6,3,3
S00094882,54,50,4,3,1
S00094883,45,43,2,1,1
S00094884,50,45,5,2,3
S00094885,39,33,6,1,5
S00094886,70,65,5,0,5
S00094887,40,36,4,1,3
S00094888,76,74,2,1,1
S00094889,55,54,1,0,1
S00094890,30,29,1,1,0
S00094891,50,50,0,0,0
S00094892,46,43,3,1,2
S00094893,37,36,1,1,0
S00094894,33,32,1,1,0
S00094895,36,36,0,0,0
S00094896,59,59,0,0,0
S00094897,27,26,1,0,1
S00094898,52,49,3,1,2
S00094899,53,51,2,1,1
S00094900,59,58,1,0,1
S00094901,69,61,8,8,0
S00094902,67,55,12,8,4
S00094903,61,57,4,2,2
S00094904,59,49,10,4,6
S00094905,41,39,2,0,2
S00094906,53,52,1,0,1
S00094907,48,47,1,0,1
S00094908,60,50,10,8,2
S00094909,35,29,6,4,2
S00094910,76,70,6,3,3
S00094911,64,63,1,1,0
S00094912,36,30,6,6,0
S00094913,41,41,0,0,0
S00094914,46,45,1,0,1
S00094915,65,55,10,7,3
S00094916,93,77,16,1,15
S00094917,72,69,3,2,1
S00094918,74,67,7,4,3
S00094919,51,42,9,4,5
S00094920,82,75,7,6,1
S00094921,38,36,2,0,2
S00094922,48,40,8,6,2
S00094923,45,44,1,0,1
S00094924,61,56,5,2,3
S00094925,38,36,2,0,2
S00094926,75,70,5,4,1
S00094927,62,59,3,0,3
S00094928,56,52,4,3,1
S00094929,73,69,4,2,2
S00094930,53,52,1,0,1
S00094931,52,37,15,14,1
S00094932,42,35,7,7,0
S00094933,56,49,7,7,0
S00094934,53,48,5,1,4
S00094935,54,52,2,2,0
S00094936,52,49,3,0,3
S00094937,53,50,3,1,2
S00094938,84,75,9,6,3
S00094939,50,39,11,10,1
S00094940,78,62,16,11,5
S00094941,83,72,11,8,3
S00094942,50,43,7,5,2
S00094943,47,45,2,0,2
S00094944,69,67,2,1,1
S00094945,80,69,11,10,1
S00094946,35,33,2,2,0
S00094947,68,62,6,6,0
S00094948,51,51,0,0,0
S00094949,40,38,2,0,2
S00094950,60,57,3,1,2
S00094951,46,43,3,2,1
S00094952,60,59,1,0,1
S00094953,81,70,11,6,5
S00094954,50,47,3,3,0
S00094955,73,65,8,7,1
S00094956,76,66,10,8,2
S00094957,72,59,13,8,5
S00094958,70,63,7,4,3
S00094959,48,31,17,13,4
S00094960,72,62,10,10,0
S00094961,44,41,3,2,1
S00094962,49,43,6,3,3
S00094963,46,43,3,0,3
S00094964,48,45,3,0,3
S00094965,53,46,7,5,2
S00094966,33,31,2,1,1
S00094967,52,49,3,1,2
S00094968,34,30,4,3,1
S00094969,47,41,6,4,2
S00094970,66,55,11,6,5
S00094971,59,46,13,7,6
S00094972,66,65,1,0,1
S00094973,36,34,2,0,2
S00094974,77,65,12,8,4
S00094975,49,49,0,0,0
S00094976,53,40,13,3,10
S00094977,45,44,1,0,1
S00094978,59,52,7,5,2
S00094979,67,59,8,2,6
S00094980,53,28,25,20,5
S00094981,56,48,8,6,2
S00094982,63,58,5,1,4
S00094983,85,71,14,7,7
S00094984,64,58,6,4,2
S00094985,45,40,5,5,0
S00094986,26,24,2,1,1
S00094987,61,48,13,5,8
S00094988,33,31,2,2,0
S00094989,56,49,7,4,3
S00094990,51,44,7,6,1
S00094991,53,47,6,3,3
S00094992,24,22,2,1,1
S00094993,43,42,1,1,0
S00094994,39,39,0,0,0
S00094995,49,45,4,3,1
S00094996,28,28,0,0,0
S00094997,50,39,11,7,4
S00094998,67,60,7,7,0
S00094999,29,29,0,0,0
S00095000,42,36,6,4,2
S00095001,80,55,25,9,16
S00095002,50,42,8,6,2
S00095003,29,23,6,3,3
S00095004,49,38,11,4,7
S00095005,30,30,0,0,0
S00095006,49,49,0,0,0
S00095007,44,42,2,1,1
S00095008,24,24,0,0,0
S00095009,71,64,7,2,5
S00095010,30,27,3,2,1
S00095011,56,48,8,6,2
S00095012,58,50,8,6,2
S00095013,67,65,2,2,0
S00095014,45,37,8,1,7
S00095015,53,51,2,1,1
S00095016,50,40,10,8,2
S00095017,46,42,4,3,1
S00095018,58,49,9,3,6
S00095019,40,39,1,0,1
S00095020,42,42,0,0,0
S00095021,57,55,2,1,1
S00095022,88,71,17,12,5
S00095023,63,55,8,4,4
S00095024,35,32,3,3,0
S00095025,58,57,1,1,0
S00095026,66,64,2,0,2
S00095027,32,32,0,0,0
S00095028,55,50,5,1,4
S00095029,61,61,0,0,0
S00095030,67,63,4,2,2
S00095031,61,55,6,5,1
S00095032,63,50,13,12,1
S00095033,64,58,6,6,0
S00095034,36,29,7,7,0
S00095035,61,50,11,11,0
S00095036,56,53,3,2,1
S00095037,44,43,1,0,1
S00095038,46,44,2,0,2
S00095039,50,44,6,1,5
S00095040,57,53,4,1,3
S00095041,49,39,10,5,5
S00095042,44,38,6,4,2
S00095043,57,50,7,4,3
S00095044,59,53,6,4,2
S00095045,77,64,13,10,3
S00095046,59,58,1,1,0
S00095047,30,30,0,0,0
S00095048,53,52,1,0,1
S00095049,52,50,2,0,2
S00095050,38,36,2,1,1
S00095051,60,53,7,0,7
S00095052,53,50,3,1,2
S00095053,68,65,3,0,3
S00095054,60,56,4,0,4
S00095055,68,68,0,0,0
S00095056,60,57,3,1,2
S00095057,47,45,2,0,2
S00095058,68,66,2,0,2
S00095059,80,77,3,0,3
S00095060,33,32,1,0,1
S00095061,63,61,2,0,2
S00095062,53,52,1,0,1
S00095063,49,45,4,0,4
S00095064,78,76,2,0,2
S00095065,68,67,1,0,1
S00095066,74,72,2,0,2
S00095067,69,69,0,0,0
S00095068,68,68,0,0,0
S00095069,72,71,1,1,0
S00095070,54,52,2,0,2
S00095071,56,55,1,0,1
S00095072,56,53,3,0,3
S00095073,40,39,1,0,1
S00095074,31,27,4,0,4
S00095075,50,50,0,0,0
S00095076,43,43,0,0,0
S00095077,46,45,1,0,1
S00095078,50,50,0,0,0
S00095079,42,40,2,0,2
S00095080,49,49,0,0,0
S00095081,57,55,2,0,2
S00095082,41,41,0,0,0
S00095083,66,65,1,0,1
S00095084,44,42,2,0,2
S00095085,46,45,1,0,1
S00095086,77,75,2,0,2
S00095087,35,32,3,0,3
S00095088,45,45,0,0,0
S00095089,51,49,2,0,2
S00095090,36,36,0,0,0
S00095091,64,63,1,0,1
S00095092,42,41,1,0,1
S00095093,75,73,2,0,2
S00095094,56,56,0,0,0
S00095095,60,55,5,4,1
S00095096,67,66,1,0,1
S00095097,42,31,11,4,7
S00095098,47,43,4,1,3
S00095099,42,37,5,5,0
S00095100,67,65,2,1,1
S00095101,49,48,1,1,0
S00095102,59,59,0,0,0
S00095103,67,66,1,0,1
S00095104,38,36,2,0,2
S00095105,65,58,7,2,5
S00095106,81,72,9,0,9
S00095107,60,52,8,0,8
S00095108,67,64,3,0,3
S00095109,73,59,14,0,14
S00095110,66,52,14,1,13
S00095111,91,77,14,6,8
S00095112,38,35,3,0,3
S00095113,75,74,1,0,1
S00095114,41,36,5,0,5
S00095115,45,43,2,1,1
S00095116,48,46,2,0,2
S00095117,59,58,1,0,1
S00095118,45,45,0,0,0
S00095119,30,30,0,0,0
S00095120,68,55,13,0,13
S00095121,59,59,0,0,0
S00095122,43,43,0,0,0
S00095123,72,72,0,0,0
S00095124,58,55,3,0,3
S00095125,27,27,0,0,0
S00095126,39,38,1,0,1
S00095127,47,47,0,0,0
S00095128,76,76,0,0,0
S00095129,43,42,1,0,1
S00095130,80,76,4,0,4
S00095131,48,47,1,0,1
S00095132,74,63,11,0,11
S00095133,72,67,5,0,5
S00095134,78,74,4,0,4
S00095135,71,64,7,2,5
S00095136,42,37,5,0,5
S00095137,50,47,3,1,2
S00095138,43,41,2,0,2
S00095139,60,57,3,0,3
S00095140,49,47,2,0,2
S00095141,48,48,0,0,0
S00095142,54,51,3,0,3
S00095143,52,52,0,0,0
S00095144,78,76,2,0,2
S00095145,60,58,2,0,2
S00095146,51,44,7,1,6
S00095147,45,43,2,0,2
S00095148,46,45,1,0,1
S00095149,33,29,4,0,4
S00095150,75,69,6,1,5
S00095151,44,43,1,0,1
S00095152,57,57,0,0,0
S00095153,45,42,3,0,3
S00095154,80,72,8,8,0
S00095155,61,56,5,1,4
S00095156,54,53,1,0,1
S00095157,51,50,1,0,1
S00095158,75,66,9,3,6
S00095159,67,57,10,3,7
S00095160,75,70,5,1,4
S00095161,44,43,1,0,1
S00095162,52,52,0,0,0
S00095163,47,46,1,1,0
S00095164,36,35,1,0,1
S00095165,53,51,2,1,1
S00095166,68,67,1,0,1
S00095167,52,52,0,0,0
S00095168,45,44,1,0,1
S00095169,84,78,6,1,5
S00095170,26,25,1,0,1
S00095171,61,58,3,0,3
S00095172,61,58,3,0,3
S00095173,75,72,3,0,3
S00095174,64,64,0,0,0
S00095175,63,63,0,0,0
S00095176,36,36,0,0,0
S00095177,62,61,1,0,1
S00095178,37,36,1,0,1
S00095179,47,46,1,0,1
S00095180,44,44,0,0,0
S00095181,54,53,1,1,0
S00095182,79,78,1,0,1
S00095183,62,60,2,0,2
S00095184,43,42,1,0,1
S00095185,39,35,4,0,4
S00095186,60,59,1,0,1
S00095187,42,41,1,0,1
S00095188,49,47,2,0,2
S00095189,60,59,1,0,1
S00095190,52,52,0,0,0
S00095191,66,65,1,0,1
S00095192,41,40,1,0,1
S00095193,38,38,0,0,0
S00095194,26,26,0,0,0
S00095195,54,54,0,0,0
S00095196,48,46,2,1,1
S00095197,81,74,7,2,5
S00095198,42,42,0,0,0
S00095199,56,56,0,0,0
S00095200,39,38,1,0,1
S00095201,67,65,2,1,1
S00095202,64,61,3,1,2
S00095203,53,51,2,0,2
S00095204,51,51,0,0,0
S00095205,60,59,1,0,1
S00095206,41,41,0,0,0
S00095207,55,55,0,0,0
S00095208,33,32,1,0,1
S00095209,70,70,0,0,0
S00095210,35,35,0,0,0
S00095211,45,42,3,1,2
S00095212,53,50,3,1,2
S00095213,52,49,3,0,3
S00095214,57,57,0,0,0
S00095215,44,43,1,1,0
S00095216,50,50,0,0,0
S00095217,59,59,0,0,0
S00095218,48,45,3,0,3
S00095219,70,65,5,1,4
S00095220,35,32,3,1,2
S00095221,36,34,2,0,2
S00095222,47,46,1,0,1
S00095223,47,44,3,0,3
S00095224,46,44,2,0,2
S00095225,39,39,0,0,0
S00095226,58,56,2,0,2
S00095227,41,38,3,1,2
S00095228,45,42,3,0,3
S00095229,38,34,4,1,3
S00095230,52,46,6,0,6
S00095231,33,32,1,0,1
S00095232,34,31,3,0,3
S00095233,50,47,3,0,3
S00095234,69,65,4,0,4
S00095235,49,46,3,0,3
S00095236,56,54,2,0,2
S00095237,48,47,1,0,1
S00095238,40,40,0,0,0
S00095239,45,44,1,0,1
S00095240,46,37,9,3,6
S00095241,85,71,14,12,2
S00095242,57,52,5,2,3
S00095243,59,56,3,0,3
S00095244,69,69,0,0,0
S00095245,62,59,3,0,3
S00095246,64,62,2,0,2
S00095247,61,60,1,0,1
S00095248,67,66,1,0,1
S00095249,45,44,1,0,1
S00095250,40,38,2,0,2
S00095251,53,53,0,0,0
S00095252,51,45,6,0,6
S00095253,74,57,17,2,15
S00095254,54,54,0,0,0
S00095255,50,50,0,0,0
S00095256,34,33,1,0,1
S00095257,41,40,1,0,1
S00095258,40,39,1,0,1
S00095259,71,71,0,0,0
S00095260,49,46,3,2,1
S00095261,30,28,2,1,1
S00095262,59,55,4,1,3
S00095263,83,66,17,11,6
S00095264,53,48,5,2,3
S00095265,44,42,2,0,2
S00095266,61,57,4,2,2
S00095267,37,30,7,3,4
S00095268,56,52,4,0,4
S00095269,53,48,5,0,5
S00095270,65,58,7,1,6
S00095271,50,49,1,0,1
S00095272,50,45,5,0,5
S00095273,53,52,1,0,1
S00095274,44,44,0,0,0
S00095275,60,58,2,0,2
S00095276,62,60,2,0,2
S00095277,54,52,2,0,2
S00095278,48,47,1,0,1
S00095279,52,49,3,0,3
S00095280,46,42,4,0,4
S00095281,69,67,2,0,2
S00095282,53,53,0,0,0
S00095283,84,76,8,1,7
S00095284,69,67,2,0,2
S00095285,50,46,4,0,4
S00095286,70,67,3,0,3
S00095287,55,51,4,0,4
S00095288,76,69,7,0,7
S00095289,72,69,3,1,2
S00095290,54,49,5,0,5
S00095291,68,67,1,0,1
S00095292,79,73,6,0,6
S00095293,41,40,1,0,1
S00095294,42,37,5,0,5
S00095295,63,58,5,0,5
S00095296,58,56,2,0,2
S00095297,39,37,2,0,2
S00095298,41,41,0,0,0
S00095299,74,70,4,0,4
S00095300,49,44,5,0,5
S00095301,66,62,4,0,4
S00095302,70,69,1,1,0
S00095303,54,40,14,0,14
S00095304,49,45,4,0,4
S00095305,65,63,2,0,2
S00095306,57,55,2,0,2
S00095307,45,45,0,0,0
S00095308,52,51,1,0,1
S00095309,58,57,1,0,1
S00095310,55,51,4,1,3
S00095311,72,59,13,0,13
S00095312,89,77,12,0,12
S00095313,77,74,3,0,3
S00095314,67,63,4,0,4
S00095315,47,46,1,0,1
S00095316,65,62,3,0,3
S00095317,65,65,0,0,0
S00095318,44,42,2,0,2
S00095319,40,26,14,1,13
S00095320,43,43,0,0,0
S00095321,40,40,0,0,0
S00095322,65,64,1,0,1
S00095323,49,49,0,0,0
S00095324,57,55,2,0,2
S00095325,49,49,0,0,0
S00095326,57,57,0,0,0
S00095327,54,54,0,0,0
S00095328,43,41,2,0,2
S00095329,58,54,4,0,4
S00095330,85,80,5,0,5
S00095331,79,75,4,0,4
S00095332,53,50,3,0,3
S00095333,45,44,1,0,1
S00095334,62,60,2,0,2
S00095335,84,82,2,0,2
S00095336,47,46,1,0,1
S00095337,75,74,1,0,1
S00095338,49,49,0,0,0
S00095339,35,34,1,0,1
S00095340,56,54,2,0,2
S00095341,79,76,3,0,3
S00095342,40,37,3,0,3
S00095343,42,42,0,0,0
S00095344,46,43,3,0,3
S00095345,75,73,2,1,1
S00095346,51,51,0,0,0
S00095347,55,55,0,0,0
S00095348,41,41,0,0,0
S00095349,56,56,0,0,0
S00095350,58,56,2,0,2
S00095351,50,49,1,0,1
S00095352,69,67,2,0,2
S00095353,71,69,2,0,2
S00095354,43,40,3,0,3
S00095355,82,81,1,0,1
S00095356,63,61,2,1,1
S00095357,42,42,0,0,0
S00095358,45,43,2,0,2
S00095359,49,48,1,0,1
S00095360,41,39,2,0,2
S00095361,52,52,0,0,0
S00095362,46,46,0,0,0
S00095363,49,49,0,0,0
S00095364,63,61,2,0,2
S00095365,40,40,0,0,0
S00095366,57,56,1,0,1
S00095367,46,46,0,0,0
S00095368,48,46,2,0,2
S00095369,79,76,3,0,3
S00095370,55,54,1,0,1
S00095371,73,71,2,1,1
S00095372,56,55,1,0,1
S00095373,80,77,3,3,0
S00095374,73,61,12,0,12
S00095375,84,76,8,5,3
S00095376,44,43,1,0,1
S00095377,67,63,4,0,4
S00095378,52,51,1,0,1
S00095379,64,63,1,0,1
S00095380,53,52,1,0,1
S00095381,54,53,1,0,1
S00095382,46,46,0,0,0
S00095383,47,47,0,0,0
S00095384,63,63,0,0,0
S00095385,53,53,0,0,0
S00095386,44,43,1,0,1
S00095387,72,71,1,0,1
S00095388,79,69,10,0,10
S00095389,58,58,0,0,0
S00095390,63,63,0,0,0
S00095391,60,59,1,0,1
S00095392,60,59,1,0,1
S00095393,59,59,0,0,0
S00095394,39,39,0,0,0
S00095395,49,43,6,1,5
S00095396,45,45,0,0,0
S00095397,61,57,4,0,4
S00095398,74,60,14,0,14
S00095399,74,73,1,1,0
S00095400,62,62,0,0,0
S00095401,31,31,0,0,0
S00095402,79,70,9,5,4
S00095403,79,71,8,6,2
S00095404,76,74,2,0,2
S00095405,71,71,0,0,0
S00095406,62,60,2,1,1
S00095407,61,60,1,1,0
S00095408,57,56,1,1,0
S00095409,67,64,3,0,3
S00095410,71,67,4,0,4
S00095411,58,55,3,0,3
S00095412,30,30,0,0,0
S00095413,53,49,4,1,3
S00095414,72,70,2,0,2
S00095415,54,50,4,1,3
S00095416,53,49,4,3,1
S00095417,66,54,12,4,8
S00095418,83,73,10,2,8
S00095419,70,67,3,0,3
S00095420,67,65,2,2,0
S00095421,50,50,0,0,0
S00095422,45,43,2,0,2
S00095423,69,68,1,1,0
S00095424,56,55,1,0,1
S00095425,46,44,2,2,0
S00095426,65,63,2,0,2
S00095427,73,64,9,1,8
S00095428,46,46,0,0,0
S00095429,42,39,3,0,3
S00095430,53,52,1,0,1
S00095431,59,59,0,0,0
S00095432,52,52,0,0,0
S00095433,76,73,3,0,3
S00095434,71,70,1,0,1
S00095435,34,33,1,0,1
S00095436,54,48,6,2,4
S00095437,44,44,0,0,0
S00095438,71,47,24,1,23
S00095439,48,34,14,10,4
S00095440,46,44,2,2,0
S00095441,78,58,20,4,16
S00095442,78,73,5,2,3
S00095443,57,54,3,1,2
S00095444,58,55,3,2,1
S00095445,51,51,0,0,0
S00095446,56,54,2,1,1
S00095447,28,25,3,0,3
S00095448,57,55,2,1,1
S00095449,63,59,4,3,1
S00095450,38,36,2,2,0
S00095451,63,59,4,1,3
S00095452,45,44,1,0,1
S00095453,41,39,2,0,2
S00095454,38,34,4,0,4
S00095455,39,37,2,0,2
S00095456,64,59,5,1,4
S00095457,52,51,1,1,0
S00095458,30,30,0,0,0
S00095459,61,59,2,2,0
S00095460,48,43,5,3,2
S00095461,51,49,2,0,2
S00095462,53,51,2,1,1
S00095463,61,59,2,1,1
S00095464,93,83,10,5,5
S00095465,52,48,4,0,4
S00095466,64,63,1,0,1
S00095467,75,72,3,0,3
S00095468,69,68,1,0,1
S00095469,52,47,5,0,5
S00095470,56,53,3,0,3
S00095471,58,56,2,1,1
S00095472,41,40,1,0,1
S00095473,68,67,1,1,0
S00095474,24,24,0,0,0
S00095475,42,37,5,4,1
S00095476,55,54,1,1,0
S00095477,47,45,2,2,0
S00095478,52,52,0,0,0
S00095479,48,47,1,1,0
S00095480,49,43,6,2,4
S00095481,72,72,0,0,0
S00095482,68,65,3,1,2
S00095483,55,54,1,1,0
S00095484,64,59,5,2,3
S00095485,40,39,1,0,1
S00095486,55,55,0,0,0
S00095487,63,62,1,0,1
S00095488,62,61,1,1,0
S00095489,68,68,0,0,0
S00095490,53,53,0,0,0
S00095491,63,62,1,0,1
S00095492,70,63,7,5,2
S00095493,58,56,2,0,2
S00095494,74,73,1,0,1
S00095495,47,47,0,0,0
S00095496,78,76,2,0,2
S00095497,83,81,2,0,2
S00095498,33,31,2,0,2
S00095499,58,52,6,1,5
S00095500,69,67,2,1,1
S00095501,41,34,7,4,3
S00095502,55,54,1,0,1
S00095503,46,45,1,0,1
S00095504,44,36,8,0,8
S00095505,49,47,2,1,1
S00095506,63,58,5,2,3
S00095507,61,58,3,1,2
S00095508,71,69,2,1,1
S00095509,40,38,2,1,1
S00095510,55,49,6,5,1
S00095511,71,69,2,0,2
S00095512,52,50,2,0,2
S00095513,54,50,4,2,2
S00095514,65,59,6,1,5
S00095515,43,41,2,0,2
S00095516,62,58,4,1,3
S00095517,72,63,9,0,9
S00095518,77,75,2,0,2
S00095519,45,43,2,0,2
S00095520,66,61,5,1,4
S00095521,63,58,5,0,5
S00095522,55,50,5,0,5
S00095523,56,55,1,0,1
S00095524,71,67,4,1,3
S00095525,57,56,1,0,1
S00095526,78,77,1,0,1
S00095527,66,61,5,3,2
S00095528,57,56,1,0,1
S00095529,46,44,2,0,2
S00095530,65,63,2,0,2
S00095531,69,66,3,0,3
S00095532,43,43,0,0,0
S00095533,60,57,3,0,3
S00095534,46,45,1,0,1
S00095535,73,70,3,1,2
S00095536,58,55,3,0,3
S00095537,43,43,0,0,0
S00095538,63,60,3,0,3
S00095539,69,68,1,0,1
S00095540,26,26,0,0,0
S00095541,27,27,0,0,0
S00095542,53,53,0,0,0
S00095543,58,57,1,0,1
S00095544,40,40,0,0,0
S00095545,53,51,2,0,2
S00095546,59,59,0,0,0
S00095547,57,56,1,0,1
S00095548,22,22,0,0,0
S00095549,53,53,0,0,0
S00095550,62,60,2,0,2
S00095551,53,53,0,0,0
S00095552,55,51,4,3,1
S00095553,53,50,3,1,2
S00095554,57,56,1,1,0
S00095555,39,39,0,0,0
S00095556,61,59,2,0,2
S00095557,57,53,4,0,4
S00095558,35,32,3,1,2
S00095559,55,50,5,1,4
S00095560,55,51,4,0,4
S00095561,29,29,0,0,0
S00095562,43,38,5,0,5
S00095563,66,66,0,0,0
S00095564,79,75,4,1,3
S00095565,80,80,0,0,0
S00095566,71,70,1,0,1
S00095567,66,63,3,3,0
S00095568,66,66,0,0,0
S00095569,75,75,0,0,0
S00095570,60,57,3,3,0
S00095571,79,60,19,13,6
S00095572,72,69,3,0,3
S00095573,52,51,1,0,1
S00095574,47,47,0,0,0
S00095575,48,47,1,0,1
S00095576,63,57,6,4,2
S00095577,73,70,3,2,1
S00095578,48,40,8,7,1
S00095579,48,47,1,0,1
S00095580,46,45,1,1,0
S00095581,65,59,6,2,4
S00095582,40,37,3,3,0
S00095583,56,54,2,2,0
S00095584,42,38,4,3,1
S00095585,64,62,2,0,2
S00095586,74,70,4,4,0
S00095587,44,39,5,5,0
S00095588,44,33,11,9,2
S00095589,75,68,7,4,3
S00095590,47,41,6,6,0
S00095591,40,36,4,4,0
S00095592,73,49,24,21,3
S00095593,50,50,0,0,0
S00095594,30,30,0,0,0
S00095595,48,46,2,1,1
S00095596,36,35,1,1,0
S00095597,41,41,0,0,0
S00095598,57,55,2,1,1
S00095599,56,55,1,0,1
S00095600,44,42,2,0,2
S00095601,49,46,3,0,3
S00095602,53,50,3,2,1
S00095603,47,46,1,1,0
S00095604,56,46,10,5,5
S00095605,52,47,5,1,4
S00095606,31,31,0,0,0
S00095607,49,43,6,2,4
S00095608,77,67,10,3,7
S00095609,38,35,3,2,1
S00095610,77,72,5,1,4
S00095611,69,63,6,0,6
S00095612,73,64,9,7,2
S00095613,52,49,3,1,2
S00095614,61,48,13,10,3
S00095615,72,72,0,0,0
S00095616,61,54,7,2,5
S00095617,45,39,6,5,1
S00095618,40,39,1,1,0
S00095619,69,53,16,10,6
S00095620,45,33,12,5,7
S00095621,53,44,9,5,4
S00095622,50,37,13,11,2
S00095623,44,38,6,4,2
S00095624,43,36,7,7,0
S00095625,47,41,6,4,2
S00095626,37,36,1,0,1
S00095627,28,28,0,0,0
S00095628,35,35,0,0,0
S00095629,53,51,2,0,2
S00095630,63,60,3,0,3
S00095631,28,28,0,0,0
S00095632,45,42,3,2,1
S00095633,35,31,4,4,0
S00095634,29,28,1,1,0
S00095635,67,56,11,0,11
S00095636,28,28,0,0,0
S00095637,40,39,1,0,1
S00095638,61,61,0,0,0
S00095639,44,43,1,0,1
S00095640,35,34,1,0,1
S00095641,49,45,4,2,2
S00095642,63,49,14,4,10
S00095643,40,40,0,0,0
S00095644,33,29,4,1,3
S00095645,40,39,1,0,1
S00095646,39,39,0,0,0
S00095647,69,66,3,0,3
S00095648,67,65,2,1,1
S00095649,34,33,1,0,1
S00095650,30,26,4,0,4
S00095651,56,52,4,0,4
S00095652,58,47,11,0,11
S00095653,64,52,12,0,12
S00095654,56,56,0,0,0
S00095655,29,28,1,0,1
S00095656,52,50,2,0,2
S00095657,44,40,4,0,4
S00095658,38,37,1,0,1
S00095659,48,44,4,1,3
S00095660,79,77,2,0,2
S00095661,57,55,2,0,2
S00095662,42,42,0,0,0
S00095663,50,49,1,1,0
S00095664,76,66,10,2,8
S00095665,45,36,9,0,9
S00095666,39,29,10,7,3
S00095667,77,34,43,41,2
S00095668,54,54,0,0,0
S00095669,43,42,1,1,0
S00095670,48,47,1,1,0
S00095671,39,37,2,0,2
S00095672,54,52,2,0,2
S00095673,51,51,0,0,0
S00095674,49,46,3,0,3
S00095675,43,43,0,0,0
S00095676,50,48,2,1,1
S00095677,46,44,2,1,1
S00095678,51,50,1,0,1
S00095679,53,53,0,0,0
S00095680,69,64,5,1,4
S00095681,59,55,4,0,4
S00095682,28,28,0,0,0
S00095683,39,38,1,0,1
S00095684,52,52,0,0,0
S00095685,32,31,1,0,1
S00095686,61,59,2,0,2
S00095687,46,46,0,0,0
S00095688,43,41,2,0,2
S00095689,27,27,0,0,0
S00095690,60,56,4,0,4
S00095691,68,67,1,0,1
S00095692,35,35,0,0,0
S00095693,71,71,0,0,0
S00095694,48,47,1,0,1
S00095695,60,58,2,0,2
S00095696,38,36,2,0,2
S00095697,52,49,3,3,0
S00095698,65,60,5,4,1
S00095699,58,56,2,0,2
S00095700,42,37,5,5,0
S00095701,86,74,12,9,3
S00095702,48,41,7,5,2
S00095703,36,34,2,1,1
S00095704,76,69,7,6,1
S00095705,34,29,5,3,2
S00095706,62,60,2,0,2
S00095707,71,65,6,4,2
S00095708,84,77,7,7,0
S00095709,69,64,5,4,1
S00095710,31,29,2,1,1
S00095711,52,50,2,0,2
S00095712,68,66,2,0,2
S00095713,61,57,4,2,2
S00095714,47,46,1,1,0
S00095715,69,69,0,0,0
S00095716,50,46,4,4,0
S00095717,33,33,0,0,0
S00095718,56,47,9,5,4
S00095719,53,50,3,0,3
S00095720,49,46,3,2,1
S00095721,43,35,8,7,1
S00095722,54,45,9,4,5
S00095723,69,66,3,2,1
S00095724,33,31,2,2,0
S00095725,62,59,3,3,0
S00095726,70,69,1,0,1
S00095727,54,52,2,0,2
S00095728,36,33,3,0,3
S00095729,49,44,5,4,1
S00095730,62,57,5,2,3
S00095731,69,68,1,1,0
S00095732,63,63,0,0,0
S00095733,34,29,5,4,1
S00095734,51,47,4,3,1
S00095735,32,29,3,3,0
S00095736,49,46,3,1,2
S00095737,37,36,1,1,0
S00095738,38,37,1,1,0
S00095739,58,45,13,13,0
S00095740,45,43,2,0,2
S00095741,43,41,2,0,2
S00095742,48,48,0,0,0
S00095743,37,36,1,0,1
S00095744,49,46,3,0,3
S00095745,41,36,5,1,4
S00095746,28,28,0,0,0
S00095747,58,58,0,0,0
S00095748,53,53,0,0,0
S00095749,36,36,0,0,0
S00095750,50,50,0,0,0
S00095751,32,30,2,2,0
S00095752,67,64,3,0,3
S00095753,48,43,5,2,3
S00095754,41,40,1,0,1
S00095755,58,47,11,0,11
S00095756,48,47,1,0,1
S00095757,59,57,2,0,2
S00095758,62,58,4,0,4
S00095759,50,47,3,1,2
S00095760,79,78,1,0,1
S00095761,42,40,2,0,2
S00095762,45,39,6,0,6
S00095763,34,32,2,1,1
S00095764,58,57,1,0,1
S00095765,60,59,1,0,1
S00095766,57,55,2,0,2
S00095767,33,33,0,0,0
S00095768,56,55,1,0,1
S00095769,30,28,2,0,2
S00095770,52,51,1,0,1
S00095771,66,65,1,0,1
S00095772,50,49,1,0,1
S00095773,46,43,3,2,1
S00095774,47,47,0,0,0
S00095775,61,60,1,0,1
S00095776,52,48,4,2,2
S00095777,50,50,0,0,0
S00095778,52,50,2,0,2
S00095779,51,50,1,0,1
S00095780,54,51,3,0,3
S00095781,67,60,7,0,7
S00095782,46,46,0,0,0
S00095783,33,32,1,0,1
S00095784,62,58,4,0,4
S00095785,42,41,1,0,1
S00095786,66,62,4,0,4
S00095787,35,35,0,0,0
S00095788,70,67,3,1,2
S00095789,64,64,0,0,0
S00095790,64,64,0,0,0
S00095791,71,68,3,0,3
S00095792,37,36,1,0,1
S00095793,52,50,2,0,2
S00095794,53,51,2,0,2
S00095795,67,63,4,0,4
S00095796,41,37,4,1,3
S00095797,45,41,4,2,2
S00095798,57,56,1,0,1
S00095799,36,34,2,0,2
S00095800,69,67,2,0,2
S00095801,64,64,0,0,0
S00095802,78,78,0,0,0
S00095803,32,32,0,0,0
S00095804,52,51,1,1,0
S00095805,52,50,2,0,2
S00095806,54,52,2,1,1
S00095807,53,46,7,3,4
S00095808,63,62,1,1,0
S00095809,37,37,0,0,0
S00095810,55,52,3,1,2
S00095811,76,72,4,2,2
S00095812,84,82,2,0,2
S00095813,49,45,4,3,1
S00095814,22,22,0,0,0
S00095815,43,42,1,0,1
S00095816,44,43,1,1,0
S00095817,59,56,3,3,0
S00095818,41,40,1,1,0
S00095819,27,25,2,2,0
S00095820,69,67,2,1,1
S00095821,51,51,0,0,0
S00095822,26,25,1,1,0
S00095823,65,65,0,0,0
S00095824,52,51,1,1,0
S00095825,30,30,0,0,0
S00095826,28,28,0,0,0
S00095827,51,51,0,0,0
S00095828,73,68,5,1,4
S00095829,69,53,16,5,11
S00095830,49,45,4,1,3
S00095831,68,66,2,1,1
S00095832,61,61,0,0,0
S00095833,31,30,1,0,1
S00095834,33,33,0,0,0
S00095835,26,24,2,0,2
S00095836,51,49,2,0,2
S00095837,42,41,1,0,1
S00095838,47,44,3,0,3
S00095839,45,45,0,0,0
S00095840,49,49,0,0,0
S00095841,63,60,3,2,1
S00095842,57,56,1,1,0
S00095843,70,58,12,0,12
S00095844,79,75,4,2,2
S00095845,53,45,8,1,7
S00095846,73,70,3,0,3
S00095847,80,78,2,0,2
S00095848,47,45,2,0,2
S00095849,50,47,3,0,3
S00095850,41,37,4,0,4
S00095851,84,72,12,7,5
S00095852,64,49,15,14,1
S00095853,67,63,4,2,2
S00095854,65,54,11,7,4
S00095855,59,58,1,1,0
S00095856,75,61,14,13,1
S00095857,56,49,7,0,7
S00095858,45,42,3,3,0
S00095859,43,41,2,0,2
S00095860,40,40,0,0,0
S00095861,61,60,1,0,1
S00095862,82,75,7,5,2
S00095863,45,41,4,3,1
S00095864,42,40,2,1,1
S00095865,54,54,0,0,0
S00095866,45,41,4,1,3
S00095867,60,56,4,4,0
S00095868,44,42,2,0,2
S00095869,69,67,2,0,2
S00095870,63,61,2,0,2
S00095871,79,74,5,0,5
S00095872,57,54,3,0,3
S00095873,63,61,2,0,2
S00095874,55,54,1,0,1
S00095875,73,69,4,3,1
S00095876,52,51,1,0,1
S00095877,48,47,1,1,0
S00095878,77,77,0,0,0
S00095879,78,77,1,0,1
S00095880,50,49,1,1,0
S00095881,32,32,0,0,0
S00095882,78,71,7,0,7
S00095883,60,60,0,0,0
S00095884,68,68,0,0,0
S00095885,68,68,0,0,0
S00095886,71,71,0,0,0
S00095887,80,77,3,0,3
S00095888,48,46,2,0,2
S00095889,42,41,1,0,1
S00095890,49,49,0,0,0
S00095891,57,53,4,0,4
S00095892,43,41,2,0,2
S00095893,44,42,2,0,2
S00095894,55,55,0,0,0
S00095895,78,76,2,2,0
S00095896,69,65,4,1,3
S00095897,66,64,2,0,2
S00095898,51,47,4,0,4
S00095899,43,43,0,0,0
S00095900,41,40,1,0,1
S00095901,54,53,1,0,1
S00095902,56,53,3,2,1
S00095903,51,48,3,1,2
S00095904,56,52,4,2,2
S00095905,65,58,7,0,7
S00095906,58,57,1,0,1
S00095907,75,75,0,0,0
S00095908,49,47,2,0,2
S00095909,58,58,0,0,0
S00095910,32,32,0,0,0
S00095911,66,64,2,0,2
S00095912,70,68,2,0,2
S00095913,66,63,3,0,3
S00095914,38,37,1,0,1
S00095915,46,45,1,0,1
S00095916,62,59,3,0,3
S00095917,50,48,2,0,2
S00095918,70,61,9,7,2
S00095919,29,28,1,0,1
S00095920,63,62,1,0,1
S00095921,42,41,1,0,1
S00095922,40,39,1,0,1
S00095923,66,65,1,0,1
S00095924,66,65,1,0,1
S00095925,63,63,0,0,0
S00095926,54,53,1,0,1
S00095927,66,61,5,2,3
S00095928,63,63,0,0,0
S00095929,58,58,0,0,0
S00095930,52,52,0,0,0
S00095931,54,54,0,0,0
S00095932,56,52,4,4,0
S00095933,73,72,1,1,0
S00095934,60,53,7,5,2
S00095935,66,58,8,5,3
S00095936,72,63,9,6,3
S00095937,65,61,4,2,2
S00095938,75,74,1,0,1
S00095939,82,76,6,0,6
S00095940,66,60,6,6,0
S00095941,62,62,0,0,0
S00095942,53,50,3,3,0
S00095943,68,66,2,0,2
S00095944,27,25,2,0,2
S00095945,57,54,3,1,2
S00095946,46,45,1,1,0
S00095947,62,61,1,0,1
S00095948,20,20,0,0,0
S00095949,60,58,2,0,2
S00095950,66,61,5,2,3
S00095951,69,67,2,0,2
S00095952,58,56,2,1,1
S00095953,42,41,1,0,1
S00095954,30,29,1,0,1
S00095955,57,56,1,0,1
S00095956,89,83,6,0,6
S00095957,69,67,2,0,2
S00095958,80,76,4,3,1
S00095959,61,59,2,0,2
S00095960,42,42,0,0,0
S00095961,49,49,0,0,0
S00095962,44,43,1,0,1
S00095963,40,39,1,0,1
S00095964,47,46,1,0,1
S00095965,84,75,9,9,0
S00095966,52,51,1,1,0
S00095967,44,44,0,0,0
S00095968,72,71,1,0,1
S00095969,60,60,0,0,0
S00095970,64,62,2,2,0
S00095971,40,40,0,0,0
S00095972,40,40,0,0,0
S00095973,47,45,2,1,1
S00095974,53,53,0,0,0
S00095975,73,73,0,0,0
S00095976,56,56,0,0,0
S00095977,31,31,0,0,0
S00095978,40,40,0,0,0
S00095979,71,70,1,0,1
S00095980,67,65,2,0,2
S00095981,80,76,4,0,4
S00095982,37,37,0,0,0
S00095983,49,49,0,0,0
S00095984,71,69,2,2,0
S00095985,62,62,0,0,0
S00095986,52,52,0,0,0
S00095987,49,48,1,0,1
S00095988,46,46,0,0,0
S00095989,56,56,0,0,0
S00095990,42,42,0,0,0
S00095991,57,55,2,0,2
S00095992,42,42,0,0,0
S00095993,62,61,1,0,1
S00095994,41,41,0,0,0
S00095995,69,69,0,0,0
S00095996,52,51,1,0,1
S00095997,76,76,0,0,0
S00095998,46,46,0,0,0
S00095999,50,50,0,0,0
S00096000,44,44,0,0,0
S00096001,76,74,2,0,2
S00096002,58,56,2,0,2
S00096003,66,61,5,2,3
S00096004,65,61,4,0,4
S00096005,68,64,4,3,1
S00096006,69,69,0,0,0
S00096007,49,47,2,1,1
S00096008,46,45,1,0,1
S00096009,64,62,2,0,2
S00096010,79,75,4,1,3
S00096011,55,53,2,0,2
S00096012,46,44,2,1,1
S00096013,43,43,0,0,0
S00096014,53,51,2,1,1
S00096015,61,58,3,1,2
S00096016,66,65,1,0,1
S00096017,52,46,6,4,2
S00096018,54,54,0,0,0
S00096019,54,52,2,0,2
S00096020,37,37,0,0,0
S00096021,62,57,5,3,2
S00096022,50,48,2,0,2
S00096023,51,47,4,0,4
S00096024,38,33,5,5,0
S00096025,56,51,5,0,5
S00096026,55,52,3,0,3
S00096027,38,36,2,0,2
S00096028,56,54,2,1,1
S00096029,31,31,0,0,0
S00096030,73,67,6,6,0
S00096031,83,76,7,7,0
S00096032,63,62,1,0,1
S00096033,62,55,7,0,7
S00096034,54,49,5,0,5
S00096035,44,43,1,0,1
S00096036,73,70,3,0,3
S00096037,71,67,4,1,3
S00096038,82,80,2,1,1
S00096039,59,57,2,0,2
S00096040,51,48,3,0,3
S00096041,54,53,1,0,1
S00096042,47,46,1,0,1
S00096043,62,60,2,1,1
S00096044,47,46,1,0,1
S00096045,50,50,0,0,0
S00096046,42,40,2,2,0
S00096047,45,43,2,1,1
S00096048,69,67,2,2,0
S00096049,54,53,1,1,0
S00096050,48,45,3,0,3
S00096051,40,40,0,0,0
S00096052,48,48,0,0,0
S00096053,51,51,0,0,0
S00096054,65,64,1,1,0
S00096055,46,44,2,0,2
S00096056,62,57,5,0,5
S00096057,74,72,2,0,2
S00096058,72,66,6,5,1
S00096059,71,63,8,8,0
S00096060,44,43,1,1,0
S00096061,71,68,3,0,3
S00096062,55,54,1,0,1
S00096063,52,48,4,1,3
S00096064,62,59,3,1,2
S00096065,69,68,1,1,0
S00096066,50,46,4,4,0
S00096067,41,38,3,2,1
S00096068,62,59,3,2,1
S00096069,44,42,2,0,2
S00096070,40,39,1,0,1
S00096071,55,51,4,0,4
S00096072,75,72,3,1,2
S00096073,63,61,2,0,2
S00096074,51,48,3,0,3
S00096075,45,43,2,0,2
S00096076,44,41,3,0,3
S00096077,80,74,6,3,3
S00096078,78,75,3,2,1
S00096079,63,58,5,1,4
S00096080,35,35,0,0,0
S00096081,51,51,0,0,0
S00096082,51,48,3,0,3
S00096083,64,62,2,0,2
S00096084,40,40,0,0,0
S00096085,47,46,1,0,1
S00096086,41,39,2,2,0
S00096087,50,47,3,0,3
S00096088,48,45,3,1,2
S00096089,62,62,0,0,0
S00096090,58,55,3,1,2
S00096091,76,73,3,0,3
S00096092,54,47,7,2,5
S00096093,36,36,0,0,0
S00096094,63,63,0,0,0
S00096095,43,43,0,0,0
S00096096,41,41,0,0,0
S00096097,47,47,0,0,0
S00096098,56,56,0,0,0
S00096099,52,52,0,0,0
S00096100,46,45,1,0,1
S00096101,72,72,0,0,0
S00096102,28,25,3,2,1
S00096103,65,65,0,0,0
S00096104,42,41,1,0,1
S00096105,65,64,1,1,0
S00096106,58,47,11,7,4
S00096107,44,41,3,0,3
S00096108,42,39,3,2,1
S00096109,72,65,7,3,4
S00096110,50,45,5,2,3
S00096111,69,57,12,7,5
S00096112,71,68,3,0,3
S00096113,59,52,7,4,3
S00096114,66,64,2,0,2
S00096115,67,65,2,0,2
S00096116,33,32,1,1,0
S00096117,55,51,4,2,2
S00096118,71,69,2,0,2
S00096119,47,46,1,1,0
S00096120,45,44,1,0,1
S00096121,43,43,0,0,0
S00096122,62,62,0,0,0
S00096123,46,45,1,0,1
S00096124,49,48,1,0,1
S00096125,66,63,3,0,3
S00096126,58,51,7,4,3
S00096127,58,58,0,0,0
S00096128,60,59,1,0,1
S00096129,51,51,0,0,0
S00096130,35,35,0,0,0
S00096131,46,37,9,7,2
S00096132,54,54,0,0,0
S00096133,27,25,2,1,1
S00096134,58,58,0,0,0
S00096135,22,21,1,1,0
S00096136,31,31,0,0,0
S00096137,25,24,1,0,1
S00096138,60,53,7,1,6
S00096139,48,47,1,0,1
S00096140,33,33,0,0,0
S00096141,38,38,0,0,0
S00096142,62,61,1,0,1
S00096143,38,38,0,0,0
S00096144,77,75,2,0,2
S00096145,58,58,0,0,0
S00096146,47,46,1,0,1
S00096147,24,24,0,0,0
S00096148,26,26,0,0,0
S00096149,36,34,2,0,2
S00096150,37,35,2,1,1
S00096151,52,49,3,3,0
S00096152,37,35,2,1,1
S00096153,40,40,0,0,0
S00096154,54,52,2,0,2
S00096155,60,58,2,0,2
S00096156,41,39,2,2,0
S00096157,58,58,0,0,0
S00096158,47,46,1,0,1
S00096159,77,75,2,2,0
S00096160,64,64,0,0,0
S00096161,56,56,0,0,0
S00096162,73,71,2,0,2
S00096163,46,46,0,0,0
S00096164,48,48,0,0,0
S00096165,68,68,0,0,0
S00096166,49,49,0,0,0
S00096167,65,64,1,0,1
S00096168,46,46,0,0,0
S00096169,70,70,0,0,0
S00096170,62,62,0,0,0
S00096171,47,46,1,0,1
S00096172,55,54,1,0,1
S00096173,63,61,2,0,2
S00096174,28,28,0,0,0
S00096175,39,36,3,0,3
S00096176,66,64,2,0,2
S00096177,73,68,5,0,5
S00096178,30,30,0,0,0
S00096179,62,60,2,0,2
S00096180,76,73,3,1,2
S00096181,59,47,12,9,3
S00096182,74,73,1,0,1
S00096183,54,54,0,0,0
S00096184,65,53,12,11,1
S00096185,43,39,4,2,2
S00096186,47,44,3,0,3
S00096187,35,33,2,0,2
S00096188,50,47,3,0,3
S00096189,86,76,10,10,0
S00096190,62,57,5,3,2
S00096191,29,28,1,0,1
S00096192,48,47,1,0,1
S00096193,62,62,0,0,0
S00096194,70,69,1,0,1
S00096195,65,63,2,0,2
S00096196,65,64,1,0,1
S00096197,48,48,0,0,0
S00096198,71,71,0,0,0
S00096199,82,79,3,2,1
S00096200,31,30,1,1,0
S00096201,67,66,1,0,1
S00096202,54,54,0,0,0
S00096203,74,73,1,0,1
S00096204,68,67,1,0,1
S00096205,54,51,3,0,3
S00096206,31,30,1,0,1
S00096207,92,80,12,8,4
S00096208,49,49,0,0,0
S00096209,64,64,0,0,0
S00096210,48,48,0,0,0
S00096211,38,38,0,0,0
S00096212,46,45,1,0,1
S00096213,58,55,3,1,2
S00096214,30,30,0,0,0
S00096215,57,54,3,0,3
S00096216,77,75,2,0,2
S00096217,39,35,4,0,4
S00096218,67,67,0,0,0
S00096219,54,52,2,0,2
S00096220,40,39,1,0,1
S00096221,45,45,0,0,0
S00096222,67,62,5,3,2
S00096223,37,37,0,0,0
S00096224,63,60,3,2,1
S00096225,46,46,0,0,0
S00096226,68,64,4,0,4
S00096227,22,22,0,0,0
S00096228,59,55,4,0,4
S00096229,28,27,1,0,1
S00096230,66,64,2,1,1
S00096231,33,32,1,1,0
S00096232,68,68,0,0,0
S00096233,48,45,3,2,1
S00096234,56,54,2,0,2
S00096235,49,48,1,1,0
S00096236,52,47,5,1,4
S00096237,45,45,0,0,0
S00096238,47,45,2,0,2
S00096239,44,41,3,0,3
S00096240,47,43,4,1,3
S00096241,49,49,0,0,0
S00096242,69,67,2,1,1
S00096243,51,48,3,0,3
S00096244,35,33,2,0,2
S00096245,57,54,3,1,2
S00096246,79,77,2,0,2
S00096247,42,40,2,1,1
S00096248,47,46,1,0,1
S00096249,38,38,0,0,0
S00096250,66,64,2,1,1
S00096251,93,90,3,1,2
S00096252,47,45,2,0,2
S00096253,42,42,0,0,0
S00096254,36,36,0,0,0
S00096255,76,76,0,0,0
S00096256,45,45,0,0,0
S00096257,75,71,4,3,1
S00096258,48,47,1,0,1
S00096259,65,63,2,1,1
S00096260,36,36,0,0,0
S00096261,38,35,3,0,3
S00096262,69,69,0,0,0
S00096263,23,23,0,0,0
S00096264,56,56,0,0,0
S00096265,32,32,0,0,0
S00096266,33,30,3,1,2
S00096267,32,31,1,1,0
S00096268,66,56,10,6,4
S00096269,22,22,0,0,0
S00096270,79,71,8,0,8
S00096271,50,47,3,1,2
S00096272,75,73,2,0,2
S00096273,42,41,1,0,1
S00096274,37,37,0,0,0
S00096275,55,54,1,0,1
S00096276,51,49,2,0,2
S00096277,56,56,0,0,0
S00096278,73,71,2,0,2
S00096279,65,62,3,0,3
S00096280,52,40,12,0,12
S00096281,47,45,2,1,1
S00096282,48,47,1,0,1
S00096283,64,61,3,3,0
S00096284,60,57,3,2,1
S00096285,42,42,0,0,0
S00096286,37,36,1,0,1
S00096287,29,29,0,0,0
S00096288,40,40,0,0,0
S00096289,51,48,3,2,1
S00096290,45,45,0,0,0
S00096291,43,42,1,0,1
S00096292,46,45,1,0,1
S00096293,25,25,0,0,0
S00096294,68,68,0,0,0
S00096295,75,75,0,0,0
S00096296,36,34,2,0,2
S00096297,35,35,0,0,0
S00096298,50,49,1,0,1
S00096299,32,32,0,0,0
S00096300,61,59,2,0,2
S00096301,32,31,1,0,1
S00096302,60,58,2,0,2
S00096303,28,28,0,0,0
S00096304,56,55,1,0,1
S00096305,31,31,0,0,0
S00096306,50,50,0,0,0
S00096307,55,55,0,0,0
S00096308,55,54,1,1,0
S00096309,51,51,0,0,0
S00096310,59,58,1,1,0
S00096311,41,39,2,0,2
S00096312,48,46,2,1,1
S00096313,50,50,0,0,0
S00096314,45,43,2,2,0
S00096315,55,55,0,0,0
S00096316,22,22,0,0,0
S00096317,41,41,0,0,0
S00096318,61,58,3,0,3
S00096319,40,37,3,2,1
S00096320,64,64,0,0,0
S00096321,91,89,2,0,2
S00096322,56,54,2,0,2
S00096323,52,52,0,0,0
S00096324,68,68,0,0,0
S00096325,62,58,4,4,0
S00096326,68,66,2,0,2
S00096327,53,53,0,0,0
S00096328,77,76,1,0,1
S00096329,43,41,2,1,1
S00096330,54,51,3,0,3
S00096331,65,61,4,0,4
S00096332,45,43,2,0,2
S00096333,54,51,3,3,0
S00096334,47,46,1,0,1
S00096335,60,60,0,0,0
S00096336,60,58,2,1,1
S00096337,59,59,0,0,0
S00096338,71,71,0,0,0
S00096339,61,56,5,5,0
S00096340,72,58,14,14,0
S00096341,49,49,0,0,0
S00096342,77,76,1,0,1
S00096343,59,57,2,0,2
S00096344,82,77,5,0,5
S00096345,53,50,3,0,3
S00096346,70,66,4,0,4
S00096347,69,62,7,0,7
S00096348,61,59,2,0,2
S00096349,57,55,2,0,2
S00096350,40,40,0,0,0
S00096351,74,74,0,0,0
S00096352,67,66,1,0,1
S00096353,31,31,0,0,0
S00096354,48,48,0,0,0
S00096355,70,70,0,0,0
S00096356,64,63,1,0,1
S00096357,75,73,2,0,2
S00096358,45,43,2,1,1
S00096359,47,46,1,0,1
S00096360,50,50,0,0,0
S00096361,41,41,0,0,0
S00096362,44,42,2,0,2
S00096363,43,43,0,0,0
S00096364,41,40,1,0,1
S00096365,36,35,1,0,1
S00096366,62,62,0,0,0
S00096367,74,74,0,0,0
S00096368,49,49,0,0,0
S00096369,74,74,0,0,0
S00096370,36,36,0,0,0
S00096371,40,40,0,0,0
S00096372,62,61,1,0,1
S00096373,58,55,3,0,3
S00096374,64,64,0,0,0
S00096375,62,62,0,0,0
S00096376,44,44,0,0,0
S00096377,66,64,2,0,2
S00096378,39,37,2,2,0
S00096379,66,66,0,0,0
S00096380,69,68,1,0,1
S00096381,48,47,1,0,1
S00096382,52,52,0,0,0
S00096383,56,56,0,0,0
S00096384,59,59,0,0,0
S00096385,46,46,0,0,0
S00096386,69,69,0,0,0
S00096387,68,67,1,0,1
S00096388,72,69,3,2,1
S00096389,49,48,1,0,1
S00096390,76,75,1,0,1
S00096391,71,69,2,0,2
S00096392,29,28,1,0,1
S00096393,36,35,1,0,1
S00096394,30,30,0,0,0
S00096395,75,74,1,0,1
S00096396,58,58,0,0,0
S00096397,62,62,0,0,0
S00096398,60,59,1,0,1
S00096399,45,44,1,0,1
S00096400,35,34,1,0,1
S00096401,45,44,1,0,1
S00096402,60,59,1,1,0
S00096403,42,36,6,4,2
S00096404,27,27,0,0,0
S00096405,42,41,1,0,1
S00096406,38,38,0,0,0
S00096407,68,67,1,1,0
S00096408,59,57,2,0,2
S00096409,59,58,1,0,1
S00096410,41,40,1,0,1
S00096411,66,66,0,0,0
S00096412,40,39,1,0,1
S00096413,51,50,1,0,1
S00096414,69,66,3,3,0
S00096415,52,52,0,0,0
S00096416,47,44,3,3,0
S00096417,32,32,0,0,0
S00096418,45,45,0,0,0
S00096419,42,42,0,0,0
S00096420,33,32,1,1,0
S00096421,50,49,1,1,0
S00096422,68,65,3,3,0
S00096423,84,71,13,7,6
S00096424,62,60,2,0,2
S00096425,88,85,3,0,3
S00096426,39,39,0,0,0
S00096427,65,61,4,2,2
S00096428,65,64,1,0,1
S00096429,73,53,20,1,19
S00096430,53,52,1,1,0
S00096431,46,43,3,0,3
S00096432,40,40,0,0,0
S00096433,36,35,1,0,1
S00096434,52,47,5,0,5
S00096435,30,30,0,0,0
S00096436,80,80,0,0,0
S00096437,52,49,3,0,3
S00096438,45,42,3,0,3
S00096439,52,45,7,0,7
S00096440,43,43,0,0,0
S00096441,42,41,1,0,1
S00096442,47,47,0,0,0
S00096443,71,66,5,1,4
S00096444,48,48,0,0,0
S00096445,72,71,1,0,1
S00096446,69,67,2,0,2
S00096447,41,41,0,0,0
S00096448,39,38,1,0,1
S00096449,53,52,1,0,1
S00096450,41,41,0,0,0
S00096451,59,59,0,0,0
S00096452,49,48,1,0,1
S00096453,41,39,2,0,2
S00096454,55,53,2,1,1
S00096455,47,46,1,0,1
S00096456,40,40,0,0,0
S00096457,42,39,3,0,3
S00096458,43,39,4,1,3
S00096459,51,50,1,1,0
S00096460,62,61,1,0,1
S00096461,51,51,0,0,0
S00096462,44,44,0,0,0
S00096463,57,57,0,0,0
S00096464,55,55,0,0,0
S00096465,76,76,0,0,0
S00096466,43,42,1,0,1
S00096467,57,57,0,0,0
S00096468,48,46,2,0,2
S00096469,61,59,2,0,2
S00096470,45,43,2,2,0
S00096471,25,24,1,0,1
S00096472,61,61,0,0,0
S00096473,47,46,1,0,1
S00096474,62,60,2,1,1
S00096475,41,40,1,0,1
S00096476,42,42,0,0,0
S00096477,44,44,0,0,0
S00096478,39,38,1,0,1
S00096479,67,66,1,0,1
S00096480,44,44,0,0,0
S00096481,67,67,0,0,0
S00096482,69,67,2,0,2
S00096483,50,48,2,0,2
S00096484,46,46,0,0,0
S00096485,46,43,3,1,2
S00096486,71,70,1,1,0
S00096487,43,41,2,2,0
S00096488,39,38,1,1,0
S00096489,40,39,1,1,0
S00096490,49,48,1,0,1
S00096491,28,27,1,0,1
S00096492,58,58,0,0,0
S00096493,63,61,2,1,1
S00096494,64,62,2,2,0
S00096495,54,54,0,0,0
S00096496,43,43,0,0,0
S00096497,41,41,0,0,0
S00096498,42,40,2,1,1
S00096499,24,24,0,0,0
S00096500,33,31,2,0,2
S00096501,49,48,1,0,1
S00096502,42,41,1,1,0
S00096503,32,32,0,0,0
S00096504,46,46,0,0,0
S00096505,41,41,0,0,0
S00096506,71,71,0,0,0
S00096507,55,53,2,0,2
S00096508,43,39,4,0,4
S00096509,49,49,0,0,0
S00096510,42,39,3,0,3
S00096511,57,57,0,0,0
S00096512,56,54,2,0,2
S00096513,64,63,1,0,1
S00096514,54,47,7,7,0
S00096515,58,52,6,0,6
S00096516,64,61,3,0,3
S00096517,75,70,5,1,4
S00096518,64,61,3,0,3
S00096519,75,69,6,1,5
S00096520,57,57,0,0,0
S00096521,73,73,0,0,0
S00096522,31,30,1,1,0
S00096523,72,72,0,0,0
S00096524,57,54,3,0,3
S00096525,26,24,2,0,2
S00096526,62,60,2,1,1
S00096527,63,62,1,0,1
S00096528,41,40,1,0,1
S00096529,41,34,7,3,4
S00096530,53,51,2,1,1
S00096531,61,61,0,0,0
S00096532,39,39,0,0,0
S00096533,60,58,2,0,2
S00096534,61,61,0,0,0
S00096535,61,61,0,0,0
S00096536,78,77,1,0,1
S00096537,55,40,15,2,13
S00096538,36,35,1,0,1
S00096539,37,34,3,0,3
S00096540,74,71,3,0,3
S00096541,40,38,2,0,2
S00096542,83,79,4,0,4
S00096543,43,43,0,0,0
S00096544,43,43,0,0,0
S00096545,68,66,2,0,2
S00096546,42,38,4,0,4
S00096547,40,38,2,0,2
S00096548,47,45,2,0,2
S00096549,61,61,0,0,0
S00096550,59,59,0,0,0
S00096551,43,42,1,0,1
S00096552,44,44,0,0,0
S00096553,63,60,3,0,3
S00096554,48,43,5,0,5
S00096555,61,60,1,0,1
S00096556,55,55,0,0,0
S00096557,27,26,1,0,1
S00096558,67,65,2,0,2
S00096559,48,47,1,0,1
S00096560,54,52,2,0,2
S00096561,55,35,20,0,20
S00096562,43,35,8,0,8
S00096563,79,78,1,0,1
S00096564,59,52,7,0,7
S00096565,67,50,17,0,17
S00096566,68,59,9,0,9
S00096567,44,43,1,0,1
S00096568,45,45,0,0,0
S00096569,50,47,3,1,2
S00096570,59,57,2,0,2
S00096571,78,77,1,0,1
S00096572,42,41,1,0,1
S00096573,38,38,0,0,0
S00096574,49,49,0,0,0
S00096575,28,27,1,0,1
S00096576,42,42,0,0,0
S00096577,50,36,14,12,2
S00096578,38,33,5,4,1
S00096579,50,50,0,0,0
S00096580,34,33,1,1,0
S00096581,41,37,4,2,2
S00096582,39,39,0,0,0
S00096583,38,34,4,0,4
S00096584,59,59,0,0,0
S00096585,29,27,2,0,2
S00096586,43,42,1,1,0
S00096587,53,51,2,1,1
S00096588,56,54,2,0,2
S00096589,55,54,1,0,1
S00096590,56,56,0,0,0
S00096591,49,44,5,0,5
S00096592,36,36,0,0,0
S00096593,43,41,2,0,2
S00096594,44,43,1,0,1
S00096595,35,35,0,0,0
S00096596,41,39,2,0,2
S00096597,41,40,1,0,1
S00096598,30,30,0,0,0
S00096599,38,37,1,0,1
S00096600,48,46,2,0,2
S00096601,59,59,0,0,0
S00096602,51,45,6,1,5
S00096603,72,69,3,0,3
S00096604,55,54,1,0,1
S00096605,62,62,0,0,0
S00096606,43,42,1,0,1
S00096607,58,54,4,0,4
S00096608,55,53,2,0,2
S00096609,63,62,1,0,1
S00096610,39,39,0,0,0
S00096611,86,83,3,3,0
S00096612,31,30,1,1,0
S00096613,29,24,5,4,1
S00096614,26,26,0,0,0
S00096615,39,38,1,0,1
S00096616,54,54,0,0,0
S00096617,53,53,0,0,0
S00096618,47,46,1,0,1
S00096619,33,32,1,1,0
S00096620,37,37,0,0,0
S00096621,42,42,0,0,0
S00096622,37,37,0,0,0
S00096623,60,58,2,0,2
S00096624,52,47,5,0,5
S00096625,51,50,1,0,1
S00096626,73,64,9,2,7
S00096627,39,37,2,0,2
S00096628,57,54,3,0,3
S00096629,39,38,1,0,1
S00096630,47,47,0,0,0
S00096631,39,39,0,0,0
S00096632,52,52,0,0,0
S00096633,54,53,1,0,1
S00096634,46,46,0,0,0
S00096635,54,52,2,1,1
S00096636,43,42,1,0,1
S00096637,48,47,1,0,1
S00096638,46,45,1,0,1
S00096639,31,31,0,0,0
S00096640,51,49,2,0,2
S00096641,37,37,0,0,0
S00096642,45,45,0,0,0
S00096643,61,59,2,0,2
S00096644,57,57,0,0,0
S00096645,32,32,0,0,0
S00096646,33,32,1,1,0
S00096647,52,52,0,0,0
S00096648,28,27,1,0,1
S00096649,42,42,0,0,0
S00096650,37,37,0,0,0
S00096651,80,80,0,0,0
S00096652,77,76,1,1,0
S00096653,25,24,1,1,0
S00096654,65,63,2,0,2
S00096655,73,72,1,0,1
S00096656,38,37,1,1,0
S00096657,51,50,1,0,1
S00096658,38,38,0,0,0
S00096659,44,41,3,0,3
S00096660,68,66,2,0,2
S00096661,61,60,1,0,1
S00096662,39,38,1,0,1
S00096663,51,49,2,0,2
S00096664,60,60,0,0,0
S00096665,90,89,1,0,1
S00096666,42,42,0,0,0
S00096667,36,36,0,0,0
S00096668,63,61,2,0,2
S00096669,65,63,2,1,1
S00096670,43,41,2,0,2
S00096671,36,34,2,0,2
S00096672,57,56,1,0,1
S00096673,74,73,1,0,1
S00096674,54,54,0,0,0
S00096675,51,51,0,0,0
S00096676,40,38,2,1,1
S00096677,38,37,1,1,0
S00096678,52,52,0,0,0
S00096679,40,39,1,0,1
S00096680,50,47,3,3,0
S00096681,52,45,7,7,0
S00096682,53,50,3,0,3
S00096683,66,65,1,0,1
S00096684,51,48,3,0,3
S00096685,58,57,1,0,1
S00096686,77,75,2,1,1
S00096687,78,77,1,0,1
S00096688,49,47,2,1,1
S00096689,49,49,0,0,0
S00096690,45,43,2,0,2
S00096691,30,30,0,0,0
S00096692,64,64,0,0,0
S00096693,55,54,1,0,1
S00096694,45,44,1,0,1
S00096695,33,33,0,0,0
S00096696,68,67,1,0,1
S00096697,61,61,0,0,0
S00096698,39,36,3,1,2
S00096699,45,45,0,0,0
S00096700,59,58,1,0,1
S00096701,53,52,1,0,1
S00096702,40,40,0,0,0
S00096703,55,53,2,0,2
S00096704,48,47,1,0,1
S00096705,56,55,1,0,1
S00096706,47,45,2,0,2
S00096707,28,28,0,0,0
S00096708,43,41,2,0,2
S00096709,47,29,18,0,18
S00096710,82,63,19,0,19
S00096711,44,38,6,0,6
S00096712,62,60,2,0,2
S00096713,41,39,2,0,2
S00096714,38,38,0,0,0
S00096715,68,68,0,0,0
S00096716,36,36,0,0,0
S00096717,52,52,0,0,0
S00096718,48,46,2,0,2
S00096719,69,67,2,1,1
S00096720,46,44,2,0,2
S00096721,37,35,2,0,2
S00096722,48,45,3,0,3
S00096723,71,69,2,0,2
S00096724,48,47,1,0,1
S00096725,48,47,1,0,1
S00096726,48,46,2,0,2
S00096727,46,46,0,0,0
S00096728,67,64,3,0,3
S00096729,62,60,2,0,2
S00096730,47,46,1,0,1
S00096731,34,34,0,0,0
S00096732,50,50,0,0,0
S00096733,69,68,1,0,1
S00096734,35,35,0,0,0
S00096735,49,48,1,0,1
S00096736,40,39,1,0,1
S00096737,23,23,0,0,0
S00096738,64,63,1,0,1
S00096739,60,59,1,0,1
S00096740,63,61,2,0,2
S00096741,70,69,1,0,1
S00096742,67,64,3,0,3
S00096743,41,40,1,0,1
S00096744,60,59,1,0,1
S00096745,56,53,3,0,3
S00096746,65,62,3,0,3
S00096747,75,74,1,0,1
S00096748,65,63,2,0,2
S00096749,72,72,0,0,0
S00096750,67,67,0,0,0
S00096751,42,42,0,0,0
S00096752,50,50,0,0,0
S00096753,43,42,1,0,1
S00096754,49,49,0,0,0
S00096755,61,61,0,0,0
S00096756,46,46,0,0,0
S00096757,37,37,0,0,0
S00096758,71,69,2,0,2
S00096759,51,38,13,0,13
S00096760,61,59,2,0,2
S00096761,45,44,1,0,1
S00096762,40,33,7,0,7
S00096763,49,40,9,0,9
S00096764,32,30,2,0,2
S00096765,63,61,2,0,2
S00096766,65,62,3,0,3
S00096767,60,58,2,0,2
S00096768,50,47,3,1,2
S00096769,43,42,1,0,1
S00096770,38,36,2,0,2
S00096771,58,52,6,0,6
S00096772,44,43,1,0,1
S00096773,52,52,0,0,0
S00096774,44,42,2,0,2
S00096775,46,45,1,0,1
S00096776,46,45,1,0,1
S00096777,47,46,1,0,1
S00096778,46,44,2,0,2
S00096779,33,29,4,0,4
S00096780,28,28,0,0,0
S00096781,41,40,1,0,1
S00096782,49,49,0,0,0
S00096783,46,45,1,0,1
S00096784,43,43,0,0,0
S00096785,62,61,1,0,1
S00096786,54,53,1,0,1
S00096787,68,68,0,0,0
S00096788,45,44,1,0,1
S00096789,44,44,0,0,0
S00096790,37,36,1,0,1
S00096791,56,56,0,0,0
S00096792,56,56,0,0,0
S00096793,56,56,0,0,0
S00096794,83,83,0,0,0
S00096795,77,77,0,0,0
S00096796,56,56,0,0,0
S00096797,56,56,0,0,0
S00096798,56,56,0,0,0
S00096799,46,46,0,0,0
S00096800,45,44,1,0,1
S00096801,51,51,0,0,0
S00096802,46,45,1,0,1
S00096803,56,55,1,0,1
S00096804,51,50,1,0,1
S00096805,30,29,1,0,1
S00096806,59,55,4,0,4
S00096807,49,49,0,0,0
S00096808,53,50,3,0,3
S00096809,59,55,4,0,4
S00096810,45,45,0,0,0
S00096811,44,44,0,0,0
S00096812,51,51,0,0,0
S00096813,48,47,1,0,1
S00096814,56,56,0,0,0
S00096815,69,68,1,0,1
S00096816,66,66,0,0,0
S00096817,48,46,2,1,1
S00096818,55,54,1,0,1
S00096819,54,53,1,0,1
S00096820,50,48,2,0,2
S00096821,52,52,0,0,0
S00096822,45,45,0,0,0
S00096823,42,42,0,0,0
S00096824,54,54,0,0,0
S00096825,54,53,1,0,1
S00096826,45,45,0,0,0
S00096827,40,39,1,1,0
S00096828,48,46,2,0,2
S00096829,40,38,2,0,2
S00096830,42,42,0,0,0
S00096831,74,71,3,0,3
S00096832,50,49,1,0,1
S00096833,51,50,1,0,1
S00096834,77,77,0,0,0
S00096835,62,61,1,0,1
S00096836,51,50,1,0,1
S00096837,52,51,1,0,1
S00096838,70,69,1,0,1
S00096839,64,62,2,0,2
S00096840,71,69,2,0,2
S00096841,69,68,1,0,1
S00096842,43,43,0,0,0
S00096843,43,43,0,0,0
S00096844,39,38,1,0,1
S00096845,53,51,2,0,2
S00096846,57,57,0,0,0
S00096847,32,31,1,0,1
S00096848,79,67,12,0,12
S00096849,44,44,0,0,0
S00096850,54,51,3,0,3
S00096851,38,36,2,0,2
S00096852,35,35,0,0,0
S00096853,77,65,12,0,12
S00096854,57,46,11,0,11
S00096855,63,63,0,0,0
S00096856,65,65,0,0,0
S00096857,44,43,1,0,1
S00096858,30,30,0,0,0
S00096859,73,72,1,0,1
S00096860,44,43,1,0,1
S00096861,74,61,13,1,12
S00096862,63,58,5,0,5
S00096863,72,70,2,0,2
S00096864,48,45,3,0,3
S00096865,48,47,1,0,1
S00096866,69,69,0,0,0
S00096867,56,55,1,0,1
S00096868,48,47,1,0,1
S00096869,41,41,0,0,0
S00096870,39,39,0,0,0
S00096871,68,67,1,0,1
S00096872,89,54,35,0,35
S00096873,69,59,10,0,10
S00096874,41,40,1,0,1
S00096875,48,45,3,0,3
S00096876,71,70,1,0,1
S00096877,47,46,1,0,1
S00096878,81,79,2,0,2
S00096879,52,51,1,0,1
S00096880,70,70,0,0,0
S00096881,53,53,0,0,0
S00096882,58,58,0,0,0
S00096883,40,39,1,0,1
S00096884,43,41,2,1,1
S00096885,57,55,2,1,1
S00096886,52,48,4,1,3
S00096887,43,43,0,0,0
S00096888,59,58,1,0,1
S00096889,65,65,0,0,0
S00096890,73,71,2,0,2
S00096891,65,65,0,0,0
S00096892,46,45,1,0,1
S00096893,44,43,1,0,1
S00096894,56,55,1,0,1
S00096895,74,71,3,0,3
S00096896,72,70,2,0,2
S00096897,48,47,1,0,1
S00096898,57,48,9,0,9
S00096899,62,61,1,0,1
S00096900,59,56,3,0,3
S00096901,54,50,4,2,2
S00096902,48,45,3,0,3
S00096903,37,35,2,0,2
S00096904,63,60,3,0,3
S00096905,36,36,0,0,0
S00096906,46,46,0,0,0
S00096907,58,57,1,0,1
S00096908,80,77,3,0,3
S00096909,60,58,2,0,2
S00096910,50,49,1,0,1
S00096911,44,43,1,0,1
S00096912,53,52,1,0,1
S00096913,55,53,2,0,2
S00096914,45,45,0,0,0
S00096915,40,39,1,0,1
S00096916,56,56,0,0,0
S00096917,22,22,0,0,0
S00096918,34,34,0,0,0
S00096919,43,43,0,0,0
S00096920,41,41,0,0,0
S00096921,40,40,0,0,0
S00096922,43,41,2,1,1
S00096923,31,30,1,1,0
S00096924,25,25,0,0,0
S00096925,63,63,0,0,0
S00096926,45,45,0,0,0
S00096927,65,63,2,0,2
S00096928,48,45,3,1,2
S00096929,57,57,0,0,0
S00096930,39,39,0,0,0
S00096931,48,48,0,0,0
S00096932,78,76,2,0,2
S00096933,62,60,2,0,2
S00096934,50,50,0,0,0
S00096935,38,37,1,0,1
S00096936,56,56,0,0,0
S00096937,55,55,0,0,0
S00096938,67,66,1,1,0
S00096939,27,27,0,0,0
S00096940,45,43,2,0,2
S00096941,56,55,1,0,1
S00096942,74,74,0,0,0
S00096943,68,65,3,0,3
S00096944,47,47,0,0,0
S00096945,41,39,2,0,2
S00096946,40,40,0,0,0
S00096947,44,43,1,0,1
S00096948,45,45,0,0,0
S00096949,40,39,1,0,1
S00096950,46,42,4,0,4
S00096951,48,47,1,0,1
S00096952,59,59,0,0,0
S00096953,40,40,0,0,0
S00096954,37,36,1,0,1
S00096955,65,63,2,0,2
S00096956,60,56,4,0,4
S00096957,68,68,0,0,0
S00096958,71,70,1,0,1
S00096959,31,29,2,0,2
S00096960,37,36,1,0,1
S00096961,40,40,0,0,0
S00096962,45,45,0,0,0
S00096963,48,48,0,0,0
S00096964,73,73,0,0,0
S00096965,45,43,2,0,2
S00096966,24,24,0,0,0
S00096967,56,56,0,0,0
S00096968,52,52,0,0,0
S00096969,51,50,1,0,1
S00096970,55,54,1,0,1
S00096971,22,22,0,0,0
S00096972,63,62,1,0,1
S00096973,65,65,0,0,0
S00096974,61,60,1,0,1
S00096975,69,65,4,0,4
S00096976,46,45,1,0,1
S00096977,45,44,1,0,1
S00096978,72,71,1,0,1
S00096979,44,44,0,0,0
S00096980,48,48,0,0,0
S00096981,70,68,2,0,2
S00096982,49,49,0,0,0
S00096983,44,41,3,0,3
S00096984,65,62,3,0,3
S00096985,31,30,1,0,1
S00096986,54,52,2,0,2
S00096987,64,62,2,0,2
S00096988,34,34,0,0,0
S00096989,69,68,1,0,1
S00096990,48,48,0,0,0
S00096991,26,26,0,0,0
S00096992,24,24,0,0,0
S00096993,42,42,0,0,0
S00096994,40,39,1,0,1
S00096995,63,62,1,0,1
S00096996,28,25,3,0,3
S00096997,26,26,0,0,0
S00096998,44,44,0,0,0
S00096999,44,44,0,0,0
S00097000,54,52,2,0,2
S00097001,52,50,2,0,2
S00097002,32,30,2,0,2
S00097003,39,39,0,0,0
S00097004,49,49,0,0,0
S00097005,51,50,1,0,1
S00097006,40,38,2,0,2
S00097007,86,81,5,0,5
S00097008,28,27,1,1,0
S00097009,49,49,0,0,0
S00097010,37,36,1,0,1
S00097011,57,54,3,0,3
S00097012,34,34,0,0,0
S00097013,62,60,2,0,2
S00097014,35,35,0,0,0
S00097015,45,44,1,0,1
S00097016,44,43,1,1,0
S00097017,45,45,0,0,0
S00097018,45,44,1,1,0
S00097019,45,44,1,0,1
S00097020,45,45,0,0,0
S00097021,86,65,21,0,21
S00097022,88,60,28,0,28
S00097023,41,41,0,0,0
S00097024,23,23,0,0,0
S00097025,94,94,0,0,0
S00097026,40,38,2,1,1
S00097027,43,43,0,0,0
S00097028,46,45,1,1,0
S00097029,48,48,0,0,0
S00097030,43,43,0,0,0
S00097031,43,43,0,0,0
S00097032,55,55,0,0,0
S00097033,56,54,2,0,2
S00097034,49,49,0,0,0
S00097035,43,42,1,0,1
S00097036,40,39,1,0,1
S00097037,53,53,0,0,0
S00097038,65,63,2,0,2
S00097039,50,47,3,0,3
S00097040,37,37,0,0,0
S00097041,40,38,2,1,1
S00097042,40,40,0,0,0
S00097043,32,32,0,0,0
S00097044,67,67,0,0,0
S00097045,60,59,1,0,1
S00097046,36,33,3,0,3
S00097047,69,66,3,0,3
S00097048,54,53,1,0,1
S00097049,31,31,0,0,0
S00097050,32,32,0,0,0
S00097051,60,58,2,0,2
S00097052,46,45,1,0,1
S00097053,53,51,2,0,2
S00097054,93,82,11,0,11
S00097055,33,31,2,0,2
S00097056,79,79,0,0,0
S00097057,42,39,3,0,3
S00097058,45,45,0,0,0
S00097059,37,37,0,0,0
S00097060,30,30,0,0,0
S00097061,38,38,0,0,0
S00097062,55,53,2,0,2
S00097063,52,51,1,0,1
S00097064,34,33,1,0,1
S00097065,44,44,0,0,0
S00097066,46,46,0,0,0
S00097067,44,40,4,0,4
S00097068,54,54,0,0,0
S00097069,60,60,0,0,0
S00097070,33,33,0,0,0
S00097071,53,51,2,1,1
S00097072,36,36,0,0,0
S00097073,44,43,1,0,1
S00097074,76,68,8,0,8
S00097075,41,39,2,0,2
S00097076,56,53,3,0,3
S00097077,48,42,6,0,6
S00097078,34,34,0,0,0
S00097079,46,46,0,0,0
S00097080,51,49,2,1,1
S00097081,48,41,7,0,7
S00097082,38,36,2,0,2
S00097083,37,37,0,0,0
S00097084,51,50,1,0,1
S00097085,52,51,1,0,1
S00097086,32,32,0,0,0
S00097087,50,49,1,0,1
S00097088,32,32,0,0,0
S00097089,29,28,1,0,1
S00097090,58,58,0,0,0
S00097091,44,42,2,0,2
S00097092,44,42,2,2,0
S00097093,54,53,1,0,1
S00097094,47,47,0,0,0
S00097095,68,68,0,0,0
S00097096,48,48,0,0,0
S00097097,43,42,1,0,1
S00097098,69,67,2,0,2
S00097099,70,67,3,0,3
S00097100,65,63,2,1,1
S00097101,40,40,0,0,0
S00097102,44,44,0,0,0
S00097103,52,48,4,0,4
S00097104,63,63,0,0,0
S00097105,39,38,1,0,1
S00097106,77,74,3,0,3
S00097107,37,37,0,0,0
S00097108,29,29,0,0,0
S00097109,48,48,0,0,0
S00097110,38,37,1,1,0
S00097111,32,32,0,0,0
S00097112,47,46,1,0,1
S00097113,53,53,0,0,0
S00097114,42,42,0,0,0
S00097115,58,57,1,0,1
S00097116,57,55,2,0,2
S00097117,31,30,1,0,1
S00097118,73,70,3,0,3
S00097119,49,47,2,1,1
S00097120,51,49,2,0,2
S00097121,57,54,3,1,2
S00097122,46,42,4,0,4
S00097123,57,53,4,3,1
S00097124,44,41,3,2,1
S00097125,56,49,7,2,5
S00097126,47,42,5,0,5
S00097127,41,35,6,3,3
S00097128,69,68,1,0,1
S00097129,26,21,5,2,3
S00097130,33,32,1,1,0
S00097131,46,45,1,1,0
S00097132,56,45,11,6,5
S00097133,61,55,6,0,6
S00097134,75,72,3,0,3
S00097135,47,47,0,0,0
S00097136,75,71,4,3,1
S00097137,52,35,17,10,7
S00097138,44,38,6,2,4
S00097139,67,64,3,1,2
S00097140,60,57,3,2,1
S00097141,78,71,7,4,3
S00097142,78,77,1,0,1
S00097143,38,37,1,0,1
S00097144,53,50,3,0,3
S00097145,78,77,1,0,1
S00097146,51,47,4,1,3
S00097147,62,61,1,0,1
S00097148,76,70,6,3,3
S00097149,56,55,1,1,0
S00097150,68,67,1,0,1
S00097151,39,37,2,0,2
S00097152,65,60,5,0,5
S00097153,79,77,2,0,2
S00097154,72,68,4,0,4
S00097155,43,38,5,0,5
S00097156,58,58,0,0,0
S00097157,81,77,4,1,3
S00097158,46,44,2,0,2
S00097159,61,60,1,0,1
S00097160,33,30,3,0,3
S00097161,80,76,4,2,2
S00097162,69,64,5,0,5
S00097163,58,55,3,1,2
S00097164,67,61,6,4,2
S00097165,30,30,0,0,0
S00097166,62,56,6,3,3
S00097167,75,72,3,0,3
S00097168,49,48,1,0,1
S00097169,24,23,1,0,1
S00097170,84,83,1,0,1
S00097171,57,53,4,1,3
S00097172,67,64,3,2,1
S00097173,71,66,5,1,4
S00097174,66,60,6,2,4
S00097175,50,41,9,7,2
S00097176,52,50,2,1,1
S00097177,50,47,3,0,3
S00097178,59,58,1,1,0
S00097179,37,35,2,0,2
S00097180,58,56,2,2,0
S00097181,79,77,2,0,2
S00097182,43,43,0,0,0
S00097183,62,57,5,1,4
S00097184,49,45,4,4,0
S00097185,55,52,3,1,2
S00097186,41,37,4,2,2
S00097187,44,43,1,0,1
S00097188,52,49,3,2,1
S00097189,53,50,3,0,3
S00097190,44,33,11,8,3
S00097191,47,27,20,9,11
S00097192,48,38,10,6,4
S00097193,73,63,10,4,6
S00097194,80,74,6,0,6
S00097195,49,43,6,1,5
S00097196,51,49,2,0,2
S00097197,49,46,3,1,2
S00097198,56,55,1,0,1
S00097199,62,55,7,2,5
S00097200,58,57,1,0,1
S00097201,42,40,2,2,0
S00097202,45,38,7,2,5
S00097203,47,43,4,1,3
S00097204,37,36,1,0,1
S00097205,47,47,0,0,0
S00097206,58,55,3,0,3
S00097207,69,67,2,1,1
S00097208,67,65,2,0,2
S00097209,69,64,5,1,4
S00097210,69,61,8,2,6
S00097211,78,75,3,2,1
S00097212,70,67,3,1,2
S00097213,53,51,2,0,2
S00097214,66,60,6,2,4
S00097215,67,62,5,2,3
S00097216,61,58,3,1,2
S00097217,77,73,4,3,1
S00097218,87,76,11,6,5
S00097219,60,58,2,1,1
S00097220,52,51,1,1,0
S00097221,44,41,3,0,3
S00097222,37,35,2,0,2
S00097223,62,59,3,0,3
S00097224,69,67,2,1,1
S00097225,39,37,2,1,1
S00097226,46,43,3,2,1
S00097227,74,64,10,10,0
S00097228,70,67,3,1,2
S00097229,44,44,0,0,0
S00097230,63,61,2,1,1
S00097231,48,45,3,0,3
S00097232,85,77,8,3,5
S00097233,30,24,6,1,5
S00097234,71,68,3,1,2
S00097235,55,53,2,0,2
S00097236,66,63,3,1,2
S00097237,73,68,5,0,5
S00097238,59,56,3,0,3
S00097239,62,59,3,0,3
S00097240,46,43,3,0,3
S00097241,36,33,3,0,3
S00097242,54,50,4,0,4
S00097243,70,69,1,0,1
S00097244,52,50,2,0,2
S00097245,62,59,3,0,3
S00097246,25,25,0,0,0
S00097247,48,47,1,0,1
S00097248,53,53,0,0,0
S00097249,41,41,0,0,0
S00097250,63,63,0,0,0
S00097251,80,73,7,3,4
S00097252,79,76,3,1,2
S00097253,70,67,3,1,2
S00097254,64,59,5,0,5
S00097255,61,57,4,1,3
S00097256,54,51,3,0,3
S00097257,37,35,2,0,2
S00097258,25,23,2,0,2
S00097259,68,62,6,4,2
S00097260,32,29,3,3,0
S00097261,33,32,1,0,1
S00097262,55,53,2,0,2
S00097263,42,41,1,0,1
S00097264,42,40,2,1,1
S00097265,39,35,4,0,4
S00097266,40,38,2,1,1
S00097267,36,36,0,0,0
S00097268,79,58,21,19,2
S00097269,85,77,8,4,4
S00097270,23,21,2,2,0
S00097271,48,43,5,5,0
S00097272,42,39,3,3,0
S00097273,38,37,1,1,0
S00097274,50,44,6,3,3
S00097275,43,39,4,1,3
S00097276,42,38,4,3,1
S00097277,73,61,12,11,1
S00097278,54,51,3,0,3
S00097279,49,47,2,1,1
S00097280,47,45,2,1,1
S00097281,55,53,2,2,0
S00097282,47,47,0,0,0
S00097283,33,33,0,0,0
S00097284,60,51,9,1,8
S00097285,43,36,7,2,5
S00097286,42,28,14,9,5
S00097287,71,66,5,2,3
S00097288,69,67,2,0,2
S00097289,50,48,2,0,2
S00097290,53,50,3,2,1
S00097291,43,35,8,3,5
S00097292,32,32,0,0,0
S00097293,68,54,14,8,6
S00097294,48,45,3,3,0
S00097295,41,37,4,3,1
S00097296,47,43,4,3,1
S00097297,27,27,0,0,0
S00097298,61,57,4,1,3
S00097299,43,36,7,1,6
S00097300,71,69,2,2,0
S00097301,44,33,11,9,2
S00097302,64,45,19,12,7
S00097303,83,72,11,5,6
S00097304,46,42,4,2,2
S00097305,41,41,0,0,0
S00097306,53,49,4,1,3
S00097307,71,66,5,5,0
S00097308,43,41,2,2,0
S00097309,54,52,2,0,2
S00097310,69,64,5,5,0
S00097311,72,69,3,0,3
S00097312,61,31,30,30,0
S00097313,59,37,22,22,0
S00097314,67,39,28,20,8
S00097315,95,70,25,20,5
S00097316,33,30,3,2,1
S00097317,54,40,14,12,2
S00097318,41,25,16,14,2
S00097319,49,31,18,14,4
S00097320,38,30,8,3,5
S00097321,46,41,5,1,4
S00097322,50,33,17,12,5
S00097323,65,55,10,9,1
S00097324,77,64,13,12,1
S00097325,46,46,0,0,0
S00097326,53,43,10,9,1
S00097327,46,44,2,2,0
S00097328,61,56,5,2,3
S00097329,73,69,4,4,0
S00097330,50,44,6,6,0
S00097331,73,65,8,8,0
S00097332,35,33,2,1,1
S00097333,81,65,16,15,1
S00097334,53,50,3,2,1
S00097335,66,54,12,11,1
S00097336,34,31,3,3,0
S00097337,40,39,1,0,1
S00097338,54,49,5,3,2
S00097339,61,61,0,0,0
S00097340,78,72,6,2,4
S00097341,57,56,1,1,0
S00097342,61,60,1,0,1
S00097343,48,47,1,0,1
S00097344,75,71,4,3,1
S00097345,48,39,9,3,6
S00097346,75,70,5,2,3
S00097347,37,27,10,8,2
S00097348,81,70,11,6,5
S00097349,61,47,14,13,1
S00097350,65,50,15,13,2
S00097351,40,39,1,0,1
S00097352,58,57,1,0,1
S00097353,51,48,3,2,1
S00097354,88,75,13,12,1
S00097355,40,25,15,3,12
S00097356,64,61,3,3,0
S00097357,50,47,3,3,0
S00097358,33,28,5,4,1
S00097359,47,40,7,2,5
S00097360,68,63,5,2,3
S00097361,32,26,6,3,3
S00097362,37,28,9,0,9
S00097363,74,67,7,0,7
S00097364,75,71,4,2,2
S00097365,56,44,12,5,7
S00097366,59,51,8,2,6
S00097367,72,72,0,0,0
S00097368,56,55,1,1,0
S00097369,58,56,2,0,2
S00097370,26,24,2,1,1
S00097371,56,54,2,0,2
S00097372,34,29,5,5,0
S00097373,37,34,3,0,3
S00097374,68,56,12,10,2
S00097375,68,55,13,10,3
S00097376,56,44,12,11,1
S00097377,56,54,2,2,0
S00097378,72,64,8,6,2
S00097379,69,64,5,4,1
S00097380,54,49,5,5,0
S00097381,66,62,4,4,0
S00097382,62,54,8,3,5
S00097383,69,54,15,13,2
S00097384,38,34,4,3,1
S00097385,59,42,17,17,0
S00097386,54,50,4,4,0
S00097387,66,42,24,20,4
S00097388,65,57,8,4,4
S00097389,57,52,5,4,1
S00097390,66,57,9,7,2
S00097391,43,41,2,0,2
S00097392,78,69,9,8,1
S00097393,45,40,5,4,1
S00097394,36,27,9,7,2
S00097395,80,57,23,19,4
S00097396,35,29,6,6,0
S00097397,58,50,8,4,4
S00097398,57,48,9,5,4
S00097399,51,42,9,2,7
S00097400,76,63,13,6,7
S00097401,64,35,29,29,0
S00097402,69,53,16,10,6
S00097403,65,41,24,20,4
S00097404,60,55,5,3,2
S00097405,45,44,1,0,1
S00097406,54,41,13,9,4
S00097407,55,32,23,14,9
S00097408,42,36,6,1,5
S00097409,43,36,7,2,5
S00097410,48,45,3,2,1
S00097411,48,41,7,4,3
S00097412,43,37,6,1,5
S00097413,83,55,28,19,9
S00097414,70,54,16,9,7
S00097415,65,54,11,6,5
S00097416,72,55,17,14,3
S00097417,73,67,6,4,2
S00097418,81,73,8,5,3
S00097419,45,39,6,1,5
S00097420,66,57,9,3,6
S00097421,69,50,19,9,10
S00097422,69,61,8,4,4
S00097423,32,25,7,4,3
S00097424,70,60,10,7,3
S00097425,74,57,17,13,4
S00097426,49,38,11,3,8
S00097427,39,38,1,0,1
S00097428,53,48,5,3,2
S00097429,52,51,1,0,1
S00097430,36,31,5,5,0
S00097431,78,76,2,2,0
S00097432,44,40,4,3,1
S00097433,59,54,5,4,1
S00097434,76,65,11,9,2
S00097435,51,46,5,5,0
S00097436,59,59,0,0,0
S00097437,52,46,6,0,6
S00097438,72,72,0,0,0
S00097439,59,56,3,3,0
S00097440,28,28,0,0,0
S00097441,53,51,2,1,1
S00097442,64,59,5,1,4
S00097443,63,61,2,0,2
S00097444,77,69,8,6,2
S00097445,26,25,1,1,0
S00097446,94,77,17,14,3
S00097447,59,53,6,3,3
S00097448,66,56,10,7,3
S00097449,66,49,17,6,11
S00097450,76,56,20,16,4
S00097451,58,52,6,3,3
S00097452,33,26,7,6,1
S00097453,77,70,7,5,2
S00097454,55,48,7,4,3
S00097455,65,57,8,5,3
S00097456,81,71,10,5,5
S00097457,44,40,4,3,1
S00097458,55,50,5,3,2
S00097459,63,62,1,0,1
S00097460,79,76,3,0,3
S00097461,34,31,3,0,3
S00097462,71,59,12,6,6
S00097463,30,30,0,0,0
S00097464,55,55,0,0,0
S00097465,78,77,1,1,0
S00097466,71,65,6,1,5
S00097467,47,44,3,0,3
S00097468,45,43,2,2,0
S00097469,55,51,4,3,1
S00097470,69,63,6,1,5
S00097471,71,59,12,8,4
S00097472,43,37,6,2,4
S00097473,50,45,5,3,2
S00097474,42,39,3,1,2
S00097475,62,37,25,11,14
S00097476,60,45,15,4,11
S00097477,57,54,3,0,3
S00097478,49,46,3,0,3
S00097479,71,67,4,2,2
S00097480,27,26,1,0,1
S00097481,63,53,10,7,3
S00097482,43,32,11,6,5
S00097483,57,50,7,4,3
S00097484,30,30,0,0,0
S00097485,52,50,2,0,2
S00097486,54,53,1,0,1
S00097487,53,51,2,0,2
S00097488,45,44,1,0,1
S00097489,42,41,1,1,0
S00097490,80,75,5,3,2
S00097491,37,29,8,5,3
S00097492,84,67,17,13,4
S00097493,66,51,15,7,8
S00097494,51,45,6,5,1
S00097495,45,43,2,2,0
S00097496,55,49,6,3,3
S00097497,61,56,5,3,2
S00097498,68,56,12,9,3
S00097499,58,53,5,2,3
S00097500,51,49,2,0,2
S00097501,53,52,1,1,0
S00097502,66,66,0,0,0
S00097503,53,49,4,2,2
S00097504,61,56,5,2,3
S00097505,54,49,5,3,2
S00097506,57,56,1,0,1
S00097507,43,42,1,0,1
S00097508,59,56,3,3,0
S00097509,52,44,8,5,3
S00097510,59,59,0,0,0
S00097511,67,66,1,0,1
S00097512,49,48,1,1,0
S00097513,72,39,33,29,4
S00097514,65,40,25,21,4
S00097515,83,64,19,15,4
S00097516,87,74,13,6,7
S00097517,48,42,6,1,5
S00097518,43,39,4,2,2
S00097519,65,63,2,0,2
S00097520,44,44,0,0,0
S00097521,88,77,11,5,6
S00097522,30,28,2,0,2
S00097523,36,32,4,1,3
S00097524,66,65,1,0,1
S00097525,45,44,1,0,1
S00097526,107,71,36,26,10
S00097527,74,60,14,8,6
S00097528,66,66,0,0,0
S00097529,69,66,3,2,1
S00097530,55,55,0,0,0
S00097531,61,61,0,0,0
S00097532,56,54,2,0,2
S00097533,54,53,1,0,1
S00097534,51,51,0,0,0
S00097535,71,71,0,0,0
S00097536,37,37,0,0,0
S00097537,72,68,4,0,4
S00097538,64,62,2,0,2
S00097539,89,89,0,0,0
S00097540,76,71,5,1,4
S00097541,28,28,0,0,0
S00097542,38,36,2,0,2
S00097543,56,55,1,0,1
S00097544,46,43,3,0,3
S00097545,77,69,8,2,6
S00097546,60,57,3,2,1
S00097547,45,43,2,0,2
S00097548,61,55,6,1,5
S00097549,81,69,12,0,12
S00097550,64,50,14,10,4
S00097551,43,38,5,3,2
S00097552,50,47,3,0,3
S00097553,47,45,2,0,2
S00097554,58,56,2,1,1
S00097555,35,34,1,0,1
S00097556,62,61,1,0,1
S00097557,58,52,6,0,6
S00097558,79,77,2,1,1
S00097559,44,43,1,0,1
S00097560,45,43,2,1,1
S00097561,64,64,0,0,0
S00097562,75,74,1,0,1
S00097563,38,37,1,0,1
S00097564,43,41,2,0,2
S00097565,36,35,1,0,1
S00097566,69,68,1,0,1
S00097567,51,51,0,0,0
S00097568,70,70,0,0,0
S00097569,40,40,0,0,0
S00097570,69,66,3,1,2
S00097571,70,65,5,0,5
S00097572,52,46,6,1,5
S00097573,44,40,4,0,4
S00097574,47,46,1,0,1
S00097575,60,59,1,0,1
S00097576,72,71,1,0,1
S00097577,48,46,2,0,2
S00097578,42,42,0,0,0
S00097579,44,44,0,0,0
S00097580,66,65,1,0,1
S00097581,48,48,0,0,0
S00097582,60,57,3,2,1
S00097583,76,74,2,0,2
S00097584,51,51,0,0,0
S00097585,53,52,1,0,1
S00097586,58,58,0,0,0
S00097587,52,51,1,0,1
S00097588,46,46,0,0,0
S00097589,48,48,0,0,0
S00097590,46,45,1,0,1
S00097591,45,43,2,1,1
S00097592,54,49,5,2,3
S00097593,41,40,1,0,1
S00097594,30,30,0,0,0
S00097595,44,44,0,0,0
S00097596,45,45,0,0,0
S00097597,56,55,1,1,0
S00097598,49,44,5,4,1
S00097599,44,41,3,2,1
S00097600,42,41,1,1,0
S00097601,64,62,2,0,2
S00097602,64,61,3,3,0
S00097603,51,50,1,1,0
S00097604,72,67,5,5,0
S00097605,80,68,12,10,2
S00097606,80,71,9,8,1
S00097607,59,57,2,1,1
S00097608,62,54,8,5,3
S00097609,77,74,3,1,2
S00097610,59,56,3,0,3
S00097611,83,77,6,0,6
S00097612,70,65,5,3,2
S00097613,56,54,2,0,2
S00097614,30,29,1,0,1
S00097615,42,41,1,0,1
S00097616,58,57,1,0,1
S00097617,60,59,1,0,1
S00097618,57,55,2,0,2
S00097619,85,78,7,3,4
S00097620,70,69,1,0,1
S00097621,51,50,1,0,1
S00097622,56,51,5,2,3
S00097623,51,48,3,3,0
S00097624,66,61,5,4,1
S00097625,59,55,4,2,2
S00097626,51,46,5,0,5
S00097627,50,47,3,2,1
S00097628,46,43,3,2,1
S00097629,31,29,2,0,2
S00097630,65,62,3,0,3
S00097631,65,63,2,0,2
S00097632,67,62,5,0,5
S00097633,60,60,0,0,0
S00097634,77,71,6,3,3
S00097635,40,35,5,2,3
S00097636,78,75,3,0,3
S00097637,78,73,5,3,2
S00097638,52,43,9,0,9
S00097639,39,39,0,0,0
S00097640,63,56,7,0,7
S00097641,75,73,2,0,2
S00097642,75,73,2,0,2
S00097643,83,76,7,7,0
S00097644,82,76,6,4,2
S00097645,72,67,5,2,3
S00097646,55,55,0,0,0
S00097647,72,71,1,0,1
S00097648,35,34,1,0,1
S00097649,44,43,1,0,1
S00097650,36,36,0,0,0
S00097651,40,37,3,1,2
S00097652,43,42,1,0,1
S00097653,39,39,0,0,0
S00097654,41,41,0,0,0
S00097655,45,45,0,0,0
S00097656,59,59,0,0,0
S00097657,68,68,0,0,0
S00097658,56,55,1,1,0
S00097659,56,54,2,0,2
S00097660,46,45,1,0,1
S00097661,60,54,6,0,6
S00097662,44,44,0,0,0
S00097663,72,67,5,0,5
S00097664,45,44,1,0,1
S00097665,43,43,0,0,0
S00097666,53,50,3,0,3
S00097667,47,47,0,0,0
S00097668,46,45,1,1,0
S00097669,49,44,5,4,1
S00097670,60,59,1,1,0
S00097671,47,45,2,2,0
S00097672,42,41,1,0,1
S00097673,59,55,4,0,4
S00097674,57,54,3,0,3
S00097675,41,39,2,0,2
S00097676,58,56,2,1,1
S00097677,52,46,6,3,3
S00097678,64,56,8,4,4
S00097679,58,56,2,1,1
S00097680,54,51,3,1,2
S00097681,43,36,7,1,6
S00097682,67,66,1,1,0
S00097683,34,33,1,0,1
S00097684,71,67,4,4,0
S00097685,40,40,0,0,0
S00097686,58,58,0,0,0
S00097687,46,45,1,1,0
S00097688,46,39,7,4,3
S00097689,55,53,2,0,2
S00097690,51,47,4,3,1
S00097691,52,50,2,1,1
S00097692,40,37,3,1,2
S00097693,52,50,2,0,2
S00097694,78,78,0,0,0
S00097695,62,59,3,1,2
S00097696,71,65,6,1,5
S00097697,51,49,2,0,2
S00097698,46,45,1,0,1
S00097699,50,50,0,0,0
S00097700,44,44,0,0,0
S00097701,44,43,1,0,1
S00097702,56,54,2,0,2
S00097703,50,47,3,0,3
S00097704,47,47,0,0,0
S00097705,61,58,3,0,3
S00097706,45,43,2,0,2
S00097707,47,47,0,0,0
S00097708,46,43,3,1,2
S00097709,51,49,2,0,2
S00097710,46,42,4,0,4
S00097711,62,61,1,0,1
S00097712,80,77,3,1,2
S00097713,55,55,0,0,0
S00097714,53,52,1,0,1
S00097715,40,40,0,0,0
S00097716,41,40,1,0,1
S00097717,65,65,0,0,0
S00097718,71,70,1,0,1
S00097719,61,60,1,0,1
S00097720,50,50,0,0,0
S00097721,42,42,0,0,0
S00097722,46,44,2,0,2
S00097723,42,40,2,0,2
S00097724,45,45,0,0,0
S00097725,51,51,0,0,0
S00097726,42,41,1,0,1
S00097727,40,40,0,0,0
S00097728,58,58,0,0,0
S00097729,66,66,0,0,0
S00097730,61,61,0,0,0
S00097731,64,63,1,0,1
S00097732,70,68,2,0,2
S00097733,54,52,2,0,2
S00097734,58,56,2,1,1
S00097735,45,45,0,0,0
S00097736,60,58,2,0,2
S00097737,54,54,0,0,0
S00097738,47,47,0,0,0
S00097739,57,52,5,0,5
S00097740,30,30,0,0,0
S00097741,39,39,0,0,0
S00097742,40,37,3,0,3
S00097743,76,68,8,0,8
S00097744,61,60,1,0,1
S00097745,37,35,2,0,2
S00097746,45,44,1,0,1
S00097747,39,38,1,0,1
S00097748,44,41,3,0,3
S00097749,63,61,2,0,2
S00097750,37,36,1,0,1
S00097751,59,57,2,0,2
S00097752,35,35,0,0,0
S00097753,66,65,1,0,1
S00097754,65,65,0,0,0
S00097755,34,34,0,0,0
S00097756,69,68,1,0,1
S00097757,71,67,4,0,4
S00097758,58,56,2,0,2
S00097759,69,66,3,1,2
S00097760,44,44,0,0,0
S00097761,77,77,0,0,0
S00097762,49,48,1,0,1
S00097763,40,40,0,0,0
S00097764,52,50,2,0,2
S00097765,41,41,0,0,0
S00097766,52,52,0,0,0
S00097767,74,73,1,0,1
S00097768,52,51,1,0,1
S00097769,70,69,1,0,1
S00097770,72,70,2,0,2
S00097771,44,42,2,0,2
S00097772,49,48,1,0,1
S00097773,65,64,1,0,1
S00097774,57,56,1,0,1
S00097775,63,60,3,0,3
S00097776,52,50,2,0,2
S00097777,51,45,6,1,5
S00097778,45,41,4,0,4
S00097779,31,29,2,1,1
S00097780,66,65,1,0,1
S00097781,78,76,2,0,2
S00097782,74,72,2,0,2
S00097783,59,57,2,0,2
S00097784,50,49,1,0,1
S00097785,39,37,2,0,2
S00097786,63,58,5,0,5
S00097787,65,61,4,0,4
S00097788,65,62,3,0,3
S00097789,41,40,1,0,1
S00097790,40,39,1,0,1
S00097791,40,40,0,0,0
S00097792,29,29,0,0,0
S00097793,71,70,1,0,1
S00097794,43,41,2,1,1
S00097795,46,45,1,0,1
S00097796,80,74,6,0,6
S00097797,70,68,2,0,2
S00097798,67,67,0,0,0
S00097799,41,40,1,0,1
S00097800,59,52,7,0,7
S00097801,54,51,3,1,2
S00097802,50,48,2,0,2
S00097803,72,72,0,0,0
S00097804,61,57,4,0,4
S00097805,54,53,1,0,1
S00097806,37,34,3,0,3
S00097807,61,61,0,0,0
S00097808,61,49,12,0,12
S00097809,67,61,6,1,5
S00097810,77,70,7,0,7
S00097811,72,62,10,0,10
S00097812,86,76,10,0,10
S00097813,79,76,3,0,3
S00097814,52,44,8,0,8
S00097815,54,52,2,1,1
S00097816,44,40,4,0,4
S00097817,56,53,3,0,3
S00097818,61,41,20,0,20
S00097819,47,47,0,0,0
S00097820,58,57,1,0,1
S00097821,39,38,1,0,1
S00097822,55,54,1,0,1
S00097823,87,73,14,0,14
S00097824,48,48,0,0,0
S00097825,65,65,0,0,0
S00097826,46,44,2,0,2
S00097827,54,51,3,0,3
S00097828,71,67,4,0,4
S00097829,82,76,6,0,6
S00097830,43,42,1,0,1
S00097831,61,59,2,0,2
S00097832,60,58,2,0,2
S00097833,62,62,0,0,0
S00097834,44,42,2,0,2
S00097835,53,51,2,0,2
S00097836,56,55,1,0,1
S00097837,51,48,3,0,3
S00097838,57,55,2,0,2
S00097839,49,48,1,0,1
S00097840,44,43,1,0,1
S00097841,62,60,2,0,2
S00097842,26,26,0,0,0
S00097843,52,49,3,0,3
S00097844,54,53,1,0,1
S00097845,40,38,2,0,2
S00097846,53,52,1,0,1
S00097847,56,56,0,0,0
S00097848,47,47,0,0,0
S00097849,39,39,0,0,0
S00097850,83,78,5,0,5
S00097851,73,69,4,1,3
S00097852,45,45,0,0,0
S00097853,53,48,5,1,4
S00097854,47,44,3,0,3
S00097855,67,65,2,0,2
S00097856,61,56,5,0,5
S00097857,59,57,2,0,2
S00097858,50,49,1,0,1
S00097859,59,59,0,0,0
S00097860,53,53,0,0,0
S00097861,63,61,2,0,2
S00097862,70,70,0,0,0
S00097863,56,56,0,0,0
S00097864,49,48,1,0,1
S00097865,61,61,0,0,0
S00097866,64,63,1,0,1
S00097867,67,67,0,0,0
S00097868,60,60,0,0,0
S00097869,40,40,0,0,0
S00097870,57,57,0,0,0
S00097871,39,39,0,0,0
S00097872,75,75,0,0,0
S00097873,39,39,0,0,0
S00097874,59,58,1,0,1
S00097875,61,61,0,0,0
S00097876,69,67,2,0,2
S00097877,46,46,0,0,0
S00097878,34,34,0,0,0
S00097879,53,53,0,0,0
S00097880,37,37,0,0,0
S00097881,49,49,0,0,0
S00097882,63,61,2,0,2
S00097883,45,43,2,0,2
S00097884,66,62,4,0,4
S00097885,59,58,1,0,1
S00097886,47,46,1,0,1
S00097887,53,51,2,0,2
S00097888,53,53,0,0,0
S00097889,70,70,0,0,0
S00097890,47,47,0,0,0
S00097891,68,63,5,0,5
S00097892,63,62,1,1,0
S00097893,43,42,1,0,1
S00097894,44,44,0,0,0
S00097895,28,27,1,0,1
S00097896,44,43,1,0,1
S00097897,66,62,4,0,4
S00097898,44,43,1,0,1
S00097899,45,43,2,0,2
S00097900,70,64,6,0,6
S00097901,64,62,2,1,1
S00097902,54,48,6,0,6
S00097903,49,47,2,0,2
S00097904,41,40,1,0,1
S00097905,51,50,1,0,1
S00097906,48,47,1,0,1
S00097907,45,43,2,0,2
S00097908,52,50,2,0,2
S00097909,46,45,1,0,1
S00097910,56,53,3,0,3
S00097911,56,52,4,1,3
S00097912,42,41,1,0,1
S00097913,43,40,3,0,3
S00097914,59,55,4,2,2
S00097915,53,50,3,0,3
S00097916,73,72,1,0,1
S00097917,72,72,0,0,0
S00097918,64,62,2,0,2
S00097919,57,56,1,0,1
S00097920,45,45,0,0,0
S00097921,30,29,1,0,1
S00097922,38,38,0,0,0
S00097923,70,65,5,0,5
S00097924,64,63,1,0,1
S00097925,64,63,1,0,1
S00097926,66,65,1,0,1
S00097927,68,63,5,0,5
S00097928,42,39,3,0,3
S00097929,63,58,5,0,5
S00097930,77,76,1,0,1
S00097931,69,67,2,0,2
S00097932,59,59,0,0,0
S00097933,52,51,1,0,1
S00097934,37,36,1,0,1
S00097935,63,63,0,0,0
S00097936,71,70,1,0,1
S00097937,37,35,2,0,2
S00097938,36,36,0,0,0
S00097939,51,50,1,0,1
S00097940,73,72,1,0,1
S00097941,74,72,2,0,2
S00097942,70,69,1,0,1
S00097943,43,41,2,0,2
S00097944,45,43,2,0,2
S00097945,35,32,3,0,3
S00097946,27,27,0,0,0
S00097947,36,33,3,0,3
S00097948,25,24,1,0,1
S00097949,29,27,2,0,2
S00097950,40,38,2,0,2
S00097951,67,62,5,0,5
S00097952,77,75,2,0,2
S00097953,45,45,0,0,0
S00097954,52,52,0,0,0
S00097955,56,56,0,0,0
S00097956,44,41,3,0,3
S00097957,56,56,0,0,0
S00097958,55,55,0,0,0
S00097959,65,64,1,0,1
S00097960,71,69,2,0,2
S00097961,41,41,0,0,0
S00097962,42,42,0,0,0
S00097963,51,51,0,0,0
S00097964,53,53,0,0,0
S00097965,26,26,0,0,0
S00097966,73,73,0,0,0
S00097967,70,69,1,0,1
S00097968,43,43,0,0,0
S00097969,51,50,1,0,1
S00097970,48,48,0,0,0
S00097971,40,40,0,0,0
S00097972,56,52,4,0,4
S00097973,34,33,1,0,1
S00097974,54,51,3,0,3
S00097975,54,54,0,0,0
S00097976,45,44,1,0,1
S00097977,42,40,2,0,2
S00097978,52,48,4,0,4
S00097979,48,47,1,0,1
S00097980,50,49,1,0,1
S00097981,55,50,5,0,5
S00097982,40,39,1,0,1
S00097983,71,65,6,0,6
S00097984,51,48,3,0,3
S00097985,45,43,2,0,2
S00097986,29,28,1,0,1
S00097987,60,60,0,0,0
S00097988,50,49,1,0,1
S00097989,54,51,3,0,3
S00097990,44,44,0,0,0
S00097991,54,53,1,0,1
S00097992,48,47,1,0,1
S00097993,50,48,2,0,2
S00097994,52,52,0,0,0
S00097995,60,58,2,0,2
S00097996,40,38,2,0,2
S00097997,72,72,0,0,0
S00097998,74,70,4,0,4
S00097999,46,46,0,0,0
S00098000,55,54,1,0,1
S00098001,46,44,2,0,2
S00098002,67,67,0,0,0
S00098003,56,54,2,0,2
S00098004,49,48,1,0,1
S00098005,48,48,0,0,0
S00098006,49,49,0,0,0
S00098007,61,59,2,0,2
S00098008,40,38,2,0,2
S00098009,75,69,6,0,6
S00098010,38,35,3,0,3
S00098011,67,61,6,1,5
S00098012,69,66,3,0,3
S00098013,71,69,2,0,2
S00098014,46,45,1,0,1
S00098015,48,47,1,0,1
S00098016,72,72,0,0,0
S00098017,51,50,1,0,1
S00098018,40,39,1,0,1
S00098019,49,47,2,0,2
S00098020,59,58,1,0,1
S00098021,74,73,1,0,1
S00098022,72,72,0,0,0
S00098023,75,72,3,0,3
S00098024,67,65,2,0,2
S00098025,73,72,1,0,1
S00098026,59,58,1,0,1
S00098027,37,37,0,0,0
S00098028,49,47,2,0,2
S00098029,53,52,1,0,1
S00098030,59,57,2,0,2
S00098031,66,63,3,0,3
S00098032,53,53,0,0,0
S00098033,59,58,1,0,1
S00098034,72,72,0,0,0
S00098035,61,60,1,0,1
S00098036,54,53,1,0,1
S00098037,56,55,1,1,0
S00098038,60,60,0,0,0
S00098039,50,48,2,0,2
S00098040,69,67,2,0,2
S00098041,70,70,0,0,0
S00098042,52,50,2,0,2
S00098043,61,60,1,0,1
S00098044,65,62,3,0,3
S00098045,39,36,3,1,2
S00098046,45,44,1,0,1
S00098047,70,69,1,0,1
S00098048,61,56,5,1,4
S00098049,72,70,2,0,2
S00098050,44,39,5,0,5
S00098051,62,60,2,0,2
S00098052,60,60,0,0,0
S00098053,66,66,0,0,0
S00098054,54,54,0,0,0
S00098055,30,27,3,0,3
S00098056,51,50,1,0,1
S00098057,65,60,5,0,5
S00098058,43,40,3,0,3
S00098059,71,69,2,0,2
S00098060,52,50,2,0,2
S00098061,58,58,0,0,0
S00098062,70,66,4,0,4
S00098063,59,58,1,1,0
S00098064,55,46,9,0,9
S00098065,69,69,0,0,0
S00098066,62,60,2,0,2
S00098067,51,49,2,0,2
S00098068,42,39,3,0,3
S00098069,73,66,7,0,7
S00098070,61,61,0,0,0
S00098071,79,76,3,0,3
S00098072,36,36,0,0,0
S00098073,73,73,0,0,0
S00098074,51,49,2,0,2
S00098075,61,55,6,0,6
S00098076,78,74,4,2,2
S00098077,43,37,6,1,5
S00098078,43,43,0,0,0
S00098079,62,59,3,0,3
S00098080,65,65,0,0,0
S00098081,76,74,2,0,2
S00098082,44,42,2,0,2
S00098083,65,63,2,0,2
S00098084,40,40,0,0,0
S00098085,60,58,2,0,2
S00098086,36,35,1,1,0
S00098087,39,38,1,0,1
S00098088,52,50,2,0,2
S00098089,65,65,0,0,0
S00098090,77,73,4,0,4
S00098091,58,52,6,2,4
S00098092,59,56,3,0,3
S00098093,45,42,3,0,3
S00098094,72,68,4,0,4
S00098095,57,56,1,0,1
S00098096,66,65,1,0,1
S00098097,53,50,3,0,3
S00098098,30,29,1,0,1
S00098099,66,63,3,1,2
S00098100,60,58,2,0,2
S00098101,37,36,1,0,1
S00098102,26,26,0,0,0
S00098103,80,77,3,1,2
S00098104,54,53,1,0,1
S00098105,51,49,2,0,2
S00098106,42,42,0,0,0
S00098107,67,62,5,5,0
S00098108,80,75,5,0,5
S00098109,75,70,5,3,2
S00098110,32,31,1,0,1
S00098111,60,58,2,2,0
S00098112,33,32,1,1,0
S00098113,51,49,2,0,2
S00098114,75,75,0,0,0
S00098115,59,58,1,0,1
S00098116,60,59,1,1,0
S00098117,62,62,0,0,0
S00098118,75,70,5,3,2
S00098119,49,47,2,1,1
S00098120,81,62,19,4,15
S00098121,69,66,3,1,2
S00098122,47,43,4,2,2
S00098123,70,66,4,2,2
S00098124,63,57,6,2,4
S00098125,83,71,12,5,7
S00098126,64,58,6,0,6
S00098127,70,66,4,1,3
S00098128,57,55,2,0,2
S00098129,58,57,1,0,1
S00098130,50,48,2,0,2
S00098131,46,45,1,0,1
S00098132,48,44,4,0,4
S00098133,63,62,1,0,1
S00098134,40,39,1,0,1
S00098135,50,50,0,0,0
S00098136,50,50,0,0,0
S00098137,70,69,1,0,1
S00098138,68,67,1,1,0
S00098139,63,63,0,0,0
S00098140,28,26,2,0,2
S00098141,54,54,0,0,0
S00098142,55,53,2,0,2
S00098143,50,49,1,0,1
S00098144,46,41,5,0,5
S00098145,38,37,1,0,1
S00098146,36,35,1,0,1
S00098147,49,47,2,0,2
S00098148,46,44,2,1,1
S00098149,72,66,6,1,5
S00098150,45,42,3,0,3
S00098151,41,41,0,0,0
S00098152,56,56,0,0,0
S00098153,42,42,0,0,0
S00098154,29,28,1,0,1
S00098155,41,41,0,0,0
S00098156,39,35,4,0,4
S00098157,43,43,0,0,0
S00098158,48,47,1,0,1
S00098159,54,53,1,0,1
S00098160,43,43,0,0,0
S00098161,45,43,2,0,2
S00098162,49,49,0,0,0
S00098163,49,41,8,0,8
S00098164,46,45,1,1,0
S00098165,45,45,0,0,0
S00098166,24,23,1,0,1
S00098167,35,34,1,0,1
S00098168,43,43,0,0,0
S00098169,44,42,2,1,1
S00098170,35,34,1,0,1
S00098171,51,45,6,1,5
S00098172,91,75,16,2,14
S00098173,33,30,3,1,2
S00098174,39,39,0,0,0
S00098175,37,37,0,0,0
S00098176,57,55,2,0,2
S00098177,45,45,0,0,0
S00098178,34,34,0,0,0
S00098179,32,32,0,0,0
S00098180,79,78,1,0,1
S00098181,48,46,2,0,2
S00098182,45,44,1,0,1
S00098183,58,51,7,1,6
S00098184,56,49,7,1,6
S00098185,35,35,0,0,0
S00098186,58,54,4,0,4
S00098187,28,27,1,0,1
S00098188,70,70,0,0,0
S00098189,79,69,10,1,9
S00098190,38,34,4,3,1
S00098191,46,42,4,2,2
S00098192,69,60,9,1,8
S00098193,33,33,0,0,0
S00098194,33,33,0,0,0
S00098195,48,48,0,0,0
S00098196,47,45,2,0,2
S00098197,57,54,3,2,1
S00098198,48,43,5,3,2
S00098199,35,34,1,0,1
S00098200,64,61,3,0,3
S00098201,65,63,2,1,1
S00098202,42,40,2,0,2
S00098203,64,62,2,1,1
S00098204,40,37,3,0,3
S00098205,45,37,8,7,1
S00098206,51,45,6,3,3
S00098207,38,37,1,0,1
S00098208,52,48,4,1,3
S00098209,36,34,2,1,1
S00098210,61,56,5,1,4
S00098211,69,63,6,1,5
S00098212,51,48,3,0,3
S00098213,52,47,5,1,4
S00098214,60,54,6,2,4
S00098215,58,54,4,2,2
S00098216,59,59,0,0,0
S00098217,60,57,3,2,1
S00098218,57,52,5,3,2
S00098219,47,39,8,8,0
S00098220,49,35,14,13,1
S00098221,42,41,1,1,0
S00098222,84,69,15,11,4
S00098223,54,46,8,7,1
S00098224,51,44,7,4,3
S00098225,32,28,4,1,3
S00098226,76,74,2,0,2
S00098227,60,47,13,12,1
S00098228,97,42,55,52,3
S00098229,36,29,7,7,0
S00098230,49,36,13,12,1
S00098231,35,31,4,4,0
S00098232,47,39,8,8,0
S00098233,63,49,14,9,5
S00098234,61,45,16,14,2
S00098235,67,45,22,17,5
S00098236,55,45,10,4,6
S00098237,49,46,3,2,1
S00098238,39,34,5,3,2
S00098239,36,35,1,1,0
S00098240,53,50,3,2,1
S00098241,41,38,3,2,1
S00098242,77,69,8,3,5
S00098243,47,43,4,4,0
S00098244,71,57,14,9,5
S00098245,68,52,16,16,0
S00098246,41,33,8,4,4
S00098247,48,47,1,0,1
S00098248,23,21,2,0,2
S00098249,53,37,16,14,2
S00098250,39,37,2,0,2
S00098251,44,44,0,0,0
S00098252,59,58,1,0,1
S00098253,55,51,4,0,4
S00098254,69,69,0,0,0
S00098255,39,39,0,0,0
S00098256,59,54,5,0,5
S00098257,33,33,0,0,0
S00098258,37,35,2,0,2
S00098259,53,49,4,2,2
S00098260,73,67,6,3,3
S00098261,63,63,0,0,0
S00098262,37,37,0,0,0
S00098263,61,58,3,0,3
S00098264,50,47,3,1,2
S00098265,53,47,6,0,6
S00098266,73,72,1,1,0
S00098267,39,39,0,0,0
S00098268,53,52,1,0,1
S00098269,58,58,0,0,0
S00098270,77,72,5,0,5
S00098271,56,51,5,0,5
S00098272,24,24,0,0,0
S00098273,86,86,0,0,0
S00098274,52,50,2,0,2
S00098275,32,30,2,0,2
S00098276,79,78,1,0,1
S00098277,32,32,0,0,0
S00098278,60,58,2,0,2
S00098279,66,64,2,0,2
S00098280,41,39,2,0,2
S00098281,40,33,7,0,7
S00098282,40,35,5,0,5
S00098283,46,40,6,0,6
S00098284,35,32,3,0,3
S00098285,42,42,0,0,0
S00098286,59,55,4,0,4
S00098287,58,57,1,0,1
S00098288,49,49,0,0,0
S00098289,71,69,2,0,2
S00098290,41,41,0,0,0
S00098291,40,38,2,0,2
S00098292,66,65,1,0,1
S00098293,44,43,1,0,1
S00098294,44,43,1,1,0
S00098295,44,43,1,1,0
S00098296,75,71,4,1,3
S00098297,52,50,2,0,2
S00098298,55,54,1,0,1
S00098299,80,67,13,2,11
S00098300,71,56,15,0,15
S00098301,33,33,0,0,0
S00098302,96,73,23,22,1
S00098303,81,58,23,19,4
S00098304,46,41,5,1,4
S00098305,54,45,9,6,3
S00098306,50,49,1,1,0
S00098307,38,34,4,3,1
S00098308,39,33,6,5,1
S00098309,52,40,12,11,1
S00098310,56,43,13,10,3
S00098311,33,31,2,2,0
S00098312,63,60,3,2,1
S00098313,26,22,4,4,0
S00098314,37,36,1,0,1
S00098315,60,56,4,1,3
S00098316,62,53,9,5,4
S00098317,24,24,0,0,0
S00098318,28,27,1,0,1
S00098319,77,72,5,1,4
S00098320,48,48,0,0,0
S00098321,40,38,2,1,1
S00098322,61,59,2,0,2
S00098323,70,68,2,0,2
S00098324,39,35,4,4,0
S00098325,59,57,2,1,1
S00098326,54,44,10,8,2
S00098327,69,65,4,0,4
S00098328,52,50,2,0,2
S00098329,29,29,0,0,0
S00098330,57,55,2,1,1
S00098331,38,37,1,0,1
S00098332,57,57,0,0,0
S00098333,33,32,1,0,1
S00098334,49,45,4,0,4
S00098335,74,73,1,0,1
S00098336,43,40,3,1,2
S00098337,46,36,10,4,6
S00098338,42,41,1,0,1
S00098339,57,55,2,0,2
S00098340,83,80,3,2,1
S00098341,45,42,3,0,3
S00098342,72,68,4,1,3
S00098343,53,52,1,0,1
S00098344,36,35,1,0,1
S00098345,47,46,1,0,1
S00098346,51,45,6,4,2
S00098347,71,64,7,1,6
S00098348,30,30,0,0,0
S00098349,73,68,5,0,5
S00098350,64,55,9,5,4
S00098351,69,67,2,1,1
S00098352,78,77,1,0,1
S00098353,59,57,2,0,2
S00098354,36,35,1,0,1
S00098355,43,43,0,0,0
S00098356,30,30,0,0,0
S00098357,49,45,4,0,4
S00098358,40,39,1,0,1
S00098359,31,31,0,0,0
S00098360,66,65,1,0,1
S00098361,31,31,0,0,0
S00098362,53,50,3,0,3
S00098363,61,59,2,0,2
S00098364,36,36,0,0,0
S00098365,51,51,0,0,0
S00098366,64,63,1,0,1
S00098367,78,75,3,0,3
S00098368,56,54,2,0,2
S00098369,56,53,3,0,3
S00098370,73,71,2,0,2
S00098371,45,39,6,0,6
S00098372,74,73,1,0,1
S00098373,28,28,0,0,0
S00098374,38,37,1,0,1
S00098375,47,45,2,0,2
S00098376,79,72,7,0,7
S00098377,38,30,8,0,8
S00098378,77,76,1,0,1
S00098379,41,39,2,0,2
S00098380,72,72,0,0,0
S00098381,71,71,0,0,0
S00098382,48,48,0,0,0
S00098383,81,77,4,0,4
S00098384,54,54,0,0,0
S00098385,42,42,0,0,0
S00098386,56,55,1,0,1
S00098387,50,47,3,0,3
S00098388,46,46,0,0,0
S00098389,37,37,0,0,0
S00098390,63,63,0,0,0
S00098391,31,31,0,0,0
S00098392,30,29,1,0,1
S00098393,53,50,3,0,3
S00098394,55,53,2,0,2
S00098395,68,68,0,0,0
S00098396,59,57,2,0,2
S00098397,42,39,3,0,3
S00098398,50,50,0,0,0
S00098399,35,35,0,0,0
S00098400,70,68,2,0,2
S00098401,62,59,3,0,3
S00098402,63,63,0,0,0
S00098403,50,50,0,0,0
S00098404,42,38,4,0,4
S00098405,42,41,1,0,1
S00098406,67,64,3,0,3
S00098407,45,44,1,0,1
S00098408,50,50,0,0,0
S00098409,52,52,0,0,0
S00098410,48,46,2,0,2
S00098411,38,35,3,0,3
S00098412,62,62,0,0,0
S00098413,35,35,0,0,0
S00098414,70,68,2,0,2
S00098415,40,40,0,0,0
S00098416,52,51,1,0,1
S00098417,57,57,0,0,0
S00098418,45,44,1,0,1
S00098419,49,47,2,0,2
S00098420,54,54,0,0,0
S00098421,52,50,2,0,2
S00098422,71,70,1,0,1
S00098423,48,47,1,0,1
S00098424,33,33,0,0,0
S00098425,61,60,1,0,1
S00098426,48,43,5,0,5
S00098427,70,64,6,0,6
S00098428,45,43,2,0,2
S00098429,37,36,1,0,1
S00098430,30,30,0,0,0
S00098431,66,64,2,1,1
S00098432,54,47,7,3,4
S00098433,58,58,0,0,0
S00098434,74,65,9,6,3
S00098435,39,37,2,2,0
S00098436,44,44,0,0,0
S00098437,68,66,2,0,2
S00098438,60,56,4,0,4
S00098439,29,26,3,0,3
S00098440,46,43,3,0,3
S00098441,63,63,0,0,0
S00098442,31,31,0,0,0
S00098443,63,63,0,0,0
S00098444,64,62,2,1,1
S00098445,61,57,4,2,2
S00098446,62,60,2,0,2
S00098447,80,78,2,0,2
S00098448,71,70,1,0,1
S00098449,53,51,2,0,2
S00098450,72,69,3,0,3
S00098451,48,48,0,0,0
S00098452,44,44,0,0,0
S00098453,78,71,7,0,7
S00098454,74,71,3,0,3
S00098455,46,44,2,1,1
S00098456,51,51,0,0,0
S00098457,47,47,0,0,0
S00098458,58,56,2,0,2
S00098459,52,51,1,0,1
S00098460,37,36,1,0,1
S00098461,79,77,2,1,1
S00098462,59,58,1,0,1
S00098463,67,67,0,0,0
S00098464,44,44,0,0,0
S00098465,45,41,4,0,4
S00098466,44,42,2,0,2
S00098467,53,52,1,0,1
S00098468,60,56,4,1,3
S00098469,35,34,1,0,1
S00098470,75,72,3,0,3
S00098471,38,38,0,0,0
S00098472,65,64,1,1,0
S00098473,75,74,1,0,1
S00098474,72,72,0,0,0
S00098475,46,45,1,0,1
S00098476,81,77,4,0,4
S00098477,53,50,3,0,3
S00098478,41,41,0,0,0
S00098479,88,85,3,0,3
S00098480,79,77,2,0,2
S00098481,34,34,0,0,0
S00098482,49,48,1,0,1
S00098483,64,61,3,0,3
S00098484,78,78,0,0,0
S00098485,41,41,0,0,0
S00098486,42,42,0,0,0
S00098487,50,50,0,0,0
S00098488,77,75,2,0,2
S00098489,62,62,0,0,0
S00098490,55,55,0,0,0
S00098491,48,48,0,0,0
S00098492,43,31,12,3,9
S00098493,42,40,2,0,2
S00098494,65,65,0,0,0
S00098495,62,61,1,0,1
S00098496,43,42,1,0,1
S00098497,53,53,0,0,0
S00098498,25,23,2,0,2
S00098499,49,49,0,0,0
S00098500,72,71,1,0,1
S00098501,54,54,0,0,0
S00098502,51,50,1,1,0
S00098503,31,31,0,0,0
S00098504,74,68,6,1,5
S00098505,47,47,0,0,0
S00098506,64,64,0,0,0
S00098507,49,48,1,0,1
S00098508,58,58,0,0,0
S00098509,47,46,1,0,1
S00098510,42,39,3,0,3
S00098511,55,48,7,1,6
S00098512,52,49,3,0,3
S00098513,32,32,0,0,0
S00098514,59,59,0,0,0
S00098515,52,49,3,0,3
S00098516,43,43,0,0,0
S00098517,36,35,1,0,1
S00098518,33,32,1,0,1
S00098519,49,49,0,0,0
S00098520,48,48,0,0,0
S00098521,66,63,3,0,3
S00098522,73,71,2,0,2
S00098523,68,66,2,0,2
S00098524,63,62,1,0,1
S00098525,59,59,0,0,0
S00098526,68,66,2,0,2
S00098527,49,49,0,0,0
S00098528,34,34,0,0,0
S00098529,39,39,0,0,0
S00098530,53,45,8,0,8
S00098531,34,34,0,0,0
S00098532,103,96,7,0,7
S00098533,56,50,6,2,4
S00098534,58,57,1,0,1
S00098535,34,33,1,0,1
S00098536,52,50,2,0,2
S00098537,57,55,2,1,1
S00098538,57,57,0,0,0
S00098539,52,52,0,0,0
S00098540,58,58,0,0,0
S00098541,59,57,2,0,2
S00098542,32,30,2,0,2
S00098543,63,60,3,0,3
S00098544,50,47,3,0,3
S00098545,41,41,0,0,0
S00098546,50,49,1,0,1
S00098547,65,64,1,0,1
S00098548,59,59,0,0,0
S00098549,74,72,2,0,2
S00098550,21,21,0,0,0
S00098551,45,44,1,0,1
S00098552,77,72,5,4,1
S00098553,58,58,0,0,0
S00098554,42,42,0,0,0
S00098555,40,39,1,1,0
S00098556,56,56,0,0,0
S00098557,45,44,1,0,1
S00098558,50,47,3,0,3
S00098559,51,51,0,0,0
S00098560,68,64,4,0,4
S00098561,56,56,0,0,0
S00098562,47,47,0,0,0
S00098563,43,43,0,0,0
S00098564,50,50,0,0,0
S00098565,57,57,0,0,0
S00098566,59,55,4,1,3
S00098567,57,56,1,0,1
S00098568,58,58,0,0,0
S00098569,42,41,1,0,1
S00098570,47,45,2,0,2
S00098571,56,52,4,0,4
S00098572,47,43,4,0,4
S00098573,40,39,1,0,1
S00098574,48,48,0,0,0
S00098575,45,43,2,1,1
S00098576,67,65,2,0,2
S00098577,53,52,1,0,1
S00098578,63,61,2,0,2
S00098579,52,52,0,0,0
S00098580,68,67,1,0,1
S00098581,32,32,0,0,0
S00098582,48,47,1,0,1
S00098583,63,63,0,0,0
S00098584,54,50,4,0,4
S00098585,48,46,2,0,2
S00098586,40,38,2,0,2
S00098587,90,83,7,0,7
S00098588,56,55,1,0,1
S00098589,58,54,4,0,4
S00098590,66,64,2,0,2
S00098591,51,49,2,0,2
S00098592,77,76,1,0,1
S00098593,81,78,3,0,3
S00098594,63,59,4,0,4
S00098595,40,38,2,0,2
S00098596,78,76,2,0,2
S00098597,40,40,0,0,0
S00098598,42,41,1,0,1
S00098599,72,70,2,1,1
S00098600,63,63,0,0,0
S00098601,54,53,1,0,1
S00098602,76,71,5,1,4
S00098603,62,62,0,0,0
S00098604,77,76,1,0,1
S00098605,66,66,0,0,0
S00098606,40,40,0,0,0
S00098607,32,32,0,0,0
S00098608,62,59,3,0,3
S00098609,72,72,0,0,0
S00098610,36,34,2,0,2
S00098611,50,49,1,0,1
S00098612,47,47,0,0,0
S00098613,55,55,0,0,0
S00098614,29,29,0,0,0
S00098615,80,76,4,0,4
S00098616,73,69,4,0,4
S00098617,64,57,7,0,7
S00098618,56,52,4,0,4
S00098619,42,40,2,0,2
S00098620,76,75,1,0,1
S00098621,65,63,2,0,2
S00098622,39,33,6,0,6
S00098623,53,49,4,0,4
S00098624,63,56,7,0,7
S00098625,36,34,2,0,2
S00098626,64,63,1,0,1
S00098627,56,52,4,2,2
S00098628,43,41,2,1,1
S00098629,34,34,0,0,0
S00098630,60,60,0,0,0
S00098631,84,69,15,0,15
S00098632,83,78,5,0,5
S00098633,68,67,1,0,1
S00098634,68,68,0,0,0
S00098635,74,74,0,0,0
S00098636,71,65,6,0,6
S00098637,20,20,0,0,0
S00098638,50,49,1,0,1
S00098639,60,60,0,0,0
S00098640,66,66,0,0,0
S00098641,74,74,0,0,0
S00098642,54,54,0,0,0
S00098643,43,42,1,0,1
S00098644,50,50,0,0,0
S00098645,52,52,0,0,0
S00098646,50,45,5,5,0
S00098647,44,41,3,3,0
S00098648,50,46,4,2,2
S00098649,49,49,0,0,0
S00098650,65,65,0,0,0
S00098651,55,54,1,0,1
S00098652,51,51,0,0,0
S00098653,28,28,0,0,0
S00098654,55,54,1,0,1
S00098655,37,36,1,0,1
S00098656,63,63,0,0,0
S00098657,54,53,1,0,1
S00098658,47,47,0,0,0
S00098659,42,39,3,0,3
S00098660,42,40,2,0,2
S00098661,65,64,1,0,1
S00098662,73,70,3,0,3
S00098663,64,63,1,0,1
S00098664,51,49,2,0,2
S00098665,48,48,0,0,0
S00098666,48,47,1,0,1
S00098667,70,68,2,0,2
S00098668,63,63,0,0,0
S00098669,55,51,4,0,4
S00098670,48,48,0,0,0
S00098671,70,68,2,0,2
S00098672,63,63,0,0,0
S00098673,50,50,0,0,0
S00098674,42,41,1,0,1
S00098675,51,49,2,0,2
S00098676,27,27,0,0,0
S00098677,73,71,2,0,2
S00098678,64,63,1,0,1
S00098679,43,42,1,0,1
S00098680,49,48,1,0,1
S00098681,46,46,0,0,0
S00098682,59,59,0,0,0
S00098683,62,62,0,0,0
S00098684,75,73,2,0,2
S00098685,66,66,0,0,0
S00098686,60,58,2,0,2
S00098687,42,38,4,0,4
S00098688,54,53,1,0,1
S00098689,42,42,0,0,0
S00098690,48,46,2,0,2
S00098691,56,56,0,0,0
S00098692,40,40,0,0,0
S00098693,71,70,1,0,1
S00098694,55,54,1,0,1
S00098695,72,71,1,0,1
S00098696,62,62,0,0,0
S00098697,61,59,2,0,2
S00098698,36,36,0,0,0
S00098699,48,48,0,0,0
S00098700,56,55,1,0,1
S00098701,88,69,19,0,19
S00098702,53,53,0,0,0
S00098703,50,49,1,0,1
S00098704,46,39,7,0,7
S00098705,41,39,2,0,2
S00098706,58,55,3,0,3
S00098707,44,43,1,0,1
S00098708,83,75,8,7,1
S00098709,52,50,2,0,2
S00098710,34,33,1,0,1
S00098711,56,55,1,0,1
S00098712,38,35,3,0,3
S00098713,69,61,8,0,8
S00098714,76,73,3,0,3
S00098715,72,67,5,2,3
S00098716,49,48,1,0,1
S00098717,30,30,0,0,0
S00098718,78,75,3,0,3
S00098719,68,67,1,0,1
S00098720,54,52,2,0,2
S00098721,58,47,11,5,6
S00098722,88,84,4,0,4
S00098723,45,43,2,2,0
S00098724,50,50,0,0,0
S00098725,48,44,4,3,1
S00098726,53,51,2,0,2
S00098727,30,30,0,0,0
S00098728,58,56,2,0,2
S00098729,64,64,0,0,0
S00098730,49,44,5,3,2
S00098731,34,31,3,0,3
S00098732,46,45,1,0,1
S00098733,48,47,1,0,1
S00098734,51,48,3,0,3
S00098735,42,42,0,0,0
S00098736,70,69,1,0,1
S00098737,73,72,1,0,1
S00098738,64,62,2,0,2
S00098739,77,74,3,1,2
S00098740,55,54,1,1,0
S00098741,40,36,4,1,3
S00098742,54,52,2,0,2
S00098743,64,64,0,0,0
S00098744,44,43,1,0,1
S00098745,66,66,0,0,0
S00098746,52,51,1,0,1
S00098747,50,50,0,0,0
S00098748,44,43,1,0,1
S00098749,54,53,1,0,1
S00098750,44,43,1,0,1
S00098751,33,33,0,0,0
S00098752,62,61,1,0,1
S00098753,41,41,0,0,0
S00098754,46,46,0,0,0
S00098755,36,36,0,0,0
S00098756,58,58,0,0,0
S00098757,72,72,0,0,0
S00098758,52,51,1,0,1
S00098759,57,55,2,0,2
S00098760,79,77,2,0,2
S00098761,49,47,2,0,2
S00098762,67,63,4,0,4
S00098763,46,46,0,0,0
S00098764,35,35,0,0,0
S00098765,52,51,1,0,1
S00098766,60,58,2,1,1
S00098767,61,60,1,0,1
S00098768,50,49,1,0,1
S00098769,55,53,2,0,2
S00098770,61,52,9,0,9
S00098771,44,44,0,0,0
S00098772,49,48,1,0,1
S00098773,64,60,4,0,4
S00098774,69,67,2,0,2
S00098775,51,50,1,0,1
S00098776,57,57,0,0,0
S00098777,41,37,4,0,4
S00098778,41,41,0,0,0
S00098779,58,57,1,1,0
S00098780,39,39,0,0,0
S00098781,63,62,1,0,1
S00098782,67,67,0,0,0
S00098783,67,65,2,0,2
S00098784,39,39,0,0,0
S00098785,43,42,1,0,1
S00098786,57,53,4,0,4
S00098787,55,54,1,0,1
S00098788,42,41,1,0,1
S00098789,42,40,2,0,2
S00098790,83,77,6,0,6
S00098791,58,56,2,0,2
S00098792,84,77,7,3,4
S00098793,77,76,1,0,1
S00098794,72,71,1,0,1
S00098795,40,39,1,0,1
S00098796,56,55,1,0,1
S00098797,63,57,6,0,6
S00098798,44,42,2,0,2
S00098799,55,54,1,0,1
S00098800,60,60,0,0,0
S00098801,49,49,0,0,0
S00098802,61,48,13,13,0
S00098803,79,65,14,13,1
S00098804,97,77,20,20,0
S00098805,54,49,5,4,1
S00098806,51,48,3,0,3
S00098807,43,37,6,0,6
S00098808,56,53,3,3,0
S00098809,44,41,3,2,1
S00098810,36,36,0,0,0
S00098811,72,69,3,2,1
S00098812,60,57,3,1,2
S00098813,48,47,1,0,1
S00098814,73,73,0,0,0
S00098815,70,66,4,0,4
S00098816,65,65,0,0,0
S00098817,68,67,1,0,1
S00098818,83,82,1,1,0
S00098819,40,39,1,0,1
S00098820,48,44,4,3,1
S00098821,36,32,4,3,1
S00098822,62,60,2,2,0
S00098823,72,68,4,4,0
S00098824,40,40,0,0,0
S00098825,48,44,4,2,2
S00098826,62,61,1,0,1
S00098827,68,67,1,0,1
S00098828,86,76,10,0,10
S00098829,77,67,10,2,8
S00098830,46,41,5,0,5
S00098831,68,64,4,0,4
S00098832,56,53,3,0,3
S00098833,50,46,4,0,4
S00098834,40,39,1,0,1
S00098835,40,39,1,0,1
S00098836,42,41,1,0,1
S00098837,28,28,0,0,0
S00098838,57,57,0,0,0
S00098839,45,45,0,0,0
S00098840,60,59,1,0,1
S00098841,64,63,1,0,1
S00098842,55,54,1,0,1
S00098843,46,46,0,0,0
S00098844,66,66,0,0,0
S00098845,54,54,0,0,0
S00098846,49,49,0,0,0
S00098847,78,75,3,0,3
S00098848,60,57,3,0,3
S00098849,72,69,3,2,1
S00098850,66,62,4,0,4
S00098851,55,51,4,0,4
S00098852,44,36,8,0,8
S00098853,95,95,0,0,0
S00098854,54,54,0,0,0
S00098855,58,57,1,1,0
S00098856,42,41,1,0,1
S00098857,80,78,2,0,2
S00098858,57,55,2,0,2
S00098859,75,75,0,0,0
S00098860,66,65,1,0,1
S00098861,82,80,2,0,2
S00098862,66,64,2,0,2
S00098863,55,50,5,4,1
S00098864,60,57,3,3,0
S00098865,43,41,2,0,2
S00098866,48,48,0,0,0
S00098867,73,72,1,0,1
S00098868,76,75,1,0,1
S00098869,48,48,0,0,0
S00098870,27,26,1,1,0
S00098871,24,21,3,3,0
S00098872,45,45,0,0,0
S00098873,47,46,1,1,0
S00098874,45,43,2,2,0
S00098875,52,50,2,1,1
S00098876,44,43,1,0,1
S00098877,42,42,0,0,0
S00098878,51,50,1,1,0
S00098879,47,47,0,0,0
S00098880,47,45,2,1,1
S00098881,53,52,1,0,1
S00098882,46,46,0,0,0
S00098883,42,42,0,0,0
S00098884,48,48,0,0,0
S00098885,51,51,0,0,0
S00098886,54,52,2,0,2
S00098887,47,47,0,0,0
S00098888,56,56,0,0,0
S00098889,54,54,0,0,0
S00098890,52,52,0,0,0
S00098891,60,59,1,0,1
S00098892,44,42,2,0,2
S00098893,63,63,0,0,0
S00098894,50,50,0,0,0
S00098895,75,73,2,0,2
S00098896,66,65,1,0,1
S00098897,46,45,1,0,1
S00098898,42,39,3,0,3
S00098899,79,76,3,0,3
S00098900,61,61,0,0,0
S00098901,45,45,0,0,0
S00098902,53,53,0,0,0
S00098903,64,64,0,0,0
S00098904,67,66,1,0,1
S00098905,45,45,0,0,0
S00098906,52,52,0,0,0
S00098907,53,53,0,0,0
S00098908,57,55,2,0,2
S00098909,75,67,8,0,8
S00098910,52,52,0,0,0
S00098911,50,47,3,3,0
S00098912,30,29,1,0,1
S00098913,55,53,2,0,2
S00098914,44,42,2,2,0
S00098915,58,58,0,0,0
S00098916,52,51,1,0,1
S00098917,25,25,0,0,0
S00098918,35,33,2,2,0
S00098919,34,33,1,1,0
S00098920,48,48,0,0,0
S00098921,46,45,1,0,1
S00098922,41,40,1,0,1
S00098923,54,53,1,0,1
S00098924,43,42,1,0,1
S00098925,41,41,0,0,0
S00098926,50,50,0,0,0
S00098927,33,31,2,0,2
S00098928,52,51,1,0,1
S00098929,35,35,0,0,0
S00098930,50,49,1,0,1
S00098931,52,51,1,0,1
S00098932,47,47,0,0,0
S00098933,61,60,1,0,1
S00098934,51,51,0,0,0
S00098935,41,40,1,0,1
S00098936,49,49,0,0,0
S00098937,50,49,1,0,1
S00098938,50,49,1,0,1
S00098939,55,55,0,0,0
S00098940,54,54,0,0,0
S00098941,53,53,0,0,0
S00098942,38,37,1,1,0
S00098943,75,71,4,4,0
S00098944,74,73,1,1,0
S00098945,72,69,3,3,0
S00098946,36,36,0,0,0
S00098947,53,53,0,0,0
S00098948,44,43,1,0,1
S00098949,74,73,1,0,1
S00098950,25,25,0,0,0
S00098951,48,45,3,3,0
S00098952,38,34,4,4,0
S00098953,52,48,4,3,1
S00098954,54,53,1,0,1
S00098955,41,38,3,2,1
S00098956,51,48,3,3,0
S00098957,42,40,2,1,1
S00098958,78,75,3,2,1
S00098959,48,46,2,2,0
S00098960,42,39,3,3,0
S00098961,48,45,3,3,0
S00098962,46,44,2,0,2
S00098963,73,73,0,0,0
S00098964,63,60,3,3,0
S00098965,53,52,1,1,0
S00098966,42,36,6,4,2
S00098967,53,49,4,2,2
S00098968,50,44,6,3,3
S00098969,43,36,7,7,0
S00098970,49,48,1,1,0
S00098971,49,49,0,0,0
S00098972,45,45,0,0,0
S00098973,42,33,9,8,1
S00098974,65,62,3,1,2
S00098975,62,61,1,0,1
S00098976,47,46,1,0,1
S00098977,56,54,2,0,2
S00098978,42,34,8,7,1
S00098979,61,57,4,4,0
S00098980,43,39,4,4,0
S00098981,35,35,0,0,0
S00098982,41,41,0,0,0
S00098983,82,82,0,0,0
S00098984,71,70,1,0,1
S00098985,76,76,0,0,0
S00098986,38,38,0,0,0
S00098987,37,37,0,0,0
S00098988,50,50,0,0,0
S00098989,79,77,2,1,1
S00098990,80,73,7,1,6
S00098991,63,61,2,0,2
S00098992,77,76,1,0,1
S00098993,41,30,11,11,0
S00098994,53,46,7,3,4
S00098995,45,36,9,7,2
S00098996,54,52,2,1,1
S00098997,49,48,1,0,1
S00098998,55,54,1,0,1
S00098999,59,48,11,6,5
S00099000,79,64,15,7,8
S00099001,79,71,8,2,6
S00099002,49,42,7,5,2
S00099003,46,46,0,0,0
S00099004,40,39,1,0,1
S00099005,64,61,3,0,3
S00099006,79,71,8,5,3
S00099007,67,64,3,2,1
S00099008,78,76,2,2,0
S00099009,72,58,14,10,4
S00099010,55,50,5,4,1
S00099011,60,51,9,7,2
S00099012,41,39,2,2,0
S00099013,44,42,2,0,2
S00099014,58,49,9,9,0
S00099015,40,40,0,0,0
S00099016,42,41,1,0,1
S00099017,80,76,4,2,2
S00099018,72,69,3,1,2
S00099019,44,43,1,0,1
S00099020,35,35,0,0,0
S00099021,64,63,1,0,1
S00099022,51,50,1,0,1
S00099023,65,63,2,0,2
S00099024,47,46,1,0,1
S00099025,68,68,0,0,0
S00099026,56,52,4,0,4
S00099027,55,55,0,0,0
S00099028,62,59,3,0,3
S00099029,45,44,1,0,1
S00099030,63,56,7,0,7
S00099031,44,43,1,0,1
S00099032,74,74,0,0,0
S00099033,39,37,2,1,1
S00099034,50,50,0,0,0
S00099035,44,43,1,0,1
S00099036,76,68,8,7,1
S00099037,65,64,1,1,0
S00099038,40,38,2,1,1
S00099039,50,47,3,1,2
S00099040,53,53,0,0,0
S00099041,43,42,1,1,0
S00099042,54,54,0,0,0
S00099043,53,52,1,0,1
S00099044,44,42,2,1,1
S00099045,53,53,0,0,0
S00099046,41,41,0,0,0
S00099047,55,55,0,0,0
S00099048,63,62,1,0,1
S00099049,44,42,2,0,2
S00099050,71,70,1,0,1
S00099051,69,67,2,1,1
S00099052,56,55,1,0,1
S00099053,49,46,3,0,3
S00099054,56,54,2,0,2
S00099055,59,59,0,0,0
S00099056,35,35,0,0,0
S00099057,45,44,1,0,1
S00099058,59,59,0,0,0
S00099059,72,71,1,0,1
S00099060,44,43,1,0,1
S00099061,37,37,0,0,0
S00099062,51,50,1,0,1
S00099063,51,51,0,0,0
S00099064,40,40,0,0,0
S00099065,53,53,0,0,0
S00099066,48,47,1,0,1
S00099067,54,52,2,0,2
S00099068,51,50,1,0,1
S00099069,51,50,1,0,1
S00099070,41,41,0,0,0
S00099071,57,55,2,0,2
S00099072,39,39,0,0,0
S00099073,49,47,2,0,2
S00099074,77,72,5,0,5
S00099075,42,42,0,0,0
S00099076,52,51,1,0,1
S00099077,66,66,0,0,0
S00099078,48,47,1,0,1
S00099079,56,56,0,0,0
S00099080,59,58,1,0,1
S00099081,49,47,2,0,2
S00099082,40,40,0,0,0
S00099083,63,61,2,0,2
S00099084,40,37,3,0,3
S00099085,53,50,3,0,3
S00099086,37,37,0,0,0
S00099087,42,42,0,0,0
S00099088,51,51,0,0,0
S00099089,74,73,1,0,1
S00099090,73,68,5,4,1
S00099091,47,47,0,0,0
S00099092,81,77,4,0,4
S00099093,55,54,1,0,1
S00099094,82,82,0,0,0
S00099095,48,47,1,0,1
S00099096,32,31,1,1,0
S00099097,40,38,2,0,2
S00099098,55,53,2,0,2
S00099099,59,53,6,0,6
S00099100,67,61,6,4,2
S00099101,34,34,0,0,0
S00099102,53,53,0,0,0
S00099103,41,37,4,4,0
S00099104,47,47,0,0,0
S00099105,39,39,0,0,0
S00099106,46,42,4,4,0
S00099107,42,36,6,6,0
S00099108,71,69,2,0,2
S00099109,69,69,0,0,0
S00099110,55,54,1,0,1
S00099111,60,58,2,0,2
S00099112,41,40,1,0,1
S00099113,68,66,2,0,2
S00099114,49,49,0,0,0
S00099115,47,46,1,0,1
S00099116,52,52,0,0,0
S00099117,76,76,0,0,0
S00099118,57,56,1,0,1
S00099119,41,41,0,0,0
S00099120,47,47,0,0,0
S00099121,36,36,0,0,0
S00099122,36,36,0,0,0
S00099123,50,49,1,0,1
S00099124,55,55,0,0,0
S00099125,52,52,0,0,0
S00099126,28,28,0,0,0
S00099127,59,58,1,1,0
S00099128,32,31,1,1,0
S00099129,56,49,7,7,0
S00099130,96,95,1,0,1
S00099131,62,60,2,0,2
S00099132,28,28,0,0,0
S00099133,50,50,0,0,0
S00099134,64,63,1,0,1
S00099135,51,50,1,0,1
S00099136,33,29,4,0,4
S00099137,54,47,7,4,3
S00099138,47,44,3,2,1
S00099139,46,45,1,1,0
S00099140,36,35,1,1,0
S00099141,58,58,0,0,0
S00099142,42,40,2,2,0
S00099143,46,44,2,2,0
S00099144,48,48,0,0,0
S00099145,76,75,1,0,1
S00099146,71,69,2,2,0
S00099147,45,44,1,0,1
S00099148,44,43,1,1,0
S00099149,42,40,2,0,2
S00099150,72,70,2,2,0
S00099151,41,33,8,6,2
S00099152,58,55,3,0,3
S00099153,73,72,1,0,1
S00099154,53,49,4,4,0
S00099155,74,74,0,0,0
S00099156,78,76,2,0,2
S00099157,55,54,1,1,0
S00099158,56,55,1,0,1
S00099159,48,44,4,0,4
S00099160,42,39,3,2,1
S00099161,44,43,1,0,1
S00099162,56,54,2,0,2
S00099163,46,46,0,0,0
S00099164,74,73,1,0,1
S00099165,69,67,2,0,2
S00099166,76,74,2,0,2
S00099167,72,69,3,0,3
S00099168,72,71,1,0,1
S00099169,54,53,1,0,1
S00099170,73,72,1,0,1
S00099171,57,55,2,0,2
S00099172,24,24,0,0,0
S00099173,65,65,0,0,0
S00099174,41,40,1,0,1
S00099175,45,45,0,0,0
S00099176,56,54,2,0,2
S00099177,48,48,0,0,0
S00099178,46,46,0,0,0
S00099179,54,54,0,0,0
S00099180,45,45,0,0,0
S00099181,74,73,1,0,1
S00099182,48,48,0,0,0
S00099183,42,39,3,1,2
S00099184,66,64,2,0,2
S00099185,48,48,0,0,0
S00099186,44,44,0,0,0
S00099187,48,47,1,0,1
S00099188,73,71,2,0,2
S00099189,38,38,0,0,0
S00099190,35,35,0,0,0
S00099191,28,28,0,0,0
S00099192,74,68,6,4,2
S00099193,47,44,3,2,1
S00099194,36,36,0,0,0
S00099195,28,26,2,0,2
S00099196,51,42,9,5,4
S00099197,57,56,1,0,1
S00099198,32,30,2,1,1
S00099199,45,42,3,0,3
S00099200,44,37,7,6,1
S00099201,46,46,0,0,0
S00099202,42,36,6,6,0
S00099203,38,37,1,1,0
S00099204,35,35,0,0,0
S00099205,52,52,0,0,0
S00099206,44,44,0,0,0
S00099207,44,40,4,4,0
S00099208,50,50,0,0,0
S00099209,77,74,3,1,2
S00099210,67,62,5,4,1
S00099211,35,34,1,0,1
S00099212,40,39,1,0,1
S00099213,48,48,0,0,0
S00099214,67,65,2,2,0
S00099215,42,37,5,5,0
S00099216,51,50,1,0,1
S00099217,82,72,10,10,0
S00099218,64,62,2,1,1
S00099219,41,38,3,3,0
S00099220,41,41,0,0,0
S00099221,42,41,1,0,1
S00099222,66,66,0,0,0
S00099223,53,52,1,0,1
S00099224,45,45,0,0,0
S00099225,56,56,0,0,0
S00099226,44,44,0,0,0
S00099227,80,76,4,0,4
S00099228,56,55,1,0,1
S00099229,68,67,1,0,1
S00099230,67,66,1,0,1
S00099231,70,68,2,0,2
S00099232,69,69,0,0,0
S00099233,40,39,1,0,1
S00099234,64,63,1,0,1
S00099235,40,39,1,0,1
S00099236,52,52,0,0,0
S00099237,44,44,0,0,0
S00099238,47,46,1,0,1
S00099239,48,48,0,0,0
S00099240,47,47,0,0,0
S00099241,40,40,0,0,0
S00099242,64,63,1,0,1
S00099243,64,64,0,0,0
S00099244,48,48,0,0,0
S00099245,39,39,0,0,0
S00099246,49,49,0,0,0
S00099247,94,91,3,2,1
S00099248,44,40,4,4,0
S00099249,60,59,1,0,1
S00099250,42,42,0,0,0
S00099251,42,41,1,0,1
S00099252,52,49,3,0,3
S00099253,76,47,29,1,28
S00099254,73,72,1,0,1
S00099255,59,53,6,0,6
S00099256,75,75,0,0,0
S00099257,60,60,0,0,0
S00099258,61,61,0,0,0
S00099259,33,32,1,0,1
S00099260,67,56,11,10,1
S00099261,59,54,5,0,5
S00099262,66,63,3,2,1
S00099263,52,51,1,0,1
S00099264,38,37,1,0,1
S00099265,50,50,0,0,0
S00099266,39,38,1,0,1
S00099267,57,54,3,1,2
S00099268,69,69,0,0,0
S00099269,84,81,3,0,3
S00099270,59,58,1,0,1
S00099271,41,41,0,0,0
S00099272,68,68,0,0,0
S00099273,43,38,5,0,5
S00099274,53,52,1,0,1
S00099275,40,40,0,0,0
S00099276,38,38,0,0,0
S00099277,71,69,2,0,2
S00099278,49,49,0,0,0
S00099279,55,54,1,0,1
S00099280,57,57,0,0,0
S00099281,67,65,2,0,2
S00099282,74,68,6,0,6
S00099283,73,72,1,0,1
S00099284,67,65,2,0,2
S00099285,41,40,1,0,1
S00099286,76,71,5,2,3
S00099287,69,69,0,0,0
S00099288,62,59,3,0,3
S00099289,58,58,0,0,0
S00099290,47,46,1,0,1
S00099291,34,33,1,0,1
S00099292,83,75,8,2,6
S00099293,44,43,1,1,0
S00099294,70,67,3,0,3
S00099295,40,39,1,0,1
S00099296,55,54,1,0,1
S00099297,44,42,2,1,1
S00099298,66,65,1,1,0
S00099299,53,52,1,0,1
S00099300,69,66,3,0,3
S00099301,46,45,1,0,1
S00099302,61,58,3,0,3
S00099303,50,48,2,0,2
S00099304,47,44,3,2,1
S00099305,63,56,7,2,5
S00099306,48,45,3,1,2
S00099307,59,57,2,0,2
S00099308,51,48,3,0,3
S00099309,52,46,6,3,3
S00099310,71,70,1,0,1
S00099311,49,48,1,0,1
S00099312,71,71,0,0,0
S00099313,61,61,0,0,0
S00099314,51,48,3,1,2
S00099315,49,49,0,0,0
S00099316,51,50,1,0,1
S00099317,50,50,0,0,0
S00099318,46,44,2,1,1
S00099319,69,68,1,0,1
S00099320,68,66,2,0,2
S00099321,68,68,0,0,0
S00099322,53,53,0,0,0
S00099323,56,55,1,0,1
S00099324,54,54,0,0,0
S00099325,51,50,1,0,1
S00099326,46,44,2,0,2
S00099327,40,38,2,0,2
S00099328,56,55,1,0,1
S00099329,70,68,2,0,2
S00099330,64,64,0,0,0
S00099331,48,48,0,0,0
S00099332,45,43,2,0,2
S00099333,39,39,0,0,0
S00099334,47,47,0,0,0
S00099335,43,43,0,0,0
S00099336,34,34,0,0,0
S00099337,42,41,1,0,1
S00099338,58,57,1,0,1
S00099339,58,57,1,0,1
S00099340,51,50,1,1,0
S00099341,49,49,0,0,0
S00099342,45,42,3,0,3
S00099343,44,43,1,0,1
S00099344,47,46,1,0,1
S00099345,55,53,2,0,2
S00099346,30,29,1,0,1
S00099347,53,53,0,0,0
S00099348,45,44,1,0,1
S00099349,46,46,0,0,0
S00099350,53,51,2,0,2
S00099351,53,53,0,0,0
S00099352,56,56,0,0,0
S00099353,49,49,0,0,0
S00099354,40,39,1,0,1
S00099355,75,73,2,0,2
S00099356,67,66,1,0,1
S00099357,46,46,0,0,0
S00099358,42,41,1,0,1
S00099359,56,56,0,0,0
S00099360,50,48,2,1,1
S00099361,23,23,0,0,0
S00099362,69,68,1,0,1
S00099363,43,43,0,0,0
S00099364,49,46,3,0,3
S00099365,58,58,0,0,0
S00099366,46,45,1,0,1
S00099367,50,49,1,0,1
S00099368,46,46,0,0,0
S00099369,63,63,0,0,0
S00099370,45,45,0,0,0
S00099371,41,41,0,0,0
S00099372,54,54,0,0,0
S00099373,74,74,0,0,0
S00099374,64,64,0,0,0
S00099375,47,47,0,0,0
S00099376,69,69,0,0,0
S00099377,43,41,2,0,2
S00099378,52,52,0,0,0
S00099379,51,51,0,0,0
S00099380,61,61,0,0,0
S00099381,56,55,1,0,1
S00099382,57,57,0,0,0
S00099383,48,48,0,0,0
S00099384,41,41,0,0,0
S00099385,48,48,0,0,0
S00099386,64,64,0,0,0
S00099387,57,56,1,0,1
S00099388,63,59,4,1,3
S00099389,41,41,0,0,0
S00099390,61,58,3,1,2
S00099391,32,30,2,2,0
S00099392,44,44,0,0,0
S00099393,49,48,1,0,1
S00099394,49,48,1,0,1
S00099395,60,58,2,0,2
S00099396,42,42,0,0,0
S00099397,42,42,0,0,0
S00099398,69,68,1,0,1
S00099399,24,24,0,0,0
S00099400,152,74,78,4,74
S00099401,33,33,0,0,0
S00099402,47,47,0,0,0
S00099403,30,30,0,0,0
S00099404,56,54,2,0,2
S00099405,70,61,9,7,2
S00099406,70,66,4,4,0
S00099407,35,35,0,0,0
S00099408,39,39,0,0,0
S00099409,69,68,1,0,1
S00099410,41,40,1,0,1
S00099411,43,43,0,0,0
S00099412,37,35,2,0,2
S00099413,60,57,3,0,3
S00099414,25,24,1,1,0
S00099415,43,42,1,0,1
S00099416,49,45,4,1,3
S00099417,38,38,0,0,0
S00099418,52,51,1,0,1
S00099419,62,62,0,0,0
S00099420,36,35,1,0,1
S00099421,79,77,2,0,2
S00099422,50,50,0,0,0
S00099423,58,58,0,0,0
S00099424,51,50,1,0,1
S00099425,76,75,1,0,1
S00099426,33,33,0,0,0
S00099427,58,55,3,0,3
S00099428,42,42,0,0,0
S00099429,35,35,0,0,0
S00099430,66,64,2,0,2
S00099431,48,45,3,1,2
S00099432,27,25,2,0,2
S00099433,47,47,0,0,0
S00099434,35,35,0,0,0
S00099435,32,32,0,0,0
S00099436,60,59,1,0,1
S00099437,33,30,3,0,3
S00099438,29,29,0,0,0
S00099439,45,42,3,0,3
S00099440,51,50,1,1,0
S00099441,44,44,0,0,0
S00099442,45,45,0,0,0
S00099443,53,53,0,0,0
S00099444,52,52,0,0,0
S00099445,40,40,0,0,0
S00099446,31,31,0,0,0
S00099447,54,50,4,0,4
S00099448,28,28,0,0,0
S00099449,72,69,3,0,3
S00099450,36,36,0,0,0
S00099451,42,40,2,0,2
S00099452,52,50,2,1,1
S00099453,31,31,0,0,0
S00099454,40,38,2,0,2
S00099455,45,44,1,0,1
S00099456,38,35,3,0,3
S00099457,37,37,0,0,0
S00099458,59,56,3,0,3
S00099459,62,53,9,0,9
S00099460,62,55,7,0,7
S00099461,77,76,1,0,1
S00099462,37,34,3,3,0
S00099463,26,26,0,0,0
S00099464,56,56,0,0,0
S00099465,96,84,12,7,5
S00099466,50,49,1,0,1
S00099467,52,50,2,0,2
S00099468,74,74,0,0,0
S00099469,33,33,0,0,0
S00099470,27,23,4,0,4
S00099471,28,25,3,1,2
S00099472,56,56,0,0,0
S00099473,67,66,1,0,1
S00099474,64,61,3,0,3
S00099475,70,70,0,0,0
S00099476,30,29,1,0,1
S00099477,51,51,0,0,0
S00099478,60,60,0,0,0
S00099479,66,66,0,0,0
S00099480,54,54,0,0,0
S00099481,22,21,1,0,1
S00099482,30,30,0,0,0
S00099483,32,31,1,1,0
S00099484,40,39,1,1,0
S00099485,32,30,2,2,0
S00099486,67,62,5,4,1
S00099487,46,45,1,0,1
S00099488,37,37,0,0,0
S00099489,63,57,6,5,1
S00099490,61,58,3,2,1
S00099491,35,31,4,3,1
S00099492,38,38,0,0,0
S00099493,53,52,1,0,1
S00099494,66,51,15,7,8
S00099495,40,39,1,0,1
S00099496,35,35,0,0,0
S00099497,90,87,3,1,2
S00099498,50,49,1,0,1
S00099499,74,71,3,0,3
S00099500,40,39,1,0,1
S00099501,29,29,0,0,0
S00099502,61,60,1,0,1
S00099503,46,46,0,0,0
S00099504,80,79,1,1,0
S00099505,43,43,0,0,0
S00099506,34,34,0,0,0
S00099507,74,74,0,0,0
S00099508,22,22,0,0,0
S00099509,30,30,0,0,0
S00099510,36,36,0,0,0
S00099511,42,41,1,0,1
S00099512,22,22,0,0,0
S00099513,60,58,2,0,2
S00099514,54,52,2,0,2
S00099515,25,25,0,0,0
S00099516,57,55,2,0,2
S00099517,42,42,0,0,0
S00099518,42,42,0,0,0
S00099519,48,47,1,0,1
S00099520,38,36,2,0,2
S00099521,54,48,6,4,2
S00099522,33,28,5,4,1
S00099523,31,31,0,0,0
S00099524,69,67,2,0,2
S00099525,41,40,1,0,1
S00099526,45,45,0,0,0
S00099527,36,36,0,0,0
S00099528,71,70,1,0,1
S00099529,51,51,0,0,0
S00099530,54,54,0,0,0
S00099531,76,76,0,0,0
S00099532,63,63,0,0,0
S00099533,54,53,1,0,1
S00099534,45,45,0,0,0
S00099535,27,27,0,0,0
S00099536,31,29,2,0,2
S00099537,68,68,0,0,0
S00099538,52,51,1,1,0
S00099539,48,48,0,0,0
S00099540,40,40,0,0,0
S00099541,59,59,0,0,0
S00099542,28,28,0,0,0
S00099543,69,65,4,2,2
S00099544,48,48,0,0,0
S00099545,55,55,0,0,0
S00099546,94,92,2,0,2
S00099547,62,61,1,0,1
S00099548,51,50,1,1,0
S00099549,49,46,3,0,3
S00099550,94,86,8,0,8
S00099551,74,73,1,0,1
S00099552,51,51,0,0,0
S00099553,76,76,0,0,0
S00099554,53,52,1,1,0
S00099555,97,76,21,1,20
S00099556,57,53,4,2,2
S00099557,31,30,1,0,1
S00099558,77,67,10,0,10
S00099559,66,58,8,1,7
S00099560,54,53,1,1,0
S00099561,41,41,0,0,0
S00099562,39,38,1,0,1
S00099563,49,47,2,0,2
S00099564,51,51,0,0,0
S00099565,37,37,0,0,0
S00099566,27,26,1,0,1
S00099567,24,24,0,0,0
S00099568,42,36,6,0,6
S00099569,58,55,3,0,3
S00099570,63,59,4,0,4
S00099571,56,54,2,2,0
S00099572,64,64,0,0,0
S00099573,46,46,0,0,0
S00099574,46,43,3,0,3
S00099575,58,55,3,0,3
S00099576,54,53,1,0,1
S00099577,33,32,1,0,1
S00099578,61,60,1,0,1
S00099579,50,48,2,0,2
S00099580,55,53,2,0,2
S00099581,69,66,3,0,3
S00099582,49,47,2,1,1
S00099583,32,32,0,0,0
S00099584,59,56,3,0,3
S00099585,67,66,1,0,1
S00099586,63,61,2,1,1
S00099587,65,64,1,0,1
S00099588,65,63,2,0,2
S00099589,63,59,4,0,4
S00099590,58,55,3,1,2
S00099591,36,35,1,0,1
S00099592,55,50,5,1,4
S00099593,72,72,0,0,0
S00099594,49,49,0,0,0
S00099595,55,51,4,0,4
S00099596,55,55,0,0,0
S00099597,85,50,35,0,35
S00099598,88,66,22,0,22
S00099599,51,45,6,0,6
S00099600,34,34,0,0,0
S00099601,67,64,3,0,3
S00099602,39,39,0,0,0
S00099603,39,39,0,0,0
S00099604,41,38,3,0,3
S00099605,36,36,0,0,0
S00099606,48,47,1,0,1
S00099607,36,35,1,0,1
S00099608,72,68,4,0,4
S00099609,83,76,7,1,6
S00099610,37,37,0,0,0
S00099611,47,47,0,0,0
S00099612,46,46,0,0,0
S00099613,61,61,0,0,0
S00099614,60,60,0,0,0
S00099615,32,32,0,0,0
S00099616,40,38,2,0,2
S00099617,41,40,1,0,1
S00099618,36,36,0,0,0
S00099619,67,67,0,0,0
S00099620,84,84,0,0,0
S00099621,46,46,0,0,0
S00099622,74,72,2,0,2
S00099623,41,41,0,0,0
S00099624,33,29,4,4,0
S00099625,35,34,1,1,0
S00099626,36,36,0,0,0
S00099627,22,22,0,0,0
S00099628,66,66,0,0,0
S00099629,74,70,4,0,4
S00099630,38,38,0,0,0
S00099631,48,45,3,0,3
S00099632,38,34,4,4,0
S00099633,53,49,4,0,4
S00099634,51,49,2,0,2
S00099635,36,32,4,3,1
S00099636,60,59,1,0,1
S00099637,40,38,2,2,0
S00099638,52,50,2,1,1
S00099639,31,29,2,1,1
S00099640,63,58,5,4,1
S00099641,86,82,4,0,4
S00099642,61,61,0,0,0
S00099643,31,28,3,3,0
S00099644,46,45,1,0,1
S00099645,44,44,0,0,0
S00099646,44,44,0,0,0
S00099647,45,45,0,0,0
S00099648,26,26,0,0,0
S00099649,55,55,0,0,0
S00099650,43,43,0,0,0
S00099651,49,49,0,0,0
S00099652,69,69,0,0,0
S00099653,46,46,0,0,0
S00099654,77,76,1,0,1
S00099655,50,50,0,0,0
S00099656,71,68,3,2,1
S00099657,41,41,0,0,0
S00099658,42,42,0,0,0
S00099659,59,56,3,0,3
S00099660,36,36,0,0,0
S00099661,60,58,2,0,2
S00099662,43,43,0,0,0
S00099663,51,51,0,0,0
S00099664,41,41,0,0,0
S00099665,53,52,1,0,1
S00099666,36,35,1,1,0
S00099667,56,54,2,0,2
S00099668,41,41,0,0,0
S00099669,52,51,1,0,1
S00099670,46,44,2,0,2
S00099671,47,46,1,0,1
S00099672,53,50,3,3,0
S00099673,69,60,9,9,0
S00099674,44,44,0,0,0
S00099675,40,40,0,0,0
S00099676,42,42,0,0,0
S00099677,40,34,6,3,3
S00099678,27,23,4,3,1
S00099679,44,42,2,1,1
S00099680,36,31,5,4,1
S00099681,40,40,0,0,0
S00099682,65,63,2,2,0
S00099683,39,39,0,0,0
S00099684,57,57,0,0,0
S00099685,28,27,1,1,0
S00099686,47,45,2,2,0
S00099687,53,51,2,2,0
S00099688,30,29,1,1,0
S00099689,67,64,3,3,0
S00099690,59,59,0,0,0
S00099691,45,45,0,0,0
S00099692,50,45,5,5,0
S00099693,38,37,1,1,0
S00099694,39,37,2,0,2
S00099695,66,66,0,0,0
S00099696,47,45,2,1,1
S00099697,38,38,0,0,0
S00099698,64,63,1,0,1
S00099699,52,49,3,3,0
S00099700,51,51,0,0,0
S00099701,47,46,1,0,1
S00099702,52,52,0,0,0
S00099703,52,52,0,0,0
S00099704,37,36,1,1,0
S00099705,40,38,2,0,2
S00099706,61,60,1,0,1
S00099707,29,29,0,0,0
S00099708,37,36,1,0,1
S00099709,79,74,5,0,5
S00099710,50,48,2,0,2
S00099711,37,36,1,0,1
S00099712,48,47,1,0,1
S00099713,39,39,0,0,0
S00099714,65,59,6,0,6
S00099715,37,36,1,1,0
S00099716,42,39,3,3,0
S00099717,39,39,0,0,0
S00099718,49,48,1,0,1
S00099719,41,41,0,0,0
S00099720,34,34,0,0,0
S00099721,53,53,0,0,0
S00099722,69,69,0,0,0
S00099723,29,29,0,0,0
S00099724,49,48,1,0,1
S00099725,37,37,0,0,0
S00099726,37,32,5,0,5
S00099727,62,61,1,0,1
S00099728,70,70,0,0,0
S00099729,35,35,0,0,0
S00099730,32,32,0,0,0
S00099731,51,48,3,0,3
S00099732,108,90,18,15,3
S00099733,46,40,6,0,6
S00099734,48,46,2,1,1
S00099735,36,36,0,0,0
S00099736,93,90,3,0,3
S00099737,75,71,4,0,4
S00099738,39,38,1,0,1
S00099739,59,57,2,0,2
S00099740,89,85,4,0,4
S00099741,46,46,0,0,0
S00099742,42,42,0,0,0
S00099743,63,61,2,0,2
S00099744,54,53,1,0,1
S00099745,50,50,0,0,0
S00099746,67,64,3,1,2
S00099747,28,28,0,0,0
S00099748,50,50,0,0,0
S00099749,54,54,0,0,0
S00099750,51,51,0,0,0
S00099751,67,67,0,0,0
S00099752,40,39,1,0,1
S00099753,60,57,3,0,3
S00099754,48,47,1,1,0
S00099755,118,114,4,0,4
S00099756,49,47,2,1,1
S00099757,77,73,4,0,4
S00099758,40,39,1,0,1
S00099759,95,93,2,0,2
S00099760,80,78,2,0,2
S00099761,38,38,0,0,0
S00099762,31,29,2,0,2
S00099763,62,62,0,0,0
S00099764,73,71,2,1,1
S00099765,79,78,1,0,1
S00099766,61,60,1,0,1
S00099767,55,52,3,1,2
S00099768,48,48,0,0,0
S00099769,61,61,0,0,0
S00099770,78,76,2,0,2
S00099771,71,70,1,0,1
S00099772,64,54,10,8,2
S00099773,64,64,0,0,0
S00099774,30,29,1,0,1
S00099775,57,56,1,0,1
S00099776,46,44,2,0,2
S00099777,52,52,0,0,0
S00099778,92,91,1,0,1
S00099779,73,73,0,0,0
S00099780,40,37,3,0,3
S00099781,74,73,1,0,1
S00099782,64,62,2,0,2
S00099783,32,31,1,0,1
S00099784,27,24,3,0,3
S00099785,66,60,6,0,6
S00099786,82,61,21,1,20
S00099787,61,57,4,0,4
S00099788,63,58,5,1,4
S00099789,49,49,0,0,0
S00099790,77,76,1,0,1
S00099791,36,36,0,0,0
S00099792,33,33,0,0,0
S00099793,34,33,1,1,0
S00099794,55,51,4,0,4
S00099795,45,41,4,1,3
S00099796,65,57,8,0,8
S00099797,35,32,3,1,2
S00099798,36,33,3,1,2
S00099799,75,74,1,0,1
S00099800,55,51,4,1,3
S00099801,61,59,2,0,2
S00099802,51,51,0,0,0
S00099803,78,77,1,0,1
S00099804,78,67,11,3,8
S00099805,45,44,1,0,1
S00099806,61,59,2,0,2
S00099807,33,33,0,0,0
S00099808,28,25,3,1,2
S00099809,56,48,8,1,7
S00099810,37,35,2,1,1
S00099811,53,49,4,0,4
S00099812,25,25,0,0,0
S00099813,60,59,1,0,1
S00099814,38,35,3,0,3
S00099815,60,60,0,0,0
S00099816,35,34,1,0,1
S00099817,44,44,0,0,0
S00099818,48,48,0,0,0
S00099819,37,35,2,0,2
S00099820,46,45,1,0,1
S00099821,68,67,1,0,1
S00099822,37,33,4,0,4
S00099823,72,71,1,1,0
S00099824,46,45,1,0,1
S00099825,26,25,1,0,1
S00099826,68,60,8,0,8
S00099827,66,66,0,0,0
S00099828,51,50,1,0,1
S00099829,34,34,0,0,0
S00099830,72,68,4,0,4
S00099831,52,50,2,0,2
S00099832,67,64,3,0,3
S00099833,40,34,6,0,6
S00099834,38,38,0,0,0
S00099835,49,49,0,0,0
S00099836,46,44,2,0,2
S00099837,71,68,3,0,3
S00099838,52,50,2,0,2
S00099839,46,46,0,0,0
S00099840,36,36,0,0,0
S00099841,75,74,1,0,1
S00099842,41,41,0,0,0
S00099843,50,48,2,0,2
S00099844,53,53,0,0,0
S00099845,77,73,4,2,2
S00099846,30,28,2,1,1
S00099847,51,50,1,1,0
S00099848,41,41,0,0,0
S00099849,29,29,0,0,0
S00099850,39,38,1,0,1
S00099851,28,28,0,0,0
S00099852,41,40,1,0,1
S00099853,70,67,3,1,2
S00099854,31,30,1,0,1
S00099855,44,42,2,0,2
S00099856,22,22,0,0,0
S00099857,30,30,0,0,0
S00099858,43,42,1,1,0
S00099859,49,48,1,0,1
S00099860,59,57,2,0,2
S00099861,54,53,1,0,1
S00099862,38,35,3,0,3
S00099863,54,47,7,1,6
S00099864,26,24,2,0,2
S00099865,73,70,3,0,3
S00099866,70,62,8,7,1
S00099867,28,28,0,0,0
S00099868,65,63,2,0,2
S00099869,39,36,3,0,3
S00099870,46,45,1,0,1
S00099871,58,57,1,0,1
S00099872,40,40,0,0,0
S00099873,42,41,1,0,1
S00099874,72,68,4,0,4
S00099875,75,74,1,0,1
S00099876,58,57,1,1,0
S00099877,65,62,3,0,3
S00099878,62,60,2,0,2
S00099879,71,69,2,0,2
S00099880,68,65,3,0,3
S00099881,58,57,1,0,1
S00099882,55,54,1,1,0
S00099883,57,56,1,0,1
S00099884,68,67,1,0,1
S00099885,46,41,5,0,5
S00099886,40,40,0,0,0
S00099887,64,62,2,0,2
S00099888,53,53,0,0,0
S00099889,40,40,0,0,0
S00099890,62,58,4,0,4
S00099891,63,63,0,0,0
S00099892,48,47,1,0,1
S00099893,40,37,3,0,3
S00099894,44,42,2,1,1
S00099895,54,33,21,5,16
S00099896,47,46,1,0,1
S00099897,48,47,1,0,1
S00099898,52,50,2,2,0
S00099899,32,31,1,0,1
S00099900,48,45,3,0,3
S00099901,56,53,3,0,3
S00099902,48,47,1,0,1
S00099903,42,38,4,0,4
S00099904,36,31,5,0,5
S00099905,45,42,3,0,3
S00099906,44,39,5,2,3
S00099907,54,52,2,1,1
S00099908,47,45,2,0,2
S00099909,26,26,0,0,0
S00099910,51,49,2,0,2
S00099911,44,42,2,1,1
S00099912,51,50,1,0,1
S00099913,48,46,2,0,2
S00099914,55,50,5,2,3
S00099915,67,58,9,5,4
S00099916,55,55,0,0,0
S00099917,56,54,2,1,1
S00099918,54,54,0,0,0
S00099919,44,41,3,3,0
S00099920,43,43,0,0,0
S00099921,44,44,0,0,0
S00099922,52,48,4,3,1
S00099923,70,66,4,3,1
S00099924,42,41,1,0,1
S00099925,78,77,1,0,1
S00099926,52,51,1,1,0
S00099927,62,62,0,0,0
S00099928,48,43,5,4,1
S00099929,69,69,0,0,0
S00099930,78,77,1,0,1
S00099931,47,46,1,0,1
S00099932,64,62,2,1,1
S00099933,44,43,1,0,1
S00099934,85,83,2,0,2
S00099935,78,75,3,0,3
S00099936,52,50,2,0,2
S00099937,35,35,0,0,0
S00099938,50,49,1,0,1
S00099939,48,47,1,1,0
S00099940,55,54,1,1,0
S00099941,64,63,1,0,1
S00099942,47,47,0,0,0
S00099943,48,48,0,0,0
S00099944,58,52,6,6,0
S00099945,42,42,0,0,0
S00099946,59,59,0,0,0
S00099947,42,42,0,0,0
S00099948,44,44,0,0,0
S00099949,42,42,0,0,0
S00099950,61,61,0,0,0
S00099951,44,43,1,0,1
S00099952,64,64,0,0,0
S00099953,66,66,0,0,0
S00099954,70,62,8,3,5
S00099955,33,33,0,0,0
S00099956,30,29,1,0,1
S00099957,40,40,0,0,0
S00099958,52,50,2,0,2
S00099959,49,49,0,0,0
S00099960,51,40,11,1,10
S00099961,52,52,0,0,0
S00099962,67,67,0,0,0
S00099963,67,63,4,2,2
S00099964,55,54,1,0,1
S00099965,54,46,8,0,8
S00099966,44,42,2,2,0
S00099967,56,55,1,0,1
S00099968,60,59,1,0,1
S00099969,51,51,0,0,0
S00099970,60,59,1,1,0
S00099971,78,74,4,0,4
S00099972,76,70,6,0,6
S00099973,46,43,3,1,2
S00099974,40,40,0,0,0
S00099975,54,54,0,0,0
S00099976,50,48,2,0,2
S00099977,50,48,2,0,2
S00099978,37,37,0,0,0
S00099979,51,49,2,0,2
S00099980,58,56,2,0,2
S00099981,47,46,1,0,1
S00099982,52,51,1,0,1
S00099983,46,44,2,0,2
S00099984,42,42,0,0,0
S00099985,46,44,2,0,2
S00099986,49,48,1,0,1
S00099987,38,33,5,2,3
S00099988,62,59,3,1,2
S00099989,48,40,8,8,0
S00099990,34,34,0,0,0
S00099991,50,50,0,0,0
S00099992,31,31,0,0,0
S00099993,81,78,3,0,3
S00099994,36,33,3,0,3
S00099995,59,58,1,0,1
S00099996,47,45,2,1,1
S00099997,74,74,0,0,0
S00099998,70,70,0,0,0
S00099999,42,40,2,1,1
S00100000,48,48,0,0,0
S00100001,50,49,1,1,0
S00100002,46,45,1,0,1
S00100003,58,57,1,0,1
S00100004,70,69,1,0,1
S00100005,43,42,1,0,1
S00100006,49,48,1,0,1
S00100007,72,71,1,0,1
S00100008,41,40,1,0,1
S00100009,59,59,0,0,0
S00100010,61,55,6,5,1
S00100011,44,41,3,0,3
S00100012,42,41,1,0,1
S00100013,51,51,0,0,0
S00100014,40,37,3,0,3
S00100015,43,37,6,3,3
S00100016,51,45,6,0,6
S00100017,26,26,0,0,0
S00100018,68,68,0,0,0
S00100019,49,49,0,0,0
S00100020,61,61,0,0,0
S00100021,64,60,4,0,4
S00100022,49,49,0,0,0
S00100023,73,70,3,0,3
S00100024,48,48,0,0,0
S00100025,48,48,0,0,0
S00100026,51,49,2,0,2
S00100027,59,57,2,1,1
S00100028,56,53,3,1,2
S00100029,45,43,2,1,1
S00100030,44,44,0,0,0
S00100031,48,48,0,0,0
S00100032,46,45,1,0,1
S00100033,52,50,2,1,1
S00100034,55,54,1,0,1
S00100035,51,49,2,0,2
S00100036,45,42,3,0,3
S00100037,66,64,2,0,2
S00100038,30,29,1,0,1
S00100039,50,50,0,0,0
S00100040,42,42,0,0,0
S00100041,68,68,0,0,0
S00100042,32,32,0,0,0
S00100043,47,47,0,0,0
S00100044,40,40,0,0,0
S00100045,42,39,3,0,3
S00100046,42,40,2,0,2
S00100047,52,50,2,0,2
S00100048,43,40,3,0,3
S00100049,60,58,2,1,1
S00100050,42,41,1,0,1
S00100051,79,70,9,0,9
S00100052,50,45,5,0,5
S00100053,37,33,4,0,4
S00100054,40,38,2,0,2
S00100055,49,46,3,0,3
S00100056,40,37,3,0,3
S00100057,30,30,0,0,0
S00100058,52,52,0,0,0
S00100059,64,64,0,0,0
S00100060,42,41,1,0,1
S00100061,44,44,0,0,0
S00100062,50,49,1,0,1
S00100063,37,35,2,0,2
S00100064,48,46,2,0,2
S00100065,75,71,4,0,4
S00100066,42,42,0,0,0
S00100067,44,39,5,0,5
S00100068,49,42,7,0,7
S00100069,78,77,1,0,1
S00100070,57,56,1,0,1
S00100071,66,64,2,2,0
S00100072,69,66,3,0,3
S00100073,74,70,4,0,4
S00100074,57,56,1,0,1
S00100075,48,45,3,0,3
S00100076,40,39,1,0,1
S00100077,46,46,0,0,0
S00100078,60,59,1,0,1
S00100079,35,35,0,0,0
S00100080,39,37,2,0,2
S00100081,76,70,6,0,6
S00100082,61,61,0,0,0
S00100083,52,52,0,0,0
S00100084,70,70,0,0,0
S00100085,64,62,2,0,2
S00100086,64,63,1,0,1
S00100087,67,65,2,0,2
S00100088,54,52,2,0,2
S00100089,56,53,3,0,3
S00100090,60,52,8,0,8
S00100091,46,43,3,1,2
S00100092,66,64,2,0,2
S00100093,41,41,0,0,0
S00100094,58,58,0,0,0
S00100095,58,57,1,0,1
S00100096,56,56,0,0,0
S00100097,50,45,5,0,5
S00100098,40,40,0,0,0
S00100099,59,58,1,0,1
S00100100,46,42,4,0,4
S00100101,41,38,3,0,3
S00100102,48,45,3,2,1
S00100103,38,33,5,2,3
S00100104,56,52,4,1,3
S00100105,63,60,3,2,1
S00100106,80,74,6,2,4
S00100107,75,75,0,0,0
S00100108,54,53,1,0,1
S00100109,73,72,1,0,1
S00100110,42,42,0,0,0
S00100111,44,44,0,0,0
S00100112,59,59,0,0,0
S00100113,54,53,1,0,1
S00100114,44,43,1,1,0
S00100115,52,52,0,0,0
S00100116,46,44,2,0,2
S00100117,57,53,4,1,3
S00100118,42,41,1,0,1
S00100119,46,46,0,0,0
S00100120,74,68,6,0,6
S00100121,51,51,0,0,0
S00100122,54,49,5,0,5
S00100123,46,43,3,0,3
S00100124,53,52,1,1,0
S00100125,43,42,1,0,1
S00100126,54,45,9,4,5
S00100127,40,34,6,5,1
S00100128,52,51,1,0,1
S00100129,57,56,1,0,1
S00100130,40,38,2,0,2
S00100131,48,45,3,0,3
S00100132,30,30,0,0,0
S00100133,24,22,2,0,2
S00100134,42,42,0,0,0
S00100135,29,29,0,0,0
S00100136,26,24,2,0,2
S00100137,53,53,0,0,0
S00100138,67,66,1,0,1
S00100139,71,71,0,0,0
S00100140,68,67,1,0,1
S00100141,63,53,10,0,10
S00100142,44,42,2,0,2
S00100143,49,44,5,0,5
S00100144,60,56,4,0,4
S00100145,58,56,2,0,2
S00100146,44,44,0,0,0
S00100147,58,58,0,0,0
S00100148,44,41,3,0,3
S00100149,47,45,2,0,2
S00100150,78,73,5,0,5
S00100151,89,83,6,0,6
S00100152,50,48,2,0,2
S00100153,79,75,4,0,4
S00100154,48,48,0,0,0
S00100155,51,51,0,0,0
S00100156,72,62,10,0,10
S00100157,54,41,13,7,6
S00100158,51,50,1,0,1
S00100159,64,59,5,0,5
S00100160,53,52,1,0,1
S00100161,45,41,4,0,4
S00100162,51,49,2,2,0
S00100163,48,48,0,0,0
S00100164,47,46,1,0,1
S00100165,60,56,4,3,1
S00100166,44,42,2,2,0
S00100167,92,91,1,0,1
S00100168,83,71,12,7,5
S00100169,64,63,1,0,1
S00100170,37,37,0,0,0
S00100171,54,50,4,2,2
S00100172,39,39,0,0,0
S00100173,52,48,4,2,2
S00100174,62,60,2,0,2
S00100175,42,42,0,0,0
S00100176,53,52,1,0,1
S00100177,54,52,2,0,2
S00100178,49,42,7,0,7
S00100179,49,42,7,1,6
S00100180,52,49,3,0,3
S00100181,41,37,4,2,2
S00100182,62,61,1,0,1
S00100183,48,48,0,0,0
S00100184,54,48,6,3,3
S00100185,54,53,1,0,1
S00100186,48,46,2,0,2
S00100187,52,49,3,0,3
S00100188,52,51,1,0,1
S00100189,67,66,1,0,1
S00100190,44,43,1,0,1
S00100191,42,41,1,0,1
S00100192,64,62,2,0,2
S00100193,61,60,1,0,1
S00100194,43,41,2,0,2
S00100195,75,75,0,0,0
S00100196,67,67,0,0,0
S00100197,53,53,0,0,0
S00100198,48,48,0,0,0
S00100199,48,48,0,0,0
S00100200,63,62,1,0,1
S00100201,48,47,1,0,1
S00100202,59,59,0,0,0
S00100203,60,60,0,0,0
S00100204,55,53,2,0,2
S00100205,51,50,1,1,0
S00100206,60,59,1,0,1
S00100207,54,52,2,0,2
S00100208,47,44,3,0,3
S00100209,73,73,0,0,0
S00100210,71,69,2,0,2
S00100211,70,69,1,0,1
S00100212,51,51,0,0,0
S00100213,50,49,1,0,1
S00100214,48,48,0,0,0
S00100215,46,46,0,0,0
S00100216,49,48,1,0,1
S00100217,46,45,1,0,1
S00100218,54,50,4,0,4
S00100219,35,34,1,0,1
S00100220,48,47,1,0,1
S00100221,63,63,0,0,0
S00100222,63,57,6,0,6
S00100223,59,59,0,0,0
S00100224,70,69,1,1,0
S00100225,56,55,1,0,1
S00100226,49,49,0,0,0
S00100227,46,43,3,0,3
S00100228,46,42,4,1,3
S00100229,80,74,6,1,5
S00100230,44,42,2,0,2
S00100231,40,40,0,0,0
S00100232,36,33,3,0,3
S00100233,48,47,1,0,1
S00100234,50,50,0,0,0
S00100235,44,44,0,0,0
S00100236,45,40,5,0,5
S00100237,48,46,2,1,1
S00100238,47,47,0,0,0
S00100239,48,47,1,0,1
S00100240,46,45,1,1,0
S00100241,68,65,3,0,3
S00100242,61,60,1,0,1
S00100243,53,53,0,0,0
S00100244,43,43,0,0,0
S00100245,52,49,3,0,3
S00100246,51,49,2,0,2
S00100247,50,49,1,0,1
S00100248,44,43,1,0,1
S00100249,44,44,0,0,0
S00100250,59,55,4,0,4
S00100251,45,45,0,0,0
S00100252,56,55,1,0,1
S00100253,50,50,0,0,0
S00100254,45,43,2,0,2
S00100255,61,58,3,0,3
S00100256,41,40,1,0,1
S00100257,54,54,0,0,0
S00100258,36,35,1,0,1
S00100259,57,57,0,0,0
S00100260,39,37,2,0,2
S00100261,38,38,0,0,0
S00100262,64,63,1,0,1
S00100263,55,55,0,0,0
S00100264,51,50,1,0,1
S00100265,29,29,0,0,0
S00100266,58,58,0,0,0
S00100267,29,28,1,0,1
S00100268,74,72,2,0,2
S00100269,67,67,0,0,0
S00100270,48,47,1,0,1
S00100271,49,48,1,0,1
S00100272,57,49,8,8,0
S00100273,49,43,6,5,1
S00100274,60,58,2,0,2
S00100275,48,48,0,0,0
S00100276,53,52,1,0,1
S00100277,32,30,2,1,1
S00100278,64,58,6,3,3
S00100279,80,58,22,3,19
S00100280,44,40,4,3,1
S00100281,72,67,5,3,2
S00100282,73,52,21,3,18
S00100283,81,78,3,0,3
S00100284,70,67,3,0,3
S00100285,38,34,4,2,2
S00100286,50,47,3,0,3
S00100287,53,52,1,0,1
S00100288,52,48,4,0,4
S00100289,37,36,1,0,1
S00100290,43,43,0,0,0
S00100291,40,40,0,0,0
S00100292,43,42,1,0,1
S00100293,53,50,3,0,3
S00100294,49,44,5,0,5
S00100295,76,76,0,0,0
S00100296,77,77,0,0,0
S00100297,77,76,1,0,1
S00100298,53,53,0,0,0
S00100299,42,38,4,4,0
S00100300,71,71,0,0,0
S00100301,68,66,2,0,2
S00100302,51,50,1,0,1
S00100303,49,49,0,0,0
S00100304,60,60,0,0,0
S00100305,45,42,3,0,3
S00100306,60,60,0,0,0
S00100307,63,62,1,0,1
S00100308,57,56,1,0,1
S00100309,50,47,3,3,0
S00100310,46,46,0,0,0
S00100311,55,54,1,0,1
S00100312,52,50,2,2,0
S00100313,74,74,0,0,0
S00100314,67,66,1,1,0
S00100315,82,76,6,2,4
S00100316,44,44,0,0,0
S00100317,37,33,4,2,2
S00100318,49,42,7,4,3
S00100319,69,56,13,3,10
S00100320,52,49,3,2,1
S00100321,45,42,3,1,2
S00100322,74,69,5,0,5
S00100323,63,51,12,5,7
S00100324,82,74,8,5,3
S00100325,73,56,17,6,11
S00100326,64,54,10,5,5
S00100327,48,34,14,6,8
S00100328,27,26,1,0,1
S00100329,49,48,1,0,1
S00100330,44,39,5,3,2
S00100331,57,54,3,0,3
S00100332,62,61,1,0,1
S00100333,43,39,4,0,4
S00100334,68,64,4,1,3
S00100335,38,38,0,0,0
S00100336,60,60,0,0,0
S00100337,34,34,0,0,0
S00100338,28,27,1,0,1
S00100339,32,32,0,0,0
S00100340,50,48,2,0,2
S00100341,44,44,0,0,0
S00100342,58,58,0,0,0
S00100343,45,45,0,0,0
S00100344,48,47,1,0,1
S00100345,45,45,0,0,0
S00100346,44,44,0,0,0
S00100347,52,52,0,0,0
S00100348,35,35,0,0,0
S00100349,45,44,1,0,1
S00100350,26,26,0,0,0
S00100351,53,53,0,0,0
S00100352,39,38,1,0,1
S00100353,57,57,0,0,0
S00100354,46,46,0,0,0
S00100355,53,52,1,0,1
S00100356,50,47,3,0,3
S00100357,50,49,1,0,1
S00100358,63,63,0,0,0
S00100359,47,44,3,0,3
S00100360,65,60,5,2,3
S00100361,26,26,0,0,0
S00100362,20,20,0,0,0
S00100363,30,30,0,0,0
S00100364,41,41,0,0,0
S00100365,49,44,5,0,5
S00100366,49,47,2,0,2
S00100367,49,47,2,0,2
S00100368,44,42,2,0,2
S00100369,48,47,1,0,1
S00100370,50,48,2,0,2
S00100371,63,62,1,0,1
S00100372,36,36,0,0,0
S00100373,45,44,1,0,1
S00100374,54,54,0,0,0
S00100375,52,52,0,0,0
S00100376,42,42,0,0,0
S00100377,60,58,2,0,2
S00100378,41,41,0,0,0
S00100379,44,44,0,0,0
S00100380,41,40,1,0,1
S00100381,60,60,0,0,0
S00100382,51,51,0,0,0
S00100383,43,43,0,0,0
S00100384,69,67,2,0,2
S00100385,62,61,1,0,1
S00100386,43,42,1,0,1
S00100387,41,39,2,0,2
S00100388,46,46,0,0,0
S00100389,40,39,1,0,1
S00100390,44,44,0,0,0
S00100391,56,56,0,0,0
S00100392,44,44,0,0,0
S00100393,40,39,1,1,0
S00100394,52,52,0,0,0
S00100395,22,21,1,0,1
S00100396,52,51,1,0,1
S00100397,25,25,0,0,0
S00100398,63,60,3,0,3
S00100399,43,40,3,0,3
S00100400,53,47,6,5,1
S00100401,66,63,3,1,2
S00100402,57,55,2,0,2
S00100403,42,41,1,0,1
S00100404,57,54,3,1,2
S00100405,56,56,0,0,0
S00100406,54,54,0,0,0
S00100407,40,39,1,0,1
S00100408,43,43,0,0,0
S00100409,80,77,3,1,2
S00100410,60,60,0,0,0
S00100411,49,47,2,0,2
S00100412,48,42,6,0,6
S00100413,38,37,1,0,1
S00100414,54,52,2,0,2
S00100415,48,45,3,0,3
S00100416,44,43,1,0,1
S00100417,48,48,0,0,0
S00100418,66,66,0,0,0
S00100419,54,53,1,0,1
S00100420,30,30,0,0,0
S00100421,57,54,3,0,3
S00100422,64,62,2,0,2
S00100423,39,36,3,0,3
S00100424,38,36,2,0,2
S00100425,62,62,0,0,0
S00100426,44,43,1,0,1
S00100427,53,53,0,0,0
S00100428,66,64,2,0,2
S00100429,49,48,1,0,1
S00100430,42,34,8,0,8
S00100431,72,69,3,0,3
S00100432,62,58,4,1,3
S00100433,27,24,3,0,3
S00100434,46,42,4,0,4
S00100435,56,54,2,0,2
S00100436,50,46,4,0,4
S00100437,60,58,2,0,2
S00100438,45,42,3,0,3
S00100439,53,50,3,0,3
S00100440,38,38,0,0,0
S00100441,76,73,3,0,3
S00100442,77,71,6,0,6
S00100443,40,40,0,0,0
S00100444,50,48,2,0,2
S00100445,46,44,2,0,2
S00100446,46,44,2,0,2
S00100447,39,38,1,0,1
S00100448,51,49,2,0,2
S00100449,44,39,5,0,5
S00100450,72,69,3,0,3
S00100451,36,36,0,0,0
S00100452,25,25,0,0,0
S00100453,51,50,1,0,1
S00100454,37,35,2,0,2
S00100455,47,47,0,0,0
S00100456,57,56,1,0,1
S00100457,40,40,0,0,0
S00100458,51,51,0,0,0
S00100459,36,36,0,0,0
S00100460,47,47,0,0,0
S00100461,47,44,3,0,3
S00100462,69,69,0,0,0
S00100463,73,71,2,0,2
S00100464,31,31,0,0,0
S00100465,69,61,8,0,8
S00100466,57,46,11,0,11
S00100467,72,66,6,0,6
S00100468,55,55,0,0,0
S00100469,70,68,2,0,2
S00100470,55,55,0,0,0
S00100471,35,34,1,0,1
S00100472,29,27,2,0,2
S00100473,22,22,0,0,0
S00100474,53,51,2,0,2
S00100475,63,63,0,0,0
S00100476,60,51,9,1,8
S00100477,47,45,2,0,2
S00100478,63,62,1,0,1
S00100479,75,75,0,0,0
S00100480,45,43,2,0,2
S00100481,71,71,0,0,0
S00100482,62,61,1,0,1
S00100483,66,65,1,0,1
S00100484,62,59,3,0,3
S00100485,38,36,2,1,1
S00100486,48,46,2,0,2
S00100487,48,45,3,0,3
S00100488,41,41,0,0,0
S00100489,42,38,4,0,4
S00100490,40,38,2,0,2
S00100491,57,47,10,0,10
S00100492,48,48,0,0,0
S00100493,42,42,0,0,0
S00100494,43,43,0,0,0
S00100495,40,40,0,0,0
S00100496,41,41,0,0,0
S00100497,73,72,1,0,1
S00100498,43,43,0,0,0
S00100499,51,49,2,0,2
S00100500,47,46,1,0,1
S00100501,38,38,0,0,0
S00100502,66,60,6,1,5
S00100503,46,41,5,0,5
S00100504,58,46,12,0,12
S00100505,50,44,6,0,6
S00100506,79,72,7,0,7
S00100507,55,49,6,0,6
S00100508,53,51,2,0,2
S00100509,38,35,3,0,3
S00100510,35,34,1,0,1
S00100511,52,44,8,0,8
S00100512,39,36,3,0,3
S00100513,44,42,2,0,2
S00100514,59,55,4,0,4
S00100515,45,44,1,0,1
S00100516,44,43,1,0,1
S00100517,50,49,1,0,1
S00100518,67,67,0,0,0
S00100519,65,65,0,0,0
S00100520,42,42,0,0,0
S00100521,42,41,1,0,1
S00100522,67,65,2,0,2
S00100523,45,44,1,1,0
S00100524,50,47,3,0,3
S00100525,69,66,3,0,3
S00100526,69,63,6,2,4
S00100527,55,53,2,0,2
S00100528,54,52,2,0,2
S00100529,57,57,0,0,0
S00100530,52,42,10,3,7
S00100531,46,42,4,0,4
S00100532,46,46,0,0,0
S00100533,47,45,2,0,2
S00100534,66,60,6,0,6
S00100535,72,70,2,0,2
S00100536,42,41,1,0,1
S00100537,63,62,1,0,1
S00100538,64,63,1,0,1
S00100539,45,44,1,0,1
S00100540,33,31,2,0,2
S00100541,61,45,16,4,12
S00100542,64,57,7,0,7
S00100543,65,57,8,0,8
S00100544,37,37,0,0,0
S00100545,78,74,4,0,4
S00100546,88,82,6,0,6
S00100547,52,51,1,0,1
S00100548,34,31,3,1,2
S00100549,50,47,3,0,3
S00100550,71,68,3,1,2
S00100551,69,69,0,0,0
S00100552,64,64,0,0,0
S00100553,60,56,4,2,2
S00100554,26,23,3,0,3
S00100555,81,69,12,9,3
S00100556,52,34,18,15,3
S00100557,79,76,3,0,3
S00100558,61,58,3,1,2
S00100559,46,37,9,4,5
S00100560,29,28,1,0,1
S00100561,27,27,0,0,0
S00100562,66,66,0,0,0
S00100563,42,41,1,0,1
S00100564,66,66,0,0,0
S00100565,68,66,2,0,2
S00100566,54,54,0,0,0
S00100567,43,43,0,0,0
S00100568,51,48,3,0,3
S00100569,53,53,0,0,0
S00100570,50,50,0,0,0
S00100571,47,46,1,0,1
S00100572,44,38,6,6,0
S00100573,41,41,0,0,0
S00100574,47,47,0,0,0
S00100575,55,54,1,0,1
S00100576,77,72,5,5,0
S00100577,59,57,2,0,2
S00100578,62,59,3,0,3
S00100579,77,76,1,0,1
S00100580,54,54,0,0,0
S00100581,48,47,1,0,1
S00100582,69,68,1,0,1
S00100583,51,49,2,0,2
S00100584,68,66,2,0,2
S00100585,69,67,2,0,2
S00100586,76,72,4,0,4
S00100587,55,51,4,2,2
S00100588,47,46,1,1,0
S00100589,54,53,1,1,0
S00100590,46,46,0,0,0
S00100591,51,50,1,0,1
S00100592,48,46,2,2,0
S00100593,49,48,1,0,1
S00100594,56,56,0,0,0
S00100595,57,57,0,0,0
S00100596,44,44,0,0,0
S00100597,51,49,2,1,1
S00100598,41,41,0,0,0
S00100599,42,42,0,0,0
S00100600,55,54,1,0,1
S00100601,49,49,0,0,0
S00100602,39,39,0,0,0
S00100603,46,46,0,0,0
S00100604,35,34,1,0,1
S00100605,42,40,2,0,2
S00100606,57,50,7,6,1
S00100607,50,48,2,1,1
S00100608,38,38,0,0,0
S00100609,37,37,0,0,0
S00100610,69,64,5,0,5
S00100611,61,60,1,1,0
S00100612,43,42,1,0,1
S00100613,35,35,0,0,0
S00100614,57,52,5,0,5
S00100615,43,39,4,1,3
S00100616,41,38,3,2,1
S00100617,50,50,0,0,0
S00100618,40,39,1,0,1
S00100619,48,46,2,2,0
S00100620,76,75,1,1,0
S00100621,83,74,9,4,5
S00100622,58,57,1,0,1
S00100623,67,67,0,0,0
S00100624,68,68,0,0,0
S00100625,48,47,1,0,1
S00100626,53,45,8,0,8
S00100627,53,50,3,2,1
S00100628,42,42,0,0,0
S00100629,44,44,0,0,0
S00100630,40,38,2,1,1
S00100631,57,57,0,0,0
S00100632,40,38,2,2,0
S00100633,73,73,0,0,0
S00100634,44,44,0,0,0
S00100635,58,58,0,0,0
S00100636,76,76,0,0,0
S00100637,50,49,1,0,1
S00100638,67,59,8,2,6
S00100639,40,40,0,0,0
S00100640,56,54,2,0,2
S00100641,28,28,0,0,0
S00100642,42,38,4,2,2
S00100643,48,47,1,0,1
S00100644,41,38,3,0,3
S00100645,58,51,7,2,5
S00100646,48,48,0,0,0
S00100647,62,62,0,0,0
S00100648,47,47,0,0,0
S00100649,30,30,0,0,0
S00100650,42,42,0,0,0
S00100651,66,61,5,0,5
S00100652,49,48,1,0,1
S00100653,48,46,2,0,2
S00100654,44,44,0,0,0
S00100655,56,54,2,2,0
S00100656,96,75,21,3,18
S00100657,41,39,2,0,2
S00100658,42,41,1,1,0
S00100659,44,43,1,0,1
S00100660,37,35,2,1,1
S00100661,55,54,1,0,1
S00100662,31,31,0,0,0
S00100663,64,59,5,2,3
S00100664,48,47,1,0,1
S00100665,38,38,0,0,0
S00100666,50,50,0,0,0
S00100667,40,36,4,0,4
S00100668,43,42,1,1,0
S00100669,79,77,2,2,0
S00100670,23,22,1,0,1
S00100671,47,45,2,0,2
S00100672,38,37,1,0,1
S00100673,34,33,1,0,1
S00100674,33,33,0,0,0
S00100675,23,23,0,0,0
S00100676,28,28,0,0,0
S00100677,46,46,0,0,0
S00100678,65,58,7,0,7
S00100679,70,67,3,2,1
S00100680,62,57,5,3,2
S00100681,75,75,0,0,0
S00100682,74,58,16,5,11
S00100683,27,26,1,0,1
S00100684,39,34,5,0,5
S00100685,47,44,3,1,2
S00100686,51,49,2,0,2
S00100687,30,30,0,0,0
S00100688,70,68,2,0,2
S00100689,36,35,1,0,1
S00100690,53,51,2,0,2
S00100691,28,28,0,0,0
S00100692,35,35,0,0,0
S00100693,55,55,0,0,0
S00100694,44,44,0,0,0
S00100695,53,48,5,1,4
S00100696,23,23,0,0,0
S00100697,20,20,0,0,0
S00100698,22,21,1,0,1
S00100699,42,42,0,0,0
S00100700,59,56,3,0,3
S00100701,54,46,8,3,5
S00100702,83,77,6,1,5
S00100703,49,46,3,0,3
S00100704,32,32,0,0,0
S00100705,32,32,0,0,0
S00100706,47,46,1,0,1
S00100707,35,34,1,0,1
S00100708,29,28,1,0,1
S00100709,59,51,8,4,4
S00100710,75,66,9,3,6
S00100711,30,30,0,0,0
S00100712,35,26,9,3,6
S00100713,38,36,2,1,1
S00100714,30,27,3,0,3
S00100715,24,23,1,0,1
S00100716,33,32,1,0,1
S00100717,38,38,0,0,0
S00100718,40,40,0,0,0
S00100719,77,71,6,0,6
S00100720,37,36,1,0,1
S00100721,47,47,0,0,0
S00100722,75,73,2,0,2
S00100723,30,30,0,0,0
S00100724,34,31,3,1,2
S00100725,51,39,12,7,5
S00100726,37,37,0,0,0
S00100727,48,45,3,2,1
S00100728,62,53,9,0,9
S00100729,48,47,1,0,1
S00100730,44,40,4,2,2
S00100731,39,39,0,0,0
S00100732,49,46,3,3,0
S00100733,57,55,2,0,2
S00100734,25,25,0,0,0
S00100735,38,35,3,0,3
S00100736,59,57,2,0,2
S00100737,46,45,1,0,1
S00100738,44,43,1,0,1
S00100739,54,52,2,0,2
S00100740,42,41,1,0,1
S00100741,29,27,2,0,2
S00100742,36,35,1,0,1
S00100743,77,74,3,0,3
S00100744,38,37,1,0,1
S00100745,52,50,2,1,1
S00100746,48,43,5,1,4
S00100747,65,64,1,0,1
S00100748,46,44,2,0,2
S00100749,36,35,1,0,1
S00100750,52,52,0,0,0
S00100751,71,65,6,0,6
S00100752,33,31,2,0,2
S00100753,38,38,0,0,0
S00100754,47,46,1,0,1
S00100755,43,41,2,0,2
S00100756,38,35,3,0,3
S00100757,44,44,0,0,0
S00100758,50,50,0,0,0
S00100759,55,42,13,0,13
S00100760,39,39,0,0,0
S00100761,55,54,1,0,1
S00100762,52,47,5,0,5
S00100763,41,40,1,0,1
S00100764,52,46,6,2,4
S00100765,28,28,0,0,0
S00100766,55,55,0,0,0
S00100767,50,48,2,0,2
S00100768,24,24,0,0,0
S00100769,68,67,1,0,1
S00100770,36,35,1,0,1
S00100771,65,65,0,0,0
S00100772,63,59,4,2,2
S00100773,45,44,1,0,1
S00100774,33,31,2,0,2
S00100775,64,64,0,0,0
S00100776,68,67,1,0,1
S00100777,52,49,3,0,3
S00100778,54,54,0,0,0
S00100779,74,74,0,0,0
S00100780,70,69,1,0,1
S00100781,25,25,0,0,0
S00100782,61,59,2,0,2
S00100783,50,49,1,1,0
S00100784,39,36,3,0,3
S00100785,49,47,2,0,2
S00100786,44,41,3,1,2
S00100787,70,70,0,0,0
S00100788,27,27,0,0,0
S00100789,61,60,1,0,1
S00100790,43,42,1,0,1
S00100791,74,67,7,4,3
S00100792,66,53,13,5,8
S00100793,86,79,7,2,5
S00100794,61,54,7,0,7
S00100795,44,40,4,0,4
S00100796,58,56,2,0,2
S00100797,72,70,2,0,2
S00100798,65,60,5,1,4
S00100799,43,43,0,0,0
S00100800,69,69,0,0,0
S00100801,48,48,0,0,0
S00100802,49,47,2,0,2
S00100803,47,45,2,1,1
S00100804,39,39,0,0,0
S00100805,52,50,2,1,1
S00100806,39,39,0,0,0
S00100807,25,25,0,0,0
S00100808,46,46,0,0,0
S00100809,90,88,2,0,2
S00100810,83,83,0,0,0
S00100811,59,59,0,0,0
S00100812,36,35,1,0,1
S00100813,47,46,1,0,1
S00100814,44,44,0,0,0
S00100815,71,69,2,0,2
S00100816,37,37,0,0,0
S00100817,81,81,0,0,0
S00100818,74,74,0,0,0
S00100819,57,53,4,0,4
S00100820,43,43,0,0,0
S00100821,45,43,2,0,2
S00100822,40,38,2,0,2
S00100823,69,69,0,0,0
S00100824,42,42,0,0,0
S00100825,34,34,0,0,0
S00100826,28,28,0,0,0
S00100827,46,46,0,0,0
S00100828,50,49,1,0,1
S00100829,56,55,1,0,1
S00100830,50,50,0,0,0
S00100831,55,52,3,0,3
S00100832,28,28,0,0,0
S00100833,61,58,3,0,3
S00100834,57,55,2,1,1
S00100835,34,33,1,0,1
S00100836,86,85,1,0,1
S00100837,41,41,0,0,0
S00100838,52,51,1,0,1
S00100839,84,84,0,0,0
S00100840,58,57,1,0,1
S00100841,60,52,8,1,7
S00100842,74,71,3,0,3
S00100843,52,51,1,0,1
S00100844,60,60,0,0,0
S00100845,65,62,3,2,1
S00100846,55,49,6,3,3
S00100847,79,74,5,1,4
S00100848,36,35,1,0,1
S00100849,50,49,1,1,0
S00100850,70,70,0,0,0
S00100851,54,54,0,0,0
S00100852,58,57,1,0,1
S00100853,54,52,2,0,2
S00100854,36,34,2,0,2
S00100855,52,48,4,0,4
S00100856,44,44,0,0,0
S00100857,65,64,1,0,1
S00100858,50,49,1,0,1
S00100859,31,31,0,0,0
S00100860,40,37,3,0,3
S00100861,69,61,8,1,7
S00100862,51,51,0,0,0
S00100863,32,29,3,0,3
S00100864,33,25,8,0,8
S00100865,43,42,1,0,1
S00100866,79,79,0,0,0
S00100867,53,52,1,0,1
S00100868,50,49,1,0,1
S00100869,33,32,1,0,1
S00100870,78,77,1,0,1
S00100871,66,66,0,0,0
S00100872,63,63,0,0,0
S00100873,23,23,0,0,0
S00100874,29,29,0,0,0
S00100875,61,60,1,0,1
S00100876,53,53,0,0,0
S00100877,68,65,3,0,3
S00100878,35,35,0,0,0
S00100879,57,56,1,0,1
S00100880,58,58,0,0,0
S00100881,35,35,0,0,0
S00100882,30,29,1,1,0
S00100883,71,66,5,2,3
S00100884,30,30,0,0,0
S00100885,26,25,1,0,1
S00100886,27,27,0,0,0
S00100887,58,58,0,0,0
S00100888,47,47,0,0,0
S00100889,45,45,0,0,0
S00100890,50,50,0,0,0
S00100891,48,48,0,0,0
S00100892,48,45,3,1,2
S00100893,44,43,1,0,1
S00100894,42,42,0,0,0
S00100895,50,50,0,0,0
S00100896,48,48,0,0,0
S00100897,37,37,0,0,0
S00100898,50,50,0,0,0
S00100899,44,43,1,0,1
S00100900,48,47,1,0,1
S00100901,44,44,0,0,0
S00100902,52,51,1,0,1
S00100903,85,85,0,0,0
S00100904,69,69,0,0,0
S00100905,55,54,1,0,1
S00100906,65,65,0,0,0
S00100907,40,40,0,0,0
S00100908,23,23,0,0,0
S00100909,59,59,0,0,0
S00100910,42,42,0,0,0
S00100911,46,46,0,0,0
S00100912,50,50,0,0,0
S00100913,51,51,0,0,0
S00100914,40,40,0,0,0
S00100915,32,32,0,0,0
S00100916,43,43,0,0,0
S00100917,60,60,0,0,0
S00100918,42,42,0,0,0
S00100919,43,43,0,0,0
S00100920,67,67,0,0,0
S00100921,76,72,4,0,4
S00100922,54,54,0,0,0
S00100923,43,42,1,0,1
S00100924,49,48,1,0,1
S00100925,25,25,0,0,0
S00100926,53,53,0,0,0
S00100927,57,56,1,0,1
S00100928,49,49,0,0,0
S00100929,39,38,1,0,1
S00100930,52,52,0,0,0
S00100931,51,50,1,0,1
S00100932,40,40,0,0,0
S00100933,57,55,2,0,2
S00100934,52,50,2,0,2
S00100935,46,43,3,0,3
S00100936,47,47,0,0,0
S00100937,65,64,1,0,1
S00100938,75,74,1,0,1
S00100939,45,44,1,0,1
S00100940,45,44,1,0,1
S00100941,50,49,1,0,1
S00100942,53,53,0,0,0
S00100943,50,50,0,0,0
S00100944,41,41,0,0,0
S00100945,43,43,0,0,0
S00100946,55,55,0,0,0
S00100947,51,50,1,0,1
S00100948,44,44,0,0,0
S00100949,44,44,0,0,0
S00100950,75,75,0,0,0
S00100951,51,51,0,0,0
S00100952,43,39,4,0,4
S00100953,63,63,0,0,0
S00100954,42,41,1,0,1
S00100955,44,44,0,0,0
S00100956,53,52,1,0,1
S00100957,42,40,2,0,2
S00100958,50,50,0,0,0
S00100959,75,75,0,0,0
S00100960,62,62,0,0,0
S00100961,53,52,1,0,1
S00100962,28,26,2,0,2
S00100963,23,23,0,0,0
S00100964,50,49,1,1,0
S00100965,37,36,1,0,1
S00100966,23,23,0,0,0
S00100967,37,34,3,0,3
S00100968,55,53,2,0,2
S00100969,60,54,6,1,5
S00100970,42,37,5,0,5
S00100971,73,67,6,1,5
S00100972,57,57,0,0,0
S00100973,46,45,1,0,1
S00100974,68,68,0,0,0
S00100975,46,46,0,0,0
S00100976,36,35,1,0,1
S00100977,32,31,1,0,1
S00100978,64,63,1,0,1
S00100979,48,45,3,0,3
S00100980,37,35,2,0,2
S00100981,52,51,1,0,1
S00100982,59,57,2,0,2
S00100983,44,43,1,0,1
S00100984,68,67,1,0,1
S00100985,59,57,2,1,1
S00100986,59,58,1,0,1
S00100987,91,86,5,1,4
S00100988,37,37,0,0,0
S00100989,42,42,0,0,0
S00100990,47,47,0,0,0
S00100991,44,44,0,0,0
S00100992,49,49,0,0,0
S00100993,71,70,1,0,1
S00100994,66,65,1,0,1
S00100995,37,37,0,0,0
S00100996,39,38,1,0,1
S00100997,61,61,0,0,0
S00100998,28,28,0,0,0
S00100999,59,59,0,0,0
S00101000,58,57,1,0,1
S00101001,46,45,1,0,1
S00101002,52,52,0,0,0
S00101003,38,38,0,0,0
S00101004,46,45,1,0,1
S00101005,46,46,0,0,0
S00101006,64,63,1,1,0
S00101007,43,43,0,0,0
S00101008,43,43,0,0,0
S00101009,52,52,0,0,0
S00101010,57,57,0,0,0
S00101011,41,40,1,0,1
S00101012,50,49,1,0,1
S00101013,71,71,0,0,0
S00101014,32,32,0,0,0
S00101015,42,41,1,0,1
S00101016,60,57,3,2,1
S00101017,49,49,0,0,0
S00101018,46,45,1,0,1
S00101019,46,46,0,0,0
S00101020,46,46,0,0,0
S00101021,34,34,0,0,0
S00101022,67,66,1,0,1
S00101023,57,57,0,0,0
S00101024,53,52,1,0,1
S00101025,63,58,5,0,5
S00101026,42,40,2,0,2
S00101027,61,57,4,1,3
S00101028,23,21,2,0,2
S00101029,27,27,0,0,0
S00101030,54,54,0,0,0
S00101031,45,43,2,0,2
S00101032,45,45,0,0,0
S00101033,73,71,2,0,2
S00101034,59,58,1,0,1
S00101035,46,45,1,1,0
S00101036,46,46,0,0,0
S00101037,63,62,1,0,1
S00101038,66,66,0,0,0
S00101039,54,54,0,0,0
S00101040,53,52,1,0,1
S00101041,43,43,0,0,0
S00101042,63,63,0,0,0
S00101043,52,52,0,0,0
S00101044,38,38,0,0,0
S00101045,55,55,0,0,0
S00101046,53,52,1,0,1
S00101047,45,45,0,0,0
S00101048,52,52,0,0,0
S00101049,42,42,0,0,0
S00101050,45,45,0,0,0
S00101051,45,44,1,0,1
S00101052,56,56,0,0,0
S00101053,42,42,0,0,0
S00101054,52,52,0,0,0
S00101055,50,49,1,0,1
S00101056,66,65,1,0,1
S00101057,62,62,0,0,0
S00101058,58,58,0,0,0
S00101059,50,50,0,0,0
S00101060,44,43,1,0,1
S00101061,61,61,0,0,0
S00101062,69,69,0,0,0
S00101063,69,69,0,0,0
S00101064,53,53,0,0,0
S00101065,50,47,3,0,3
S00101066,72,72,0,0,0
S00101067,70,67,3,0,3
S00101068,47,44,3,0,3
S00101069,24,24,0,0,0
S00101070,55,54,1,0,1
S00101071,58,56,2,0,2
S00101072,50,48,2,0,2
S00101073,46,45,1,0,1
S00101074,64,62,2,0,2
S00101075,45,45,0,0,0
S00101076,43,43,0,0,0
S00101077,58,55,3,0,3
S00101078,65,59,6,0,6
S00101079,46,46,0,0,0
S00101080,73,73,0,0,0
S00101081,42,39,3,0,3
S00101082,58,58,0,0,0
S00101083,48,47,1,0,1
S00101084,44,44,0,0,0
S00101085,61,61,0,0,0
S00101086,44,44,0,0,0
S00101087,65,63,2,0,2
S00101088,65,65,0,0,0
S00101089,46,46,0,0,0
S00101090,43,43,0,0,0
S00101091,49,49,0,0,0
S00101092,56,55,1,0,1
S00101093,43,43,0,0,0
S00101094,56,54,2,0,2
S00101095,42,41,1,0,1
S00101096,56,56,0,0,0
S00101097,56,54,2,0,2
S00101098,56,56,0,0,0
S00101099,72,72,0,0,0
S00101100,49,49,0,0,0
S00101101,63,61,2,0,2
S00101102,38,38,0,0,0
S00101103,53,53,0,0,0
S00101104,66,64,2,0,2
S00101105,64,64,0,0,0
S00101106,63,62,1,0,1
S00101107,64,64,0,0,0
S00101108,50,50,0,0,0
S00101109,48,48,0,0,0
S00101110,76,76,0,0,0
S00101111,52,52,0,0,0
S00101112,55,55,0,0,0
S00101113,33,33,0,0,0
S00101114,48,46,2,0,2
S00101115,50,50,0,0,0
S00101116,55,53,2,0,2
S00101117,44,44,0,0,0
S00101118,49,49,0,0,0
S00101119,40,40,0,0,0
S00101120,40,38,2,1,1
S00101121,58,58,0,0,0
S00101122,39,39,0,0,0
S00101123,44,44,0,0,0
S00101124,53,53,0,0,0
S00101125,44,44,0,0,0
S00101126,52,52,0,0,0
S00101127,53,53,0,0,0
S00101128,39,39,0,0,0
S00101129,51,51,0,0,0
S00101130,50,50,0,0,0
S00101131,42,42,0,0,0
S00101132,49,49,0,0,0
S00101133,44,44,0,0,0
S00101134,48,48,0,0,0
S00101135,55,54,1,0,1
S00101136,62,61,1,0,1
S00101137,72,71,1,0,1
S00101138,78,77,1,1,0
S00101139,50,50,0,0,0
S00101140,68,65,3,0,3
S00101141,67,67,0,0,0
S00101142,69,69,0,0,0
S00101143,46,46,0,0,0
S00101144,70,70,0,0,0
S00101145,59,59,0,0,0
S00101146,77,76,1,0,1
S00101147,71,71,0,0,0
S00101148,65,64,1,0,1
S00101149,71,70,1,0,1
S00101150,59,59,0,0,0
S00101151,72,70,2,0,2
S00101152,67,65,2,0,2
S00101153,54,54,0,0,0
S00101154,52,51,1,0,1
S00101155,42,42,0,0,0
S00101156,70,69,1,0,1
S00101157,67,66,1,0,1
S00101158,69,67,2,0,2
S00101159,67,65,2,0,2
S00101160,70,68,2,0,2
S00101161,66,66,0,0,0
S00101162,55,55,0,0,0
S00101163,60,60,0,0,0
S00101164,51,51,0,0,0
S00101165,51,51,0,0,0
S00101166,58,58,0,0,0
S00101167,54,53,1,0,1
S00101168,52,52,0,0,0
S00101169,59,57,2,0,2
S00101170,50,50,0,0,0
S00101171,48,48,0,0,0
S00101172,60,60,0,0,0
S00101173,46,45,1,0,1
S00101174,67,67,0,0,0
S00101175,62,62,0,0,0
S00101176,25,25,0,0,0
S00101177,52,52,0,0,0
S00101178,47,46,1,0,1
S00101179,49,49,0,0,0
S00101180,41,41,0,0,0
S00101181,44,44,0,0,0
S00101182,50,49,1,0,1
S00101183,49,48,1,0,1
S00101184,73,73,0,0,0
S00101185,73,73,0,0,0
S00101186,53,53,0,0,0
S00101187,53,53,0,0,0
S00101188,41,41,0,0,0
S00101189,55,54,1,0,1
S00101190,42,42,0,0,0
S00101191,43,43,0,0,0
S00101192,46,46,0,0,0
S00101193,27,27,0,0,0
S00101194,24,24,0,0,0
S00101195,45,45,0,0,0
S00101196,56,56,0,0,0
S00101197,49,49,0,0,0
S00101198,50,50,0,0,0
S00101199,49,49,0,0,0
S00101200,40,40,0,0,0
S00101201,40,40,0,0,0
S00101202,43,43,0,0,0
S00101203,62,61,1,0,1
S00101204,66,65,1,0,1
S00101205,50,50,0,0,0
S00101206,42,41,1,0,1
S00101207,45,44,1,0,1
S00101208,75,75,0,0,0
S00101209,56,56,0,0,0
S00101210,74,71,3,0,3
S00101211,77,75,2,0,2
S00101212,55,55,0,0,0
S00101213,55,55,0,0,0
S00101214,56,56,0,0,0
S00101215,48,48,0,0,0
S00101216,52,52,0,0,0
S00101217,49,49,0,0,0
S00101218,46,45,1,0,1
S00101219,65,64,1,0,1
S00101220,42,42,0,0,0
S00101221,69,65,4,1,3
S00101222,50,48,2,0,2
S00101223,51,50,1,0,1
S00101224,52,52,0,0,0
S00101225,68,67,1,0,1
S00101226,54,53,1,0,1
S00101227,74,74,0,0,0
S00101228,26,26,0,0,0
S00101229,66,63,3,0,3
S00101230,73,73,0,0,0
S00101231,69,69,0,0,0
S00101232,49,48,1,1,0
S00101233,47,46,1,0,1
S00101234,55,54,1,0,1
S00101235,44,43,1,0,1
S00101236,53,53,0,0,0
S00101237,46,45,1,0,1
S00101238,32,31,1,0,1
S00101239,72,69,3,0,3
S00101240,64,63,1,0,1
S00101241,57,56,1,0,1
S00101242,44,44,0,0,0
S00101243,62,61,1,0,1
S00101244,46,46,0,0,0
S00101245,53,53,0,0,0
S00101246,22,22,0,0,0
S00101247,43,43,0,0,0
S00101248,68,68,0,0,0
S00101249,25,25,0,0,0
S00101250,55,54,1,0,1
S00101251,52,52,0,0,0
S00101252,71,71,0,0,0
S00101253,46,45,1,0,1
S00101254,53,53,0,0,0
S00101255,42,41,1,0,1
S00101256,62,62,0,0,0
S00101257,56,55,1,0,1
S00101258,35,35,0,0,0
S00101259,55,51,4,0,4
S00101260,50,49,1,0,1
S00101261,45,44,1,0,1
S00101262,54,53,1,0,1
S00101263,44,44,0,0,0
S00101264,48,48,0,0,0
S00101265,50,50,0,0,0
S00101266,49,48,1,1,0
S00101267,43,43,0,0,0
S00101268,28,28,0,0,0
S00101269,55,55,0,0,0
S00101270,65,64,1,0,1
S00101271,53,52,1,0,1
S00101272,60,60,0,0,0
S00101273,46,46,0,0,0
S00101274,55,55,0,0,0
S00101275,60,60,0,0,0
S00101276,29,29,0,0,0
S00101277,77,75,2,0,2
S00101278,72,70,2,0,2
S00101279,74,74,0,0,0
S00101280,83,82,1,0,1
S00101281,74,74,0,0,0
S00101282,56,54,2,0,2
S00101283,55,46,9,0,9
S00101284,62,60,2,0,2
S00101285,51,51,0,0,0
S00101286,53,52,1,0,1
S00101287,72,72,0,0,0
S00101288,49,45,4,0,4
S00101289,40,40,0,0,0
S00101290,47,47,0,0,0
S00101291,58,57,1,0,1
S00101292,58,54,4,0,4
S00101293,59,56,3,0,3
S00101294,52,51,1,0,1
S00101295,62,61,1,0,1
S00101296,59,58,1,1,0
S00101297,61,59,2,0,2
S00101298,80,80,0,0,0
S00101299,56,56,0,0,0
S00101300,71,69,2,1,1
S00101301,71,70,1,0,1
S00101302,34,34,0,0,0
S00101303,29,29,0,0,0
S00101304,56,54,2,0,2
S00101305,69,69,0,0,0
S00101306,72,71,1,0,1
S00101307,72,70,2,0,2
S00101308,78,74,4,0,4
S00101309,54,53,1,0,1
S00101310,83,78,5,0,5
S00101311,45,45,0,0,0
S00101312,56,56,0,0,0
S00101313,62,60,2,0,2
S00101314,50,48,2,0,2
S00101315,51,51,0,0,0
S00101316,60,60,0,0,0
S00101317,44,42,2,0,2
S00101318,40,39,1,0,1
S00101319,66,66,0,0,0
S00101320,49,49,0,0,0
S00101321,41,38,3,0,3
S00101322,67,66,1,0,1
S00101323,42,41,1,0,1
S00101324,40,40,0,0,0
S00101325,22,21,1,0,1
S00101326,62,62,0,0,0
S00101327,59,57,2,0,2
S00101328,47,44,3,0,3
S00101329,48,46,2,0,2
S00101330,59,59,0,0,0
S00101331,46,44,2,0,2
S00101332,64,63,1,0,1
S00101333,47,44,3,0,3
S00101334,36,35,1,0,1
S00101335,81,74,7,0,7
S00101336,48,48,0,0,0
S00101337,57,54,3,0,3
S00101338,46,46,0,0,0
S00101339,26,26,0,0,0
S00101340,35,35,0,0,0
S00101341,54,54,0,0,0
S00101342,56,56,0,0,0
S00101343,43,42,1,0,1
S00101344,54,52,2,0,2
S00101345,64,63,1,0,1
S00101346,50,50,0,0,0
S00101347,64,64,0,0,0
S00101348,40,40,0,0,0
S00101349,47,47,0,0,0
S00101350,69,68,1,0,1
S00101351,38,37,1,0,1
S00101352,34,34,0,0,0
S00101353,63,62,1,0,1
S00101354,63,63,0,0,0
S00101355,37,37,0,0,0
S00101356,47,45,2,0,2
S00101357,36,35,1,0,1
S00101358,56,53,3,0,3
S00101359,41,41,0,0,0
S00101360,44,44,0,0,0
S00101361,58,58,0,0,0
S00101362,41,41,0,0,0
S00101363,46,46,0,0,0
S00101364,32,32,0,0,0
S00101365,64,64,0,0,0
S00101366,35,34,1,0,1
S00101367,47,47,0,0,0
S00101368,62,61,1,0,1
S00101369,46,45,1,0,1
S00101370,64,64,0,0,0
S00101371,51,51,0,0,0
S00101372,27,27,0,0,0
S00101373,50,50,0,0,0
S00101374,45,44,1,0,1
S00101375,66,65,1,0,1
S00101376,27,26,1,0,1
S00101377,26,26,0,0,0
S00101378,49,48,1,0,1
S00101379,55,54,1,0,1
S00101380,47,46,1,0,1
S00101381,45,45,0,0,0
S00101382,41,41,0,0,0
S00101383,34,34,0,0,0
S00101384,52,52,0,0,0
S00101385,46,44,2,0,2
S00101386,44,44,0,0,0
S00101387,46,44,2,0,2
S00101388,45,45,0,0,0
S00101389,49,46,3,0,3
S00101390,74,73,1,0,1
S00101391,59,56,3,0,3
S00101392,64,61,3,0,3
S00101393,27,27,0,0,0
S00101394,56,56,0,0,0
S00101395,67,67,0,0,0
S00101396,51,51,0,0,0
S00101397,49,47,2,0,2
S00101398,48,48,0,0,0
S00101399,75,73,2,0,2
S00101400,57,56,1,0,1
S00101401,59,59,0,0,0
S00101402,72,70,2,0,2
S00101403,55,54,1,0,1
S00101404,68,67,1,0,1
S00101405,44,44,0,0,0
S00101406,41,41,0,0,0
S00101407,38,38,0,0,0
S00101408,60,59,1,0,1
S00101409,46,46,0,0,0
S00101410,72,72,0,0,0
S00101411,51,51,0,0,0
S00101412,70,70,0,0,0
S00101413,72,70,2,0,2
S00101414,44,44,0,0,0
S00101415,70,68,2,0,2
S00101416,71,71,0,0,0
S00101417,53,52,1,0,1
S00101418,52,52,0,0,0
S00101419,73,71,2,0,2
S00101420,48,48,0,0,0
S00101421,48,46,2,0,2
S00101422,52,52,0,0,0
S00101423,48,48,0,0,0
S00101424,55,52,3,0,3
S00101425,43,39,4,1,3
S00101426,51,50,1,0,1
S00101427,62,62,0,0,0
S00101428,66,66,0,0,0
S00101429,70,70,0,0,0
S00101430,45,45,0,0,0
S00101431,61,61,0,0,0
S00101432,51,50,1,0,1
S00101433,45,44,1,0,1
S00101434,50,50,0,0,0
S00101435,47,46,1,0,1
S00101436,51,51,0,0,0
S00101437,46,46,0,0,0
S00101438,62,61,1,0,1
S00101439,24,24,0,0,0
S00101440,37,36,1,0,1
S00101441,52,51,1,0,1
S00101442,52,52,0,0,0
S00101443,55,54,1,0,1
S00101444,55,55,0,0,0
S00101445,43,40,3,0,3
S00101446,54,54,0,0,0
S00101447,55,54,1,0,1
S00101448,42,42,0,0,0
S00101449,53,52,1,0,1
S00101450,30,30,0,0,0
S00101451,69,67,2,1,1
S00101452,77,76,1,0,1
S00101453,45,45,0,0,0
S00101454,63,63,0,0,0
S00101455,70,70,0,0,0
S00101456,69,69,0,0,0
S00101457,52,52,0,0,0
S00101458,52,52,0,0,0
S00101459,46,46,0,0,0
S00101460,76,75,1,0,1
S00101461,67,66,1,0,1
S00101462,56,56,0,0,0
S00101463,65,65,0,0,0
S00101464,27,27,0,0,0
S00101465,74,74,0,0,0
S00101466,69,69,0,0,0
S00101467,76,75,1,0,1
S00101468,64,57,7,0,7
S00101469,23,22,1,0,1
S00101470,56,56,0,0,0
S00101471,42,42,0,0,0
S00101472,59,59,0,0,0
S00101473,68,68,0,0,0
S00101474,58,58,0,0,0
S00101475,55,53,2,0,2
S00101476,61,61,0,0,0
S00101477,45,45,0,0,0
S00101478,59,59,0,0,0
S00101479,43,43,0,0,0
S00101480,48,48,0,0,0
S00101481,43,42,1,0,1
S00101482,70,70,0,0,0
S00101483,60,60,0,0,0
S00101484,44,43,1,0,1
S00101485,55,54,1,0,1
S00101486,64,64,0,0,0
S00101487,52,51,1,0,1
S00101488,44,44,0,0,0
S00101489,56,53,3,0,3
S00101490,50,47,3,0,3
S00101491,57,57,0,0,0
S00101492,57,57,0,0,0
S00101493,41,40,1,0,1
S00101494,43,43,0,0,0
S00101495,35,35,0,0,0
S00101496,50,49,1,0,1
S00101497,46,46,0,0,0
S00101498,51,50,1,0,1
S00101499,45,43,2,0,2
S00101500,43,43,0,0,0
S00101501,48,46,2,0,2
S00101502,51,51,0,0,0
S00101503,41,41,0,0,0
S00101504,37,37,0,0,0
S00101505,34,32,2,0,2
S00101506,74,74,0,0,0
S00101507,71,71,0,0,0
S00101508,30,30,0,0,0
S00101509,50,50,0,0,0
S00101510,45,45,0,0,0
S00101511,70,70,0,0,0
S00101512,51,51,0,0,0
S00101513,59,58,1,0,1
S00101514,61,61,0,0,0
S00101515,40,40,0,0,0
S00101516,52,52,0,0,0
S00101517,59,57,2,0,2
S00101518,46,45,1,0,1
S00101519,41,41,0,0,0
S00101520,42,42,0,0,0
S00101521,61,61,0,0,0
S00101522,67,64,3,0,3
S00101523,47,44,3,0,3
S00101524,49,48,1,0,1
S00101525,48,48,0,0,0
S00101526,42,40,2,0,2
S00101527,71,70,1,1,0
S00101528,28,28,0,0,0
S00101529,67,66,1,0,1
S00101530,60,59,1,0,1
S00101531,45,45,0,0,0
S00101532,69,68,1,0,1
S00101533,80,77,3,0,3
S00101534,70,68,2,0,2
S00101535,48,48,0,0,0
S00101536,43,43,0,0,0
S00101537,56,55,1,0,1
S00101538,45,41,4,0,4
S00101539,67,59,8,0,8
S00101540,65,63,2,1,1
S00101541,48,47,1,0,1
S00101542,67,67,0,0,0
S00101543,51,51,0,0,0
S00101544,29,29,0,0,0
S00101545,71,71,0,0,0
S00101546,68,67,1,0,1
S00101547,56,55,1,0,1
S00101548,26,25,1,0,1
S00101549,71,71,0,0,0
S00101550,55,54,1,0,1
S00101551,76,76,0,0,0
S00101552,63,60,3,0,3
S00101553,51,51,0,0,0
S00101554,26,26,0,0,0
S00101555,49,47,2,0,2
S00101556,31,30,1,0,1
S00101557,43,42,1,0,1
S00101558,40,40,0,0,0
S00101559,54,53,1,0,1
S00101560,25,25,0,0,0
S00101561,45,29,16,0,16
S00101562,54,54,0,0,0
S00101563,24,24,0,0,0
S00101564,30,28,2,0,2
S00101565,54,54,0,0,0
S00101566,72,70,2,0,2
S00101567,40,40,0,0,0
S00101568,40,38,2,1,1
S00101569,37,35,2,0,2
S00101570,34,34,0,0,0
S00101571,47,47,0,0,0
S00101572,26,25,1,0,1
S00101573,70,68,2,0,2
S00101574,25,22,3,0,3
S00101575,33,33,0,0,0
S00101576,27,27,0,0,0
S00101577,52,50,2,0,2
S00101578,41,41,0,0,0
S00101579,52,52,0,0,0
S00101580,73,72,1,0,1
S00101581,33,33,0,0,0
S00101582,35,35,0,0,0
S00101583,42,41,1,0,1
S00101584,60,59,1,0,1
S00101585,40,39,1,0,1
S00101586,66,47,19,0,19
S00101587,54,51,3,0,3
S00101588,47,47,0,0,0
S00101589,51,50,1,0,1
S00101590,30,30,0,0,0
S00101591,79,77,2,0,2
S00101592,65,65,0,0,0
S00101593,39,38,1,0,1
S00101594,62,61,1,0,1
S00101595,29,29,0,0,0
S00101596,36,36,0,0,0
S00101597,62,61,1,0,1
S00101598,28,28,0,0,0
S00101599,24,24,0,0,0
S00101600,35,35,0,0,0
S00101601,49,47,2,0,2
S00101602,38,37,1,0,1
S00101603,35,35,0,0,0
S00101604,63,63,0,0,0
S00101605,42,41,1,0,1
S00101606,48,48,0,0,0
S00101607,63,62,1,0,1
S00101608,36,36,0,0,0
S00101609,42,41,1,0,1
S00101610,34,34,0,0,0
S00101611,31,31,0,0,0
S00101612,49,45,4,0,4
S00101613,33,33,0,0,0
S00101614,22,22,0,0,0
S00101615,55,54,1,0,1
S00101616,37,37,0,0,0
S00101617,38,38,0,0,0
S00101618,41,41,0,0,0
S00101619,49,48,1,0,1
S00101620,34,33,1,0,1
S00101621,24,23,1,0,1
S00101622,35,35,0,0,0
S00101623,25,25,0,0,0
S00101624,58,56,2,0,2
S00101625,39,39,0,0,0
S00101626,48,46,2,0,2
S00101627,65,65,0,0,0
S00101628,31,30,1,0,1
S00101629,55,55,0,0,0
S00101630,36,36,0,0,0
S00101631,30,30,0,0,0
S00101632,57,57,0,0,0
S00101633,72,72,0,0,0
S00101634,57,57,0,0,0
S00101635,34,34,0,0,0
S00101636,64,64,0,0,0
S00101637,70,69,1,1,0
S00101638,54,54,0,0,0
S00101639,35,34,1,0,1
S00101640,46,46,0,0,0
S00101641,82,76,6,2,4
S00101642,47,47,0,0,0
S00101643,44,44,0,0,0
S00101644,39,38,1,0,1
S00101645,45,45,0,0,0
S00101646,43,42,1,0,1
S00101647,37,37,0,0,0
S00101648,23,23,0,0,0
S00101649,69,68,1,0,1
S00101650,51,51,0,0,0
S00101651,51,48,3,0,3
S00101652,20,20,0,0,0
S00101653,52,52,0,0,0
S00101654,86,86,0,0,0
S00101655,78,77,1,1,0
S00101656,45,44,1,0,1
S00101657,57,57,0,0,0
S00101658,29,29,0,0,0
S00101659,59,58,1,1,0
S00101660,75,75,0,0,0
S00101661,48,48,0,0,0
S00101662,36,35,1,0,1
S00101663,67,64,3,1,2
S00101664,24,24,0,0,0
S00101665,36,36,0,0,0
S00101666,26,24,2,0,2
S00101667,49,48,1,0,1
S00101668,57,57,0,0,0
S00101669,36,34,2,0,2
S00101670,46,46,0,0,0
S00101671,38,38,0,0,0
S00101672,56,56,0,0,0
S00101673,81,81,0,0,0
S00101674,39,39,0,0,0
S00101675,45,45,0,0,0
S00101676,35,35,0,0,0
S00101677,57,57,0,0,0
S00101678,47,46,1,0,1
S00101679,43,43,0,0,0
S00101680,48,47,1,0,1
S00101681,37,36,1,0,1
S00101682,62,62,0,0,0
S00101683,84,82,2,0,2
S00101684,64,64,0,0,0
S00101685,22,21,1,0,1
S00101686,88,86,2,0,2
S00101687,26,26,0,0,0
S00101688,59,58,1,0,1
S00101689,67,67,0,0,0
S00101690,70,69,1,0,1
S00101691,33,32,1,0,1
S00101692,44,38,6,0,6
S00101693,47,45,2,0,2
S00101694,77,76,1,0,1
S00101695,57,52,5,0,5
S00101696,43,41,2,0,2
S00101697,47,47,0,0,0
S00101698,65,65,0,0,0
S00101699,40,40,0,0,0
S00101700,61,59,2,0,2
S00101701,25,23,2,0,2
S00101702,53,50,3,0,3
S00101703,31,31,0,0,0
S00101704,36,36,0,0,0
S00101705,44,44,0,0,0
S00101706,36,36,0,0,0
S00101707,45,45,0,0,0
S00101708,57,57,0,0,0
S00101709,59,55,4,0,4
S00101710,53,53,0,0,0
S00101711,27,27,0,0,0
S00101712,45,43,2,0,2
S00101713,42,41,1,0,1
S00101714,33,33,0,0,0
S00101715,59,57,2,0,2
S00101716,54,54,0,0,0
S00101717,56,54,2,0,2
S00101718,40,38,2,0,2
S00101719,45,43,2,0,2
S00101720,32,30,2,0,2
S00101721,54,53,1,0,1
S00101722,58,57,1,0,1
S00101723,39,36,3,0,3
S00101724,49,48,1,0,1
S00101725,38,38,0,0,0
S00101726,49,49,0,0,0
S00101727,46,45,1,0,1
S00101728,21,21,0,0,0
S00101729,65,65,0,0,0
S00101730,33,33,0,0,0
S00101731,59,56,3,0,3
S00101732,24,22,2,0,2
S00101733,87,85,2,0,2
S00101734,36,35,1,0,1
S00101735,50,50,0,0,0
S00101736,56,56,0,0,0
S00101737,42,41,1,1,0
S00101738,58,52,6,1,5
S00101739,27,27,0,0,0
S00101740,56,55,1,0,1
S00101741,80,77,3,2,1
S00101742,61,51,10,5,5
S00101743,84,83,1,0,1
S00101744,36,33,3,1,2
S00101745,31,27,4,1,3
S00101746,62,59,3,0,3
S00101747,22,21,1,1,0
S00101748,27,26,1,0,1
S00101749,60,59,1,1,0
S00101750,43,43,0,0,0
S00101751,69,68,1,1,0
S00101752,56,50,6,0,6
S00101753,79,77,2,0,2
S00101754,50,50,0,0,0
S00101755,49,49,0,0,0
S00101756,90,87,3,1,2
S00101757,60,59,1,0,1
S00101758,70,68,2,0,2
S00101759,94,94,0,0,0
S00101760,24,24,0,0,0
S00101761,76,76,0,0,0
S00101762,25,25,0,0,0
S00101763,32,32,0,0,0
S00101764,43,38,5,2,3
S00101765,48,46,2,1,1
S00101766,43,42,1,1,0
S00101767,61,58,3,0,3
S00101768,57,56,1,0,1
S00101769,29,29,0,0,0
S00101770,50,45,5,4,1
S00101771,68,64,4,1,3
S00101772,45,42,3,2,1
S00101773,57,53,4,2,2
S00101774,70,68,2,2,0
S00101775,91,69,22,8,14
S00101776,48,46,2,0,2
S00101777,57,51,6,4,2
S00101778,66,59,7,7,0
S00101779,73,73,0,0,0
S00101780,39,31,8,0,8
S00101781,51,48,3,0,3
S00101782,40,36,4,0,4
S00101783,44,44,0,0,0
S00101784,37,36,1,1,0
S00101785,48,45,3,0,3
S00101786,58,56,2,0,2
S00101787,45,43,2,0,2
S00101788,40,39,1,0,1
S00101789,34,33,1,1,0
S00101790,46,45,1,0,1
S00101791,61,50,11,10,1
S00101792,39,29,10,10,0
S00101793,78,77,1,1,0
S00101794,60,52,8,8,0
S00101795,26,26,0,0,0
S00101796,66,60,6,0,6
S00101797,41,40,1,1,0
S00101798,67,64,3,2,1
S00101799,57,53,4,2,2
S00101800,76,75,1,0,1
S00101801,68,66,2,1,1
S00101802,72,57,15,10,5
S00101803,36,32,4,1,3
S00101804,50,47,3,3,0
S00101805,27,25,2,0,2
S00101806,68,47,21,0,21
S00101807,36,34,2,1,1
S00101808,78,77,1,1,0
S00101809,65,61,4,1,3
S00101810,29,25,4,4,0
S00101811,55,55,0,0,0
S00101812,51,50,1,0,1
S00101813,57,51,6,6,0
S00101814,40,39,1,1,0
S00101815,32,27,5,5,0
S00101816,42,41,1,0,1
S00101817,74,72,2,0,2
S00101818,44,42,2,2,0
S00101819,25,25,0,0,0
S00101820,55,54,1,0,1
S00101821,82,76,6,5,1
S00101822,33,29,4,4,0
S00101823,45,39,6,6,0
S00101824,50,50,0,0,0
S00101825,57,55,2,2,0
S00101826,54,53,1,0,1
S00101827,54,52,2,2,0
S00101828,80,77,3,0,3
S00101829,60,59,1,0,1
S00101830,79,72,7,3,4
S00101831,62,57,5,4,1
S00101832,80,77,3,2,1
S00101833,62,60,2,1,1
S00101834,50,48,2,1,1
S00101835,42,40,2,2,0
S00101836,49,46,3,2,1
S00101837,50,46,4,4,0
S00101838,58,57,1,0,1
S00101839,53,50,3,3,0
S00101840,40,40,0,0,0
S00101841,56,55,1,0,1
S00101842,59,57,2,1,1
S00101843,64,64,0,0,0
S00101844,63,62,1,1,0
S00101845,70,65,5,2,3
S00101846,65,63,2,0,2
S00101847,54,54,0,0,0
S00101848,67,67,0,0,0
S00101849,39,38,1,0,1
S00101850,46,45,1,0,1
S00101851,69,68,1,0,1
S00101852,67,65,2,1,1
S00101853,46,45,1,0,1
S00101854,46,41,5,4,1
S00101855,36,36,0,0,0
S00101856,44,43,1,0,1
S00101857,64,62,2,0,2
S00101858,65,62,3,2,1
S00101859,54,54,0,0,0
S00101860,62,62,0,0,0
S00101861,40,40,0,0,0
S00101862,24,24,0,0,0
S00101863,33,33,0,0,0
S00101864,31,31,0,0,0
S00101865,40,40,0,0,0
S00101866,49,49,0,0,0
S00101867,40,40,0,0,0
S00101868,46,46,0,0,0
S00101869,48,48,0,0,0
S00101870,78,70,8,2,6
S00101871,66,60,6,0,6
S00101872,53,53,0,0,0
S00101873,61,60,1,0,1
S00101874,33,32,1,0,1
S00101875,39,38,1,1,0
S00101876,59,55,4,0,4
S00101877,87,87,0,0,0
S00101878,40,40,0,0,0
S00101879,53,52,1,0,1
S00101880,52,49,3,0,3
S00101881,73,72,1,0,1
S00101882,59,56,3,2,1
S00101883,57,55,2,0,2
S00101884,50,48,2,0,2
S00101885,45,43,2,0,2
S00101886,49,48,1,0,1
S00101887,47,45,2,0,2
S00101888,68,67,1,0,1
S00101889,51,48,3,1,2
S00101890,70,67,3,2,1
S00101891,45,45,0,0,0
S00101892,72,66,6,1,5
S00101893,74,68,6,0,6
S00101894,79,77,2,0,2
S00101895,43,43,0,0,0
S00101896,41,41,0,0,0
S00101897,55,55,0,0,0
S00101898,68,67,1,0,1
S00101899,59,58,1,0,1
S00101900,40,40,0,0,0
S00101901,58,56,2,0,2
S00101902,70,63,7,4,3
S00101903,64,63,1,0,1
S00101904,52,51,1,0,1
S00101905,42,42,0,0,0
S00101906,49,48,1,0,1
S00101907,53,53,0,0,0
S00101908,52,51,1,0,1
S00101909,64,64,0,0,0
S00101910,44,44,0,0,0
S00101911,60,57,3,0,3
S00101912,46,45,1,1,0
S00101913,48,47,1,1,0
S00101914,44,44,0,0,0
S00101915,58,57,1,0,1
S00101916,72,70,2,0,2
S00101917,71,70,1,0,1
S00101918,77,75,2,0,2
S00101919,47,47,0,0,0
S00101920,48,47,1,0,1
S00101921,48,46,2,2,0
S00101922,51,49,2,2,0
S00101923,41,41,0,0,0
S00101924,64,64,0,0,0
S00101925,78,75,3,1,2
S00101926,53,53,0,0,0
S00101927,48,47,1,0,1
S00101928,48,46,2,0,2
S00101929,51,47,4,3,1
S00101930,43,43,0,0,0
S00101931,65,64,1,0,1
S00101932,65,64,1,0,1
S00101933,44,43,1,0,1
S00101934,47,44,3,2,1
S00101935,41,38,3,3,0
S00101936,37,34,3,0,3
S00101937,55,47,8,0,8
S00101938,39,36,3,0,3
S00101939,58,57,1,1,0
S00101940,24,24,0,0,0
S00101941,49,49,0,0,0
S00101942,48,48,0,0,0
S00101943,47,46,1,0,1
S00101944,70,68,2,0,2
S00101945,46,46,0,0,0
S00101946,49,47,2,0,2
S00101947,49,49,0,0,0
S00101948,52,51,1,0,1
S00101949,44,42,2,0,2
S00101950,44,44,0,0,0
S00101951,68,67,1,0,1
S00101952,66,64,2,0,2
S00101953,65,65,0,0,0
S00101954,45,43,2,0,2
S00101955,42,42,0,0,0
S00101956,51,50,1,0,1
S00101957,49,47,2,0,2
S00101958,50,49,1,0,1
S00101959,84,82,2,0,2
S00101960,60,59,1,0,1
S00101961,40,37,3,0,3
S00101962,42,42,0,0,0
S00101963,60,59,1,0,1
S00101964,48,45,3,0,3
S00101965,44,44,0,0,0
S00101966,40,39,1,1,0
S00101967,47,46,1,0,1
S00101968,58,56,2,0,2
S00101969,41,41,0,0,0
S00101970,67,66,1,0,1
S00101971,61,60,1,0,1
S00101972,78,78,0,0,0
S00101973,41,39,2,0,2
S00101974,40,38,2,1,1
S00101975,50,50,0,0,0
S00101976,82,81,1,0,1
S00101977,63,62,1,0,1
S00101978,45,44,1,0,1
S00101979,49,49,0,0,0
S00101980,58,56,2,0,2
S00101981,78,76,2,1,1
S00101982,57,55,2,1,1
S00101983,78,76,2,0,2
S00101984,60,60,0,0,0
S00101985,64,62,2,0,2
S00101986,69,69,0,0,0
S00101987,74,73,1,0,1
S00101988,53,51,2,0,2
S00101989,46,46,0,0,0
S00101990,79,77,2,0,2
S00101991,49,47,2,1,1
S00101992,41,40,1,0,1
S00101993,61,59,2,0,2
S00101994,56,56,0,0,0
S00101995,64,64,0,0,0
S00101996,42,42,0,0,0
S00101997,65,64,1,0,1
S00101998,66,66,0,0,0
S00101999,59,58,1,0,1
S00102000,69,69,0,0,0
S00102001,55,51,4,2,2
S00102002,48,46,2,1,1
S00102003,59,48,11,0,11
S00102004,58,54,4,1,3
S00102005,45,45,0,0,0
S00102006,81,75,6,1,5
S00102007,68,67,1,0,1
S00102008,50,50,0,0,0
S00102009,67,55,12,2,10
S00102010,77,75,2,0,2
S00102011,56,55,1,0,1
S00102012,74,73,1,0,1
S00102013,60,58,2,0,2
S00102014,26,26,0,0,0
S00102015,64,59,5,3,2
S00102016,55,54,1,1,0
S00102017,62,59,3,2,1
S00102018,53,51,2,0,2
S00102019,81,77,4,0,4
S00102020,60,56,4,0,4
S00102021,40,40,0,0,0
S00102022,42,41,1,0,1
S00102023,52,50,2,0,2
S00102024,49,49,0,0,0
S00102025,64,64,0,0,0
S00102026,76,74,2,0,2
S00102027,54,54,0,0,0
S00102028,39,39,0,0,0
S00102029,49,49,0,0,0
S00102030,50,49,1,1,0
S00102031,45,43,2,1,1
S00102032,45,44,1,0,1
S00102033,72,71,1,0,1
S00102034,59,57,2,0,2
S00102035,49,49,0,0,0
S00102036,53,51,2,0,2
S00102037,46,46,0,0,0
S00102038,42,42,0,0,0
S00102039,56,55,1,0,1
S00102040,42,40,2,1,1
S00102041,40,39,1,1,0
S00102042,54,53,1,0,1
S00102043,36,35,1,0,1
S00102044,53,52,1,0,1
S00102045,33,33,0,0,0
S00102046,45,44,1,1,0
S00102047,62,61,1,0,1
S00102048,66,66,0,0,0
S00102049,47,45,2,1,1
S00102050,40,39,1,0,1
S00102051,52,51,1,0,1
S00102052,48,48,0,0,0
S00102053,48,48,0,0,0
S00102054,76,75,1,0,1
S00102055,50,47,3,3,0
S00102056,47,45,2,1,1
S00102057,57,57,0,0,0
S00102058,47,47,0,0,0
S00102059,77,77,0,0,0
S00102060,66,66,0,0,0
S00102061,61,59,2,0,2
S00102062,52,52,0,0,0
S00102063,51,49,2,0,2
S00102064,65,63,2,0,2
S00102065,48,46,2,1,1
S00102066,56,56,0,0,0
S00102067,50,50,0,0,0
S00102068,49,48,1,0,1
S00102069,58,57,1,0,1
S00102070,42,41,1,0,1
S00102071,77,76,1,0,1
S00102072,43,43,0,0,0
S00102073,51,51,0,0,0
S00102074,41,41,0,0,0
S00102075,66,61,5,1,4
S00102076,64,62,2,2,0
S00102077,42,40,2,0,2
S00102078,60,56,4,2,2
S00102079,45,43,2,2,0
S00102080,41,38,3,2,1
S00102081,72,67,5,4,1
S00102082,53,52,1,1,0
S00102083,64,58,6,5,1
S00102084,52,51,1,0,1
S00102085,66,66,0,0,0
S00102086,57,56,1,0,1
S00102087,53,53,0,0,0
S00102088,54,54,0,0,0
S00102089,43,43,0,0,0
S00102090,54,53,1,0,1
S00102091,42,41,1,0,1
S00102092,46,45,1,0,1
S00102093,42,41,1,0,1
S00102094,45,43,2,1,1
S00102095,69,65,4,1,3
S00102096,63,61,2,0,2
S00102097,44,43,1,0,1
S00102098,46,46,0,0,0
S00102099,77,75,2,0,2
S00102100,62,56,6,2,4
S00102101,57,56,1,0,1
S00102102,41,40,1,0,1
S00102103,50,47,3,0,3
S00102104,51,48,3,0,3
S00102105,54,53,1,0,1
S00102106,40,40,0,0,0
S00102107,42,42,0,0,0
S00102108,51,50,1,0,1
S00102109,46,46,0,0,0
S00102110,42,41,1,0,1
S00102111,40,40,0,0,0
S00102112,58,57,1,0,1
S00102113,41,40,1,0,1
S00102114,49,48,1,0,1
S00102115,65,65,0,0,0
S00102116,45,45,0,0,0
S00102117,52,51,1,0,1
S00102118,54,53,1,1,0
S00102119,44,43,1,0,1
S00102120,48,47,1,0,1
S00102121,45,45,0,0,0
S00102122,53,53,0,0,0
S00102123,48,46,2,0,2
S00102124,78,78,0,0,0
S00102125,71,69,2,0,2
S00102126,26,26,0,0,0
S00102127,43,42,1,0,1
S00102128,48,47,1,0,1
S00102129,45,45,0,0,0
S00102130,44,44,0,0,0
S00102131,72,69,3,0,3
S00102132,43,42,1,0,1
S00102133,52,51,1,0,1
S00102134,52,50,2,0,2
S00102135,67,66,1,0,1
S00102136,41,40,1,0,1
S00102137,47,47,0,0,0
S00102138,58,55,3,0,3
S00102139,39,39,0,0,0
S00102140,69,65,4,0,4
S00102141,48,47,1,0,1
S00102142,50,50,0,0,0
S00102143,50,48,2,0,2
S00102144,61,61,0,0,0
S00102145,43,43,0,0,0
S00102146,50,49,1,1,0
S00102147,48,47,1,0,1
S00102148,58,57,1,0,1
S00102149,44,44,0,0,0
S00102150,43,43,0,0,0
S00102151,56,55,1,0,1
S00102152,41,36,5,1,4
S00102153,57,52,5,0,5
S00102154,55,46,9,0,9
S00102155,52,51,1,0,1
S00102156,42,41,1,0,1
S00102157,55,52,3,2,1
S00102158,47,46,1,0,1
S00102159,77,72,5,4,1
S00102160,64,63,1,0,1
S00102161,43,42,1,1,0
S00102162,49,48,1,1,0
S00102163,47,46,1,0,1
S00102164,46,43,3,1,2
S00102165,68,64,4,0,4
S00102166,77,73,4,4,0
S00102167,69,69,0,0,0
S00102168,40,40,0,0,0
S00102169,74,74,0,0,0
S00102170,41,40,1,1,0
S00102171,57,55,2,0,2
S00102172,51,50,1,0,1
S00102173,65,63,2,0,2
S00102174,55,55,0,0,0
S00102175,70,64,6,0,6
S00102176,45,45,0,0,0
S00102177,53,52,1,0,1
S00102178,49,47,2,0,2
S00102179,26,25,1,0,1
S00102180,71,71,0,0,0
S00102181,46,46,0,0,0
S00102182,46,43,3,0,3
S00102183,76,76,0,0,0
S00102184,74,74,0,0,0
S00102185,57,57,0,0,0
S00102186,53,53,0,0,0
S00102187,64,64,0,0,0
S00102188,50,50,0,0,0
S00102189,60,60,0,0,0
S00102190,46,45,1,0,1
S00102191,45,44,1,0,1
S00102192,70,67,3,0,3
S00102193,67,67,0,0,0
S00102194,65,65,0,0,0
S00102195,67,66,1,1,0
S00102196,47,47,0,0,0
S00102197,43,43,0,0,0
S00102198,35,34,1,1,0
S00102199,41,41,0,0,0
S00102200,43,42,1,1,0
S00102201,39,37,2,0,2
S00102202,62,58,4,3,1
S00102203,83,81,2,1,1
S00102204,40,35,5,1,4
S00102205,55,54,1,0,1
S00102206,42,41,1,0,1
S00102207,62,60,2,0,2
S00102208,57,54,3,0,3
S00102209,42,41,1,1,0
S00102210,72,71,1,0,1
S00102211,62,59,3,2,1
S00102212,64,61,3,0,3
S00102213,72,69,3,0,3
S00102214,40,40,0,0,0
S00102215,31,31,0,0,0
S00102216,35,34,1,0,1
S00102217,42,42,0,0,0
S00102218,40,40,0,0,0
S00102219,72,72,0,0,0
S00102220,58,57,1,0,1
S00102221,38,36,2,0,2
S00102222,42,42,0,0,0
S00102223,73,70,3,2,1
S00102224,43,42,1,1,0
S00102225,40,40,0,0,0
S00102226,54,54,0,0,0
S00102227,48,48,0,0,0
S00102228,47,47,0,0,0
S00102229,69,67,2,1,1
S00102230,66,66,0,0,0
S00102231,45,44,1,0,1
S00102232,38,37,1,0,1
S00102233,62,61,1,0,1
S00102234,66,64,2,0,2
S00102235,44,44,0,0,0
S00102236,46,45,1,0,1
S00102237,67,65,2,2,0
S00102238,67,65,2,1,1
S00102239,34,34,0,0,0
S00102240,51,50,1,1,0
S00102241,54,54,0,0,0
S00102242,59,57,2,1,1
S00102243,28,27,1,0,1
S00102244,37,35,2,0,2
S00102245,57,49,8,1,7
S00102246,57,57,0,0,0
S00102247,57,55,2,0,2
S00102248,42,41,1,0,1
S00102249,40,39,1,0,1
S00102250,49,48,1,0,1
S00102251,53,50,3,1,2
S00102252,44,43,1,1,0
S00102253,68,68,0,0,0
S00102254,60,58,2,0,2
S00102255,59,57,2,0,2
S00102256,50,50,0,0,0
S00102257,26,26,0,0,0
S00102258,54,53,1,0,1
S00102259,60,60,0,0,0
S00102260,45,44,1,0,1
S00102261,40,40,0,0,0
S00102262,57,54,3,2,1
S00102263,69,66,3,1,2
S00102264,50,47,3,1,2
S00102265,28,27,1,1,0
S00102266,77,73,4,2,2
S00102267,38,36,2,1,1
S00102268,45,44,1,1,0
S00102269,48,45,3,1,2
S00102270,65,65,0,0,0
S00102271,78,76,2,1,1
S00102272,45,42,3,1,2
S00102273,65,64,1,0,1
S00102274,36,36,0,0,0
S00102275,52,49,3,1,2
S00102276,65,64,1,0,1
S00102277,49,46,3,3,0
S00102278,45,44,1,1,0
S00102279,46,42,4,4,0
S00102280,46,45,1,1,0
S00102281,52,49,3,2,1
S00102282,40,36,4,2,2
S00102283,61,48,13,3,10
S00102284,59,55,4,2,2
S00102285,76,67,9,5,4
S00102286,47,41,6,3,3
S00102287,42,39,3,2,1
S00102288,79,70,9,1,8
S00102289,62,52,10,9,1
S00102290,69,64,5,1,4
S00102291,73,64,9,9,0
S00102292,27,27,0,0,0
S00102293,40,39,1,1,0
S00102294,44,44,0,0,0
S00102295,41,40,1,0,1
S00102296,47,45,2,1,1
S00102297,39,38,1,0,1
S00102298,53,52,1,0,1
S00102299,74,72,2,0,2
S00102300,49,40,9,4,5
S00102301,50,50,0,0,0
S00102302,43,42,1,0,1
S00102303,61,59,2,0,2
S00102304,56,50,6,0,6
S00102305,21,21,0,0,0
S00102306,51,33,18,16,2
S00102307,52,46,6,4,2
S00102308,51,40,11,10,1
S00102309,64,55,9,9,0
S00102310,82,77,5,3,2
S00102311,75,73,2,1,1
S00102312,62,62,0,0,0
S00102313,51,51,0,0,0
S00102314,49,44,5,5,0
S00102315,52,52,0,0,0
S00102316,53,48,5,5,0
S00102317,59,58,1,1,0
S00102318,42,39,3,1,2
S00102319,83,76,7,5,2
S00102320,83,66,17,14,3
S00102321,56,53,3,2,1
S00102322,65,62,3,3,0
S00102323,44,43,1,1,0
S00102324,41,40,1,1,0
S00102325,39,39,0,0,0
S00102326,46,40,6,6,0
S00102327,59,48,11,10,1
S00102328,42,36,6,6,0
S00102329,100,73,27,27,0
S00102330,87,77,10,10,0
S00102331,55,50,5,4,1
S00102332,64,49,15,14,1
S00102333,53,52,1,1,0
S00102334,41,39,2,2,0
S00102335,67,67,0,0,0
S00102336,72,71,1,1,0
S00102337,64,58,6,6,0
S00102338,58,56,2,1,1
S00102339,61,53,8,5,3
S00102340,21,21,0,0,0
S00102341,78,62,16,14,2
S00102342,54,47,7,6,1
S00102343,61,54,7,6,1
S00102344,70,57,13,12,1
S00102345,62,54,8,6,2
S00102346,36,33,3,3,0
S00102347,86,76,10,9,1
S00102348,84,70,14,12,2
S00102349,80,38,42,41,1
S00102350,74,58,16,13,3
S00102351,83,68,15,15,0
S00102352,72,44,28,27,1
S00102353,63,61,2,2,0
S00102354,45,42,3,1,2
S00102355,48,47,1,0,1
S00102356,48,48,0,0,0
S00102357,50,50,0,0,0
S00102358,44,44,0,0,0
S00102359,55,54,1,0,1
S00102360,44,44,0,0,0
S00102361,70,69,1,0,1
S00102362,50,50,0,0,0
S00102363,36,36,0,0,0
S00102364,56,50,6,6,0
S00102365,41,37,4,0,4
S00102366,66,66,0,0,0
S00102367,75,71,4,2,2
S00102368,63,61,2,2,0
S00102369,52,44,8,6,2
S00102370,59,59,0,0,0
S00102371,68,64,4,3,1
S00102372,72,70,2,0,2
S00102373,67,66,1,0,1
S00102374,43,39,4,2,2
S00102375,57,55,2,0,2
S00102376,24,23,1,0,1
S00102377,49,49,0,0,0
S00102378,35,34,1,0,1
S00102379,75,72,3,3,0
S00102380,42,41,1,0,1
S00102381,44,43,1,1,0
S00102382,47,47,0,0,0
S00102383,24,23,1,1,0
S00102384,39,37,2,0,2
S00102385,24,23,1,1,0
S00102386,30,29,1,0,1
S00102387,44,39,5,1,4
S00102388,63,62,1,0,1
S00102389,65,63,2,0,2
S00102390,50,49,1,0,1
S00102391,31,31,0,0,0
S00102392,42,42,0,0,0
S00102393,48,45,3,2,1
S00102394,43,42,1,0,1
S00102395,54,54,0,0,0
S00102396,69,68,1,0,1
S00102397,75,73,2,0,2
S00102398,63,59,4,3,1
S00102399,27,26,1,0,1
S00102400,53,53,0,0,0
S00102401,49,49,0,0,0
S00102402,36,36,0,0,0
S00102403,46,45,1,0,1
S00102404,35,35,0,0,0
S00102405,29,27,2,0,2
S00102406,79,75,4,0,4
S00102407,62,62,0,0,0
S00102408,60,59,1,0,1
S00102409,76,75,1,0,1
S00102410,70,68,2,0,2
S00102411,49,47,2,0,2
S00102412,50,50,0,0,0
S00102413,75,63,12,0,12
S00102414,27,25,2,2,0
S00102415,57,55,2,0,2
S00102416,54,47,7,0,7
S00102417,40,37,3,1,2
S00102418,47,45,2,1,1
S00102419,67,66,1,0,1
S00102420,36,36,0,0,0
S00102421,38,38,0,0,0
S00102422,79,46,33,31,2
S00102423,55,52,3,2,1
S00102424,30,29,1,0,1
S00102425,57,55,2,1,1
S00102426,50,48,2,1,1
S00102427,46,44,2,1,1
S00102428,58,49,9,6,3
S00102429,55,54,1,1,0
S00102430,44,40,4,3,1
S00102431,41,38,3,0,3
S00102432,38,37,1,1,0
S00102433,58,57,1,1,0
S00102434,63,60,3,0,3
S00102435,47,44,3,3,0
S00102436,35,35,0,0,0
S00102437,60,60,0,0,0
S00102438,31,31,0,0,0
S00102439,48,47,1,0,1
S00102440,46,46,0,0,0
S00102441,75,73,2,2,0
S00102442,33,32,1,1,0
S00102443,53,53,0,0,0
S00102444,42,41,1,0,1
S00102445,51,47,4,3,1
S00102446,37,34,3,1,2
S00102447,48,48,0,0,0
S00102448,62,60,2,0,2
S00102449,30,28,2,0,2
S00102450,40,36,4,3,1
S00102451,61,58,3,2,1
S00102452,38,32,6,4,2
S00102453,76,75,1,1,0
S00102454,64,63,1,1,0
S00102455,60,57,3,1,2
S00102456,61,61,0,0,0
S00102457,51,48,3,2,1
S00102458,66,63,3,1,2
S00102459,45,45,0,0,0
S00102460,51,50,1,0,1
S00102461,50,50,0,0,0
S00102462,44,43,1,0,1
S00102463,37,36,1,1,0
S00102464,46,46,0,0,0
S00102465,63,61,2,0,2
S00102466,53,51,2,0,2
S00102467,63,63,0,0,0
S00102468,54,52,2,0,2
S00102469,51,47,4,1,3
S00102470,51,50,1,0,1
S00102471,67,67,0,0,0
S00102472,42,42,0,0,0
S00102473,55,54,1,1,0
S00102474,32,32,0,0,0
S00102475,49,46,3,0,3
S00102476,54,53,1,0,1
S00102477,49,48,1,1,0
S00102478,43,43,0,0,0
S00102479,39,37,2,1,1
S00102480,42,41,1,0,1
S00102481,45,44,1,1,0
S00102482,41,40,1,1,0
S00102483,60,59,1,0,1
S00102484,32,31,1,0,1
S00102485,51,50,1,1,0
S00102486,43,42,1,0,1
S00102487,33,32,1,0,1
S00102488,62,60,2,0,2
S00102489,54,52,2,0,2
S00102490,75,75,0,0,0
S00102491,42,41,1,0,1
S00102492,46,46,0,0,0
S00102493,23,23,0,0,0
S00102494,37,36,1,0,1
S00102495,80,78,2,0,2
S00102496,29,29,0,0,0
S00102497,48,48,0,0,0
S00102498,64,62,2,1,1
S00102499,27,27,0,0,0
S00102500,50,49,1,0,1
S00102501,58,57,1,0,1
S00102502,46,46,0,0,0
S00102503,46,46,0,0,0
S00102504,40,40,0,0,0
S00102505,78,77,1,0,1
S00102506,47,47,0,0,0
S00102507,57,54,3,3,0
S00102508,64,63,1,1,0
S00102509,32,30,2,1,1
S00102510,57,54,3,1,2
S00102511,53,51,2,0,2
S00102512,40,40,0,0,0
S00102513,29,28,1,0,1
S00102514,81,79,2,0,2
S00102515,70,68,2,2,0
S00102516,57,57,0,0,0
S00102517,64,63,1,0,1
S00102518,55,54,1,1,0
S00102519,43,43,0,0,0
S00102520,48,46,2,0,2
S00102521,44,44,0,0,0
S00102522,62,52,10,2,8
S00102523,34,29,5,4,1
S00102524,51,51,0,0,0
S00102525,40,40,0,0,0
S00102526,69,67,2,0,2
S00102527,47,46,1,0,1
S00102528,40,38,2,2,0
S00102529,61,59,2,0,2
S00102530,65,64,1,1,0
S00102531,50,49,1,0,1
S00102532,57,57,0,0,0
S00102533,65,65,0,0,0
S00102534,39,39,0,0,0
S00102535,36,35,1,0,1
S00102536,48,43,5,2,3
S00102537,45,42,3,1,2
S00102538,34,34,0,0,0
S00102539,72,68,4,3,1
S00102540,24,24,0,0,0
S00102541,39,38,1,1,0
S00102542,34,34,0,0,0
S00102543,56,56,0,0,0
S00102544,40,39,1,1,0
S00102545,53,53,0,0,0
S00102546,72,72,0,0,0
S00102547,70,70,0,0,0
S00102548,80,80,0,0,0
S00102549,46,46,0,0,0
S00102550,67,67,0,0,0
S00102551,55,54,1,0,1
S00102552,25,25,0,0,0
S00102553,79,79,0,0,0
S00102554,62,61,1,1,0
S00102555,63,60,3,0,3
S00102556,96,82,14,12,2
S00102557,60,57,3,0,3
S00102558,37,37,0,0,0
S00102559,66,55,11,6,5
S00102560,38,34,4,2,2
S00102561,60,59,1,1,0
S00102562,85,84,1,1,0
S00102563,56,56,0,0,0
S00102564,48,47,1,0,1
S00102565,41,41,0,0,0
S00102566,48,48,0,0,0
S00102567,54,54,0,0,0
S00102568,63,63,0,0,0
S00102569,47,47,0,0,0
S00102570,45,45,0,0,0
S00102571,44,44,0,0,0
S00102572,79,78,1,0,1
S00102573,54,54,0,0,0
S00102574,38,37,1,0,1
S00102575,51,51,0,0,0
S00102576,25,24,1,0,1
S00102577,34,34,0,0,0
S00102578,35,35,0,0,0
S00102579,70,70,0,0,0
S00102580,54,54,0,0,0
S00102581,74,74,0,0,0
S00102582,38,38,0,0,0
S00102583,53,53,0,0,0
S00102584,47,47,0,0,0
S00102585,82,82,0,0,0
S00102586,51,51,0,0,0
S00102587,43,43,0,0,0
S00102588,30,30,0,0,0
S00102589,51,49,2,0,2
S00102590,35,32,3,0,3
S00102591,24,23,1,0,1
S00102592,63,61,2,0,2
S00102593,51,50,1,0,1
S00102594,47,47,0,0,0
S00102595,62,61,1,1,0
S00102596,51,51,0,0,0
S00102597,55,54,1,0,1
S00102598,62,60,2,0,2
S00102599,76,74,2,0,2
S00102600,61,61,0,0,0
S00102601,53,50,3,0,3
S00102602,84,84,0,0,0
S00102603,52,50,2,0,2
S00102604,32,31,1,0,1
S00102605,51,48,3,0,3
S00102606,83,81,2,1,1
S00102607,47,45,2,0,2
S00102608,37,37,0,0,0
S00102609,53,51,2,0,2
S00102610,61,59,2,0,2
S00102611,44,41,3,0,3
S00102612,57,55,2,0,2
S00102613,29,27,2,0,2
S00102614,45,45,0,0,0
S00102615,54,54,0,0,0
S00102616,66,65,1,0,1
S00102617,62,60,2,0,2
S00102618,74,69,5,0,5
S00102619,54,53,1,0,1
S00102620,48,47,1,0,1
S00102621,65,65,0,0,0
S00102622,63,62,1,0,1
S00102623,40,39,1,0,1
S00102624,53,50,3,0,3
S00102625,74,72,2,1,1
S00102626,50,50,0,0,0
S00102627,49,46,3,1,2
S00102628,47,46,1,0,1
S00102629,85,84,1,0,1
S00102630,75,73,2,0,2
S00102631,44,43,1,0,1
S00102632,46,44,2,0,2
S00102633,45,44,1,0,1
S00102634,45,44,1,0,1
S00102635,33,33,0,0,0
S00102636,35,34,1,0,1
S00102637,47,47,0,0,0
S00102638,31,26,5,0,5
S00102639,68,59,9,0,9
S00102640,47,47,0,0,0
S00102641,38,37,1,0,1
S00102642,30,30,0,0,0
S00102643,54,52,2,0,2
S00102644,46,45,1,0,1
S00102645,43,43,0,0,0
S00102646,61,59,2,0,2
S00102647,70,68,2,0,2
S00102648,63,62,1,0,1
S00102649,51,51,0,0,0
S00102650,44,43,1,0,1
S00102651,47,44,3,0,3
S00102652,62,61,1,0,1
S00102653,34,34,0,0,0
S00102654,54,53,1,0,1
S00102655,47,46,1,0,1
S00102656,65,65,0,0,0
S00102657,68,67,1,0,1
S00102658,47,46,1,0,1
S00102659,36,36,0,0,0
S00102660,56,54,2,0,2
S00102661,51,49,2,0,2
S00102662,48,48,0,0,0
S00102663,54,52,2,0,2
S00102664,28,27,1,0,1
S00102665,71,71,0,0,0
S00102666,55,54,1,0,1
S00102667,40,39,1,0,1
S00102668,41,41,0,0,0
S00102669,54,52,2,0,2
S00102670,40,40,0,0,0
S00102671,20,20,0,0,0
S00102672,26,26,0,0,0
S00102673,44,43,1,0,1
S00102674,45,45,0,0,0
S00102675,52,51,1,1,0
S00102676,55,53,2,0,2
S00102677,48,45,3,0,3
S00102678,54,51,3,0,3
S00102679,64,61,3,0,3
S00102680,52,51,1,0,1
S00102681,52,49,3,0,3
S00102682,53,52,1,0,1
S00102683,39,38,1,0,1
S00102684,78,77,1,0,1
S00102685,63,62,1,0,1
S00102686,54,54,0,0,0
S00102687,33,33,0,0,0
S00102688,52,52,0,0,0
S00102689,39,38,1,0,1
S00102690,47,47,0,0,0
S00102691,38,38,0,0,0
S00102692,76,76,0,0,0
S00102693,41,38,3,0,3
S00102694,59,59,0,0,0
S00102695,41,40,1,0,1
S00102696,52,52,0,0,0
S00102697,31,31,0,0,0
S00102698,58,58,0,0,0
S00102699,72,70,2,0,2
S00102700,70,69,1,0,1
S00102701,56,55,1,0,1
S00102702,58,58,0,0,0
S00102703,55,55,0,0,0
S00102704,58,56,2,0,2
S00102705,57,57,0,0,0
S00102706,67,65,2,0,2
S00102707,45,43,2,0,2
S00102708,51,50,1,0,1
S00102709,56,55,1,0,1
S00102710,57,53,4,0,4
S00102711,56,55,1,0,1
S00102712,50,49,1,0,1
S00102713,45,45,0,0,0
S00102714,43,42,1,0,1
S00102715,38,38,0,0,0
S00102716,42,42,0,0,0
S00102717,41,41,0,0,0
S00102718,95,94,1,0,1
S00102719,58,58,0,0,0
S00102720,43,43,0,0,0
S00102721,56,56,0,0,0
S00102722,40,40,0,0,0
S00102723,51,50,1,0,1
S00102724,41,40,1,0,1
S00102725,44,43,1,0,1
S00102726,27,26,1,0,1
S00102727,54,54,0,0,0
S00102728,45,44,1,0,1
S00102729,47,47,0,0,0
S00102730,80,77,3,0,3
S00102731,43,43,0,0,0
S00102732,32,31,1,0,1
S00102733,37,34,3,0,3
S00102734,72,72,0,0,0
S00102735,35,35,0,0,0
S00102736,31,31,0,0,0
S00102737,36,36,0,0,0
S00102738,36,35,1,0,1
S00102739,42,41,1,0,1
S00102740,68,68,0,0,0
S00102741,50,49,1,1,0
S00102742,53,52,1,0,1
S00102743,31,31,0,0,0
S00102744,43,43,0,0,0
S00102745,48,47,1,0,1
S00102746,41,41,0,0,0
S00102747,54,54,0,0,0
S00102748,47,47,0,0,0
S00102749,42,42,0,0,0
S00102750,23,22,1,0,1
S00102751,78,77,1,0,1
S00102752,45,43,2,0,2
S00102753,60,56,4,0,4
S00102754,28,28,0,0,0
S00102755,22,22,0,0,0
S00102756,37,36,1,0,1
S00102757,45,45,0,0,0
S00102758,52,52,0,0,0
S00102759,37,36,1,0,1
S00102760,53,52,1,0,1
S00102761,41,38,3,0,3
S00102762,59,59,0,0,0
S00102763,37,37,0,0,0
S00102764,55,51,4,0,4
S00102765,57,57,0,0,0
S00102766,31,31,0,0,0
S00102767,68,68,0,0,0
S00102768,62,61,1,0,1
S00102769,26,26,0,0,0
S00102770,50,49,1,0,1
S00102771,63,63,0,0,0
S00102772,73,70,3,0,3
S00102773,77,76,1,0,1
S00102774,26,26,0,0,0
S00102775,103,102,1,0,1
S00102776,50,50,0,0,0
S00102777,37,37,0,0,0
S00102778,47,46,1,0,1
S00102779,49,49,0,0,0
S00102780,57,56,1,0,1
S00102781,27,25,2,0,2
S00102782,55,55,0,0,0
S00102783,45,44,1,0,1
S00102784,46,46,0,0,0
S00102785,47,45,2,0,2
S00102786,69,69,0,0,0
S00102787,50,50,0,0,0
S00102788,68,63,5,0,5
S00102789,61,60,1,0,1
S00102790,31,31,0,0,0
S00102791,33,32,1,0,1
S00102792,63,61,2,0,2
S00102793,51,49,2,1,1
S00102794,43,43,0,0,0
S00102795,59,55,4,0,4
S00102796,42,42,0,0,0
S00102797,38,37,1,0,1
S00102798,62,58,4,0,4
S00102799,62,57,5,0,5
S00102800,45,41,4,0,4
S00102801,42,38,4,0,4
S00102802,43,41,2,0,2
S00102803,55,53,2,0,2
S00102804,56,51,5,0,5
S00102805,56,54,2,0,2
S00102806,47,45,2,0,2
S00102807,53,53,0,0,0
S00102808,83,83,0,0,0
S00102809,85,85,0,0,0
S00102810,62,62,0,0,0
S00102811,32,32,0,0,0
S00102812,22,22,0,0,0
S00102813,66,66,0,0,0
S00102814,45,45,0,0,0
S00102815,60,59,1,0,1
S00102816,61,61,0,0,0
S00102817,47,43,4,0,4
S00102818,55,55,0,0,0
S00102819,65,64,1,0,1
S00102820,48,47,1,0,1
S00102821,54,54,0,0,0
S00102822,58,55,3,1,2
S00102823,41,39,2,0,2
S00102824,48,46,2,0,2
S00102825,40,38,2,0,2
S00102826,65,65,0,0,0
S00102827,40,39,1,0,1
S00102828,40,40,0,0,0
S00102829,61,60,1,0,1
S00102830,43,43,0,0,0
S00102831,48,47,1,0,1
S00102832,49,49,0,0,0
S00102833,45,45,0,0,0
S00102834,72,71,1,0,1
S00102835,76,69,7,0,7
S00102836,69,66,3,1,2
S00102837,69,67,2,0,2
S00102838,57,57,0,0,0
S00102839,44,44,0,0,0
S00102840,54,54,0,0,0
S00102841,53,53,0,0,0
S00102842,70,70,0,0,0
S00102843,64,63,1,0,1
S00102844,65,63,2,0,2
S00102845,32,31,1,0,1
S00102846,28,28,0,0,0
S00102847,27,26,1,1,0
S00102848,57,57,0,0,0
S00102849,58,58,0,0,0
S00102850,58,58,0,0,0
S00102851,76,76,0,0,0
S00102852,73,73,0,0,0
S00102853,49,49,0,0,0
S00102854,49,49,0,0,0
S00102855,42,41,1,0,1
S00102856,48,48,0,0,0
S00102857,69,69,0,0,0
S00102858,77,77,0,0,0
S00102859,70,69,1,0,1
S00102860,55,55,0,0,0
S00102861,40,40,0,0,0
S00102862,49,46,3,0,3
S00102863,56,56,0,0,0
S00102864,33,32,1,0,1
S00102865,24,23,1,0,1
S00102866,36,36,0,0,0
S00102867,49,49,0,0,0
S00102868,51,51,0,0,0
S00102869,44,44,0,0,0
S00102870,54,54,0,0,0
S00102871,45,45,0,0,0
S00102872,50,50,0,0,0
S00102873,51,50,1,0,1
S00102874,49,49,0,0,0
S00102875,48,48,0,0,0
S00102876,70,70,0,0,0
S00102877,52,51,1,0,1
S00102878,76,76,0,0,0
S00102879,53,53,0,0,0
S00102880,48,48,0,0,0
S00102881,41,41,0,0,0
S00102882,46,46,0,0,0
S00102883,48,48,0,0,0
S00102884,44,44,0,0,0
S00102885,79,78,1,0,1
S00102886,67,67,0,0,0
S00102887,52,52,0,0,0
S00102888,45,45,0,0,0
S00102889,55,54,1,0,1
S00102890,51,51,0,0,0
S00102891,57,57,0,0,0
S00102892,44,43,1,0,1
S00102893,45,45,0,0,0
S00102894,51,50,1,0,1
S00102895,45,45,0,0,0
S00102896,59,48,11,0,11
S00102897,60,59,1,0,1
S00102898,40,40,0,0,0
S00102899,56,55,1,1,0
S00102900,21,21,0,0,0
S00102901,66,66,0,0,0
S00102902,54,54,0,0,0
S00102903,56,56,0,0,0
S00102904,44,44,0,0,0
S00102905,49,49,0,0,0
S00102906,43,43,0,0,0
S00102907,39,39,0,0,0
S00102908,61,56,5,0,5
S00102909,39,39,0,0,0
S00102910,38,37,1,0,1
S00102911,61,61,0,0,0
S00102912,44,44,0,0,0
S00102913,61,59,2,0,2
S00102914,41,40,1,0,1
S00102915,46,45,1,0,1
S00102916,66,62,4,0,4
S00102917,49,49,0,0,0
S00102918,55,53,2,0,2
S00102919,46,45,1,0,1
S00102920,44,42,2,0,2
S00102921,69,67,2,0,2
S00102922,46,46,0,0,0
S00102923,56,55,1,0,1
S00102924,50,50,0,0,0
S00102925,50,49,1,0,1
S00102926,43,42,1,0,1
S00102927,58,58,0,0,0
S00102928,51,51,0,0,0
S00102929,52,52,0,0,0
S00102930,46,46,0,0,0
S00102931,56,55,1,0,1
S00102932,51,51,0,0,0
S00102933,49,49,0,0,0
S00102934,59,59,0,0,0
S00102935,57,56,1,0,1
S00102936,47,46,1,0,1
S00102937,52,51,1,0,1
S00102938,36,36,0,0,0
S00102939,43,43,0,0,0
S00102940,65,65,0,0,0
S00102941,44,44,0,0,0
S00102942,46,46,0,0,0
S00102943,52,52,0,0,0
S00102944,41,41,0,0,0
S00102945,56,55,1,0,1
S00102946,46,46,0,0,0
S00102947,72,70,2,0,2
S00102948,70,70,0,0,0
S00102949,57,57,0,0,0
S00102950,73,73,0,0,0
S00102951,51,50,1,1,0
S00102952,50,50,0,0,0
S00102953,41,41,0,0,0
S00102954,58,58,0,0,0
S00102955,69,69,0,0,0
S00102956,64,61,3,1,2
S00102957,48,47,1,0,1
S00102958,74,74,0,0,0
S00102959,72,72,0,0,0
S00102960,55,54,1,0,1
S00102961,43,43,0,0,0
S00102962,41,41,0,0,0
S00102963,62,61,1,0,1
S00102964,55,42,13,1,12
S00102965,71,70,1,0,1
S00102966,59,53,6,0,6
S00102967,65,63,2,0,2
S00102968,67,66,1,0,1
S00102969,61,59,2,1,1
S00102970,69,68,1,0,1
S00102971,40,39,1,0,1
S00102972,46,45,1,0,1
S00102973,55,55,0,0,0
S00102974,54,54,0,0,0
S00102975,48,48,0,0,0
S00102976,49,49,0,0,0
S00102977,45,45,0,0,0
S00102978,76,76,0,0,0
S00102979,60,60,0,0,0
S00102980,51,51,0,0,0
S00102981,51,51,0,0,0
S00102982,85,83,2,0,2
S00102983,54,53,1,0,1
S00102984,75,69,6,0,6
S00102985,33,32,1,0,1
S00102986,50,50,0,0,0
S00102987,56,56,0,0,0
S00102988,58,58,0,0,0
S00102989,46,45,1,0,1
S00102990,47,43,4,1,3
S00102991,41,37,4,0,4
S00102992,43,43,0,0,0
S00102993,27,27,0,0,0
S00102994,42,42,0,0,0
S00102995,53,53,0,0,0
S00102996,34,34,0,0,0
S00102997,52,51,1,0,1
S00102998,48,48,0,0,0
S00102999,49,49,0,0,0
S00103000,54,54,0,0,0
S00103001,41,41,0,0,0
S00103002,50,50,0,0,0
S00103003,53,53,0,0,0
S00103004,62,62,0,0,0
S00103005,54,53,1,0,1
S00103006,64,64,0,0,0
S00103007,66,66,0,0,0
S00103008,70,69,1,0,1
S00103009,47,47,0,0,0
S00103010,83,80,3,0,3
S00103011,69,52,17,2,15
S00103012,44,44,0,0,0
S00103013,48,48,0,0,0
S00103014,72,72,0,0,0
S00103015,80,75,5,0,5
S00103016,48,47,1,0,1
S00103017,49,49,0,0,0
S00103018,44,43,1,0,1
S00103019,29,29,0,0,0
S00103020,35,34,1,0,1
S00103021,36,36,0,0,0
S00103022,29,29,0,0,0
S00103023,50,50,0,0,0
S00103024,27,26,1,0,1
S00103025,27,26,1,0,1
S00103026,48,48,0,0,0
S00103027,42,41,1,0,1
S00103028,50,50,0,0,0
S00103029,31,31,0,0,0
S00103030,38,38,0,0,0
S00103031,55,54,1,0,1
S00103032,60,60,0,0,0
S00103033,44,41,3,0,3
S00103034,48,48,0,0,0
S00103035,67,65,2,0,2
S00103036,57,54,3,0,3
S00103037,53,53,0,0,0
S00103038,38,38,0,0,0
S00103039,54,54,0,0,0
S00103040,65,64,1,0,1
S00103041,52,52,0,0,0
S00103042,51,51,0,0,0
S00103043,58,58,0,0,0
S00103044,49,48,1,0,1
S00103045,70,70,0,0,0
S00103046,75,73,2,0,2
S00103047,43,42,1,0,1
S00103048,43,43,0,0,0
S00103049,55,53,2,0,2
S00103050,54,50,4,0,4
S00103051,60,58,2,0,2
S00103052,62,61,1,0,1
S00103053,47,45,2,0,2
S00103054,66,59,7,0,7
S00103055,49,49,0,0,0
S00103056,48,48,0,0,0
S00103057,53,53,0,0,0
S00103058,54,54,0,0,0
S00103059,70,70,0,0,0
S00103060,45,45,0,0,0
S00103061,69,65,4,1,3
S00103062,56,56,0,0,0
S00103063,37,37,0,0,0
S00103064,49,48,1,0,1
S00103065,41,41,0,0,0
S00103066,47,46,1,0,1
S00103067,55,55,0,0,0
S00103068,46,46,0,0,0
S00103069,51,49,2,0,2
S00103070,71,71,0,0,0
S00103071,64,63,1,0,1
S00103072,76,76,0,0,0
S00103073,68,67,1,0,1
S00103074,43,43,0,0,0
S00103075,41,41,0,0,0
S00103076,59,57,2,0,2
S00103077,53,52,1,0,1
S00103078,51,50,1,0,1
S00103079,51,50,1,1,0
S00103080,52,50,2,0,2
S00103081,56,54,2,0,2
S00103082,48,48,0,0,0
S00103083,37,37,0,0,0
S00103084,40,40,0,0,0
S00103085,68,68,0,0,0
S00103086,54,54,0,0,0
S00103087,60,58,2,0,2
S00103088,51,50,1,1,0
S00103089,51,49,2,0,2
S00103090,62,61,1,0,1
S00103091,43,43,0,0,0
S00103092,42,41,1,0,1
S00103093,55,55,0,0,0
S00103094,27,27,0,0,0
S00103095,42,42,0,0,0
S00103096,72,70,2,0,2
S00103097,59,59,0,0,0
S00103098,65,64,1,0,1
S00103099,87,86,1,0,1
S00103100,52,51,1,0,1
S00103101,42,40,2,0,2
S00103102,44,43,1,0,1
S00103103,45,45,0,0,0
S00103104,64,64,0,0,0
S00103105,65,64,1,0,1
S00103106,56,55,1,0,1
S00103107,66,66,0,0,0
S00103108,56,54,2,0,2
S00103109,60,53,7,0,7
S00103110,58,56,2,0,2
S00103111,54,52,2,0,2
S00103112,59,58,1,0,1
S00103113,52,52,0,0,0
S00103114,69,69,0,0,0
S00103115,47,47,0,0,0
S00103116,45,45,0,0,0
S00103117,62,62,0,0,0
S00103118,22,22,0,0,0
S00103119,69,69,0,0,0
S00103120,48,46,2,0,2
S00103121,59,59,0,0,0
S00103122,70,67,3,0,3
S00103123,55,55,0,0,0
S00103124,47,47,0,0,0
S00103125,50,50,0,0,0
S00103126,66,63,3,0,3
S00103127,64,63,1,0,1
S00103128,68,67,1,0,1
S00103129,63,62,1,0,1
S00103130,58,53,5,0,5
S00103131,46,46,0,0,0
S00103132,54,51,3,1,2
S00103133,55,55,0,0,0
S00103134,53,52,1,0,1
S00103135,48,47,1,1,0
S00103136,60,60,0,0,0
S00103137,48,45,3,1,2
S00103138,78,77,1,0,1
S00103139,59,59,0,0,0
S00103140,63,62,1,0,1
S00103141,69,68,1,0,1
S00103142,48,47,1,0,1
S00103143,60,59,1,0,1
S00103144,53,53,0,0,0
S00103145,70,66,4,0,4
S00103146,54,54,0,0,0
S00103147,72,72,0,0,0
S00103148,63,62,1,0,1
S00103149,67,67,0,0,0
S00103150,64,64,0,0,0
S00103151,65,65,0,0,0
S00103152,60,60,0,0,0
S00103153,47,47,0,0,0
S00103154,56,56,0,0,0
S00103155,60,59,1,0,1
S00103156,66,66,0,0,0
S00103157,84,84,0,0,0
S00103158,58,56,2,1,1
S00103159,69,69,0,0,0
S00103160,60,59,1,0,1
S00103161,55,55,0,0,0
S00103162,68,68,0,0,0
S00103163,43,43,0,0,0
S00103164,41,41,0,0,0
S00103165,41,41,0,0,0
S00103166,57,54,3,0,3
S00103167,30,30,0,0,0
S00103168,59,59,0,0,0
S00103169,60,57,3,0,3
S00103170,42,41,1,0,1
S00103171,38,37,1,0,1
S00103172,42,42,0,0,0
S00103173,73,73,0,0,0
S00103174,45,45,0,0,0
S00103175,41,38,3,1,2
S00103176,22,22,0,0,0
S00103177,46,41,5,0,5
S00103178,44,44,0,0,0
S00103179,85,83,2,1,1
S00103180,33,33,0,0,0
S00103181,61,61,0,0,0
S00103182,61,60,1,0,1
S00103183,73,73,0,0,0
S00103184,41,41,0,0,0
S00103185,36,35,1,0,1
S00103186,56,53,3,0,3
S00103187,35,35,0,0,0
S00103188,45,44,1,0,1
S00103189,43,43,0,0,0
S00103190,76,74,2,0,2
S00103191,29,28,1,1,0
S00103192,51,50,1,0,1
S00103193,21,20,1,0,1
S00103194,40,40,0,0,0
S00103195,44,42,2,0,2
S00103196,55,50,5,0,5
S00103197,51,48,3,0,3
S00103198,27,27,0,0,0
S00103199,50,49,1,0,1
S00103200,22,22,0,0,0
S00103201,43,43,0,0,0
S00103202,63,61,2,0,2
S00103203,73,72,1,0,1
S00103204,50,50,0,0,0
S00103205,24,24,0,0,0
S00103206,53,53,0,0,0
S00103207,71,67,4,0,4
S00103208,35,35,0,0,0
S00103209,49,49,0,0,0
S00103210,52,52,0,0,0
S00103211,31,30,1,0,1
S00103212,46,46,0,0,0
S00103213,28,28,0,0,0
S00103214,65,64,1,0,1
S00103215,31,31,0,0,0
S00103216,54,54,0,0,0
S00103217,29,29,0,0,0
S00103218,34,32,2,0,2
S00103219,84,83,1,0,1
S00103220,59,56,3,0,3
S00103221,35,35,0,0,0
S00103222,70,69,1,0,1
S00103223,52,52,0,0,0
S00103224,46,46,0,0,0
S00103225,37,36,1,0,1
S00103226,77,75,2,0,2
S00103227,67,66,1,0,1
S00103228,49,49,0,0,0
S00103229,73,73,0,0,0
S00103230,32,32,0,0,0
S00103231,27,27,0,0,0
S00103232,59,56,3,0,3
S00103233,38,37,1,0,1
S00103234,50,50,0,0,0
S00103235,46,45,1,0,1
S00103236,50,48,2,2,0
S00103237,34,34,0,0,0
S00103238,61,60,1,0,1
S00103239,58,54,4,0,4
S00103240,47,47,0,0,0
S00103241,57,56,1,0,1
S00103242,50,47,3,0,3
S00103243,82,81,1,0,1
S00103244,36,36,0,0,0
S00103245,60,60,0,0,0
S00103246,55,54,1,0,1
S00103247,72,71,1,0,1
S00103248,31,30,1,0,1
S00103249,53,53,0,0,0
S00103250,55,53,2,0,2
S00103251,71,71,0,0,0
S00103252,60,60,0,0,0
S00103253,68,67,1,0,1
S00103254,75,70,5,0,5
S00103255,50,50,0,0,0
S00103256,45,45,0,0,0
S00103257,47,46,1,0,1
S00103258,43,38,5,1,4
S00103259,49,49,0,0,0
S00103260,41,41,0,0,0
S00103261,111,111,0,0,0
S00103262,50,50,0,0,0
S00103263,52,52,0,0,0
S00103264,58,56,2,0,2
S00103265,47,47,0,0,0
S00103266,50,49,1,0,1
S00103267,55,55,0,0,0
S00103268,47,47,0,0,0
S00103269,76,75,1,0,1
S00103270,48,48,0,0,0
S00103271,65,62,3,2,1
S00103272,62,62,0,0,0
S00103273,48,47,1,0,1
S00103274,35,34,1,0,1
S00103275,85,68,17,0,17
S00103276,54,53,1,0,1
S00103277,30,30,0,0,0
S00103278,45,44,1,0,1
S00103279,45,44,1,0,1
S00103280,55,54,1,0,1
S00103281,60,60,0,0,0
S00103282,58,57,1,0,1
S00103283,55,52,3,0,3
S00103284,45,44,1,1,0
S00103285,33,33,0,0,0
S00103286,55,54,1,1,0
S00103287,56,56,0,0,0
S00103288,28,27,1,0,1
S00103289,70,70,0,0,0
S00103290,69,68,1,0,1
S00103291,69,69,0,0,0
S00103292,66,65,1,1,0
S00103293,40,37,3,0,3
S00103294,48,46,2,0,2
S00103295,31,31,0,0,0
S00103296,49,49,0,0,0
S00103297,52,52,0,0,0
S00103298,27,27,0,0,0
S00103299,64,63,1,0,1
S00103300,42,38,4,0,4
S00103301,42,41,1,0,1
S00103302,57,57,0,0,0
S00103303,29,22,7,0,7
S00103304,70,66,4,3,1
S00103305,38,34,4,0,4
S00103306,34,34,0,0,0
S00103307,44,37,7,5,2
S00103308,35,34,1,0,1
S00103309,84,74,10,0,10
S00103310,20,20,0,0,0
S00103311,78,76,2,1,1
S00103312,55,37,18,1,17
S00103313,84,72,12,5,7
S00103314,25,24,1,1,0
S00103315,98,98,0,0,0
S00103316,111,111,0,0,0
S00103317,43,41,2,2,0
S00103318,82,81,1,1,0
S00103319,50,45,5,1,4
S00103320,79,74,5,4,1
S00103321,34,33,1,0,1
S00103322,41,41,0,0,0
S00103323,53,52,1,1,0
S00103324,44,32,12,11,1
S00103325,64,63,1,1,0
S00103326,53,46,7,2,5
S00103327,83,73,10,9,1
S00103328,44,41,3,3,0
S00103329,71,57,14,13,1
S00103330,35,32,3,3,0
S00103331,61,60,1,0,1
S00103332,46,43,3,3,0
S00103333,50,48,2,2,0
S00103334,42,40,2,1,1
S00103335,69,64,5,4,1
S00103336,52,51,1,0,1
S00103337,36,35,1,0,1
S00103338,46,37,9,9,0
S00103339,37,36,1,0,1
S00103340,54,53,1,0,1
S00103341,58,54,4,1,3
S00103342,75,66,9,9,0
S00103343,57,52,5,4,1
S00103344,83,76,7,6,1
S00103345,36,31,5,1,4
S00103346,43,41,2,2,0
S00103347,74,64,10,9,1
S00103348,60,39,21,20,1
S00103349,55,35,20,9,11
S00103350,67,51,16,10,6
S00103351,56,40,16,10,6
S00103352,53,38,15,14,1
S00103353,60,53,7,0,7
S00103354,65,64,1,1,0
S00103355,75,71,4,0,4
S00103356,68,64,4,1,3
S00103357,60,55,5,0,5
S00103358,72,70,2,2,0
S00103359,55,52,3,1,2
S00103360,67,61,6,4,2
S00103361,65,64,1,0,1
S00103362,63,57,6,1,5
S00103363,62,59,3,1,2
S00103364,41,41,0,0,0
S00103365,46,46,0,0,0
S00103366,52,51,1,0,1
S00103367,38,36,2,2,0
S00103368,64,64,0,0,0
S00103369,65,63,2,1,1
S00103370,61,56,5,3,2
S00103371,56,53,3,1,2
S00103372,56,55,1,1,0
S00103373,71,64,7,0,7
S00103374,53,47,6,1,5
S00103375,80,73,7,1,6
S00103376,45,42,3,1,2
S00103377,52,51,1,0,1
S00103378,78,73,5,1,4
S00103379,56,47,9,0,9
S00103380,49,48,1,0,1
S00103381,56,53,3,0,3
S00103382,62,58,4,0,4
S00103383,47,45,2,2,0
S00103384,62,57,5,5,0
S00103385,59,58,1,0,1
S00103386,65,62,3,2,1
S00103387,48,48,0,0,0
S00103388,46,43,3,2,1
S00103389,79,72,7,2,5
S00103390,66,63,3,0,3
S00103391,34,30,4,0,4
S00103392,49,48,1,1,0
S00103393,49,49,0,0,0
S00103394,50,49,1,1,0
S00103395,41,40,1,0,1
S00103396,45,45,0,0,0
S00103397,43,41,2,1,1
S00103398,35,35,0,0,0
S00103399,45,45,0,0,0
S00103400,55,54,1,1,0
S00103401,34,32,2,0,2
S00103402,91,78,13,0,13
S00103403,40,40,0,0,0
S00103404,48,48,0,0,0
S00103405,65,64,1,0,1
S00103406,70,68,2,0,2
S00103407,36,36,0,0,0
S00103408,56,54,2,1,1
S00103409,59,52,7,5,2
S00103410,56,50,6,5,1
S00103411,46,40,6,1,5
S00103412,53,42,11,3,8
S00103413,55,49,6,2,4
S00103414,51,46,5,2,3
S00103415,80,70,10,9,1
S00103416,69,62,7,6,1
S00103417,40,34,6,5,1
S00103418,85,73,12,5,7
S00103419,66,58,8,7,1
S00103420,46,42,4,2,2
S00103421,56,42,14,10,4
S00103422,83,76,7,2,5
S00103423,64,62,2,1,1
S00103424,74,70,4,1,3
S00103425,43,43,0,0,0
S00103426,52,51,1,0,1
S00103427,47,43,4,1,3
S00103428,79,67,12,5,7
S00103429,68,62,6,2,4
S00103430,59,53,6,2,4
S00103431,46,46,0,0,0
S00103432,54,53,1,0,1
S00103433,47,44,3,0,3
S00103434,58,54,4,0,4
S00103435,33,27,6,2,4
S00103436,69,62,7,3,4
S00103437,63,55,8,4,4
S00103438,47,42,5,1,4
S00103439,43,41,2,2,0
S00103440,47,44,3,1,2
S00103441,43,41,2,1,1
S00103442,40,32,8,3,5
S00103443,71,70,1,0,1
S00103444,47,38,9,7,2
S00103445,82,81,1,1,0
S00103446,45,41,4,2,2
S00103447,47,34,13,8,5
S00103448,76,74,2,0,2
S00103449,50,46,4,4,0
S00103450,51,49,2,1,1
S00103451,57,56,1,0,1
S00103452,38,38,0,0,0
S00103453,81,76,5,2,3
S00103454,62,58,4,2,2
S00103455,50,48,2,0,2
S00103456,50,47,3,2,1
S00103457,58,53,5,3,2
S00103458,53,50,3,1,2
S00103459,72,69,3,1,2
S00103460,67,64,3,1,2
S00103461,31,27,4,3,1
S00103462,51,44,7,7,0
S00103463,41,38,3,3,0
S00103464,62,57,5,2,3
S00103465,40,35,5,3,2
S00103466,39,33,6,0,6
S00103467,30,29,1,0,1
S00103468,57,54,3,0,3
S00103469,49,47,2,0,2
S00103470,36,35,1,0,1
S00103471,70,51,19,19,0
S00103472,56,55,1,0,1
S00103473,48,46,2,0,2
S00103474,105,103,2,1,1
S00103475,40,39,1,0,1
S00103476,98,51,47,0,47
S00103477,44,44,0,0,0
S00103478,59,58,1,0,1
S00103479,59,57,2,0,2
S00103480,54,54,0,0,0
S00103481,54,54,0,0,0
S00103482,62,59,3,1,2
S00103483,46,45,1,0,1
S00103484,49,48,1,0,1
S00103485,50,49,1,0,1
S00103486,64,64,0,0,0
S00103487,69,68,1,0,1
S00103488,33,31,2,0,2
S00103489,70,68,2,0,2
S00103490,74,71,3,1,2
S00103491,45,45,0,0,0
S00103492,46,39,7,0,7
S00103493,43,42,1,1,0
S00103494,77,76,1,0,1
S00103495,41,41,0,0,0
S00103496,40,40,0,0,0
S00103497,67,67,0,0,0
S00103498,67,67,0,0,0
S00103499,56,53,3,2,1
S00103500,66,60,6,2,4
S00103501,62,58,4,0,4
S00103502,68,67,1,0,1
S00103503,64,63,1,1,0
S00103504,62,62,0,0,0
S00103505,48,48,0,0,0
S00103506,60,59,1,0,1
S00103507,78,68,10,5,5
S00103508,86,59,27,7,20
S00103509,68,68,0,0,0
S00103510,100,94,6,5,1
S00103511,48,48,0,0,0
S00103512,97,97,0,0,0
S00103513,62,59,3,0,3
S00103514,39,36,3,0,3
S00103515,83,80,3,1,2
S00103516,45,41,4,2,2
S00103517,42,37,5,1,4
S00103518,47,42,5,0,5
S00103519,67,64,3,0,3
S00103520,52,49,3,1,2
S00103521,57,53,4,2,2
S00103522,46,46,0,0,0
S00103523,72,70,2,1,1
S00103524,39,38,1,0,1
S00103525,60,56,4,1,3
S00103526,74,68,6,3,3
S00103527,64,62,2,1,1
S00103528,43,42,1,0,1
S00103529,41,39,2,1,1
S00103530,59,58,1,1,0
S00103531,46,46,0,0,0
S00103532,41,39,2,1,1
S00103533,47,47,0,0,0
S00103534,65,65,0,0,0
S00103535,52,49,3,2,1
S00103536,55,50,5,1,4
S00103537,42,40,2,1,1
S00103538,57,47,10,4,6
S00103539,58,48,10,4,6
S00103540,41,37,4,3,1
S00103541,51,47,4,1,3
S00103542,71,61,10,4,6
S00103543,38,36,2,1,1
S00103544,60,57,3,2,1
S00103545,42,39,3,0,3
S00103546,56,50,6,4,2
S00103547,57,55,2,1,1
S00103548,71,68,3,1,2
S00103549,65,62,3,2,1
S00103550,72,68,4,2,2
S00103551,80,74,6,1,5
S00103552,72,70,2,0,2
S00103553,39,38,1,0,1
S00103554,44,42,2,1,1
S00103555,60,57,3,0,3
S00103556,71,67,4,2,2
S00103557,62,61,1,0,1
S00103558,76,72,4,0,4
S00103559,52,52,0,0,0
S00103560,54,49,5,1,4
S00103561,44,43,1,0,1
S00103562,43,42,1,0,1
S00103563,43,41,2,0,2
S00103564,53,47,6,6,0
S00103565,56,55,1,0,1
S00103566,44,44,0,0,0
S00103567,54,44,10,3,7
S00103568,43,41,2,1,1
S00103569,44,43,1,0,1
S00103570,62,60,2,1,1
S00103571,58,47,11,7,4
S00103572,70,69,1,0,1
S00103573,54,53,1,0,1
S00103574,55,55,0,0,0
S00103575,45,45,0,0,0
S00103576,43,42,1,0,1
S00103577,43,42,1,0,1
S00103578,42,41,1,0,1
S00103579,48,47,1,0,1
S00103580,41,39,2,1,1
S00103581,45,45,0,0,0
S00103582,81,81,0,0,0
S00103583,61,61,0,0,0
S00103584,71,71,0,0,0
S00103585,70,68,2,0,2
S00103586,62,62,0,0,0
S00103587,78,77,1,0,1
S00103588,54,53,1,0,1
S00103589,58,58,0,0,0
S00103590,44,44,0,0,0
S00103591,42,42,0,0,0
S00103592,47,46,1,1,0
S00103593,34,34,0,0,0
S00103594,50,50,0,0,0
S00103595,47,47,0,0,0
S00103596,51,50,1,0,1
S00103597,62,61,1,0,1
S00103598,49,48,1,0,1
S00103599,39,39,0,0,0
S00103600,59,58,1,0,1
S00103601,42,42,0,0,0
S00103602,52,51,1,0,1
S00103603,63,60,3,0,3
S00103604,43,41,2,0,2
S00103605,43,42,1,0,1
S00103606,40,38,2,0,2
S00103607,50,49,1,0,1
S00103608,44,43,1,0,1
S00103609,72,71,1,0,1
S00103610,42,38,4,0,4
S00103611,62,52,10,0,10
S00103612,44,44,0,0,0
S00103613,39,37,2,0,2
S00103614,35,35,0,0,0
S00103615,74,73,1,0,1
S00103616,42,39,3,1,2
S00103617,46,45,1,0,1
S00103618,71,67,4,1,3
S00103619,44,42,2,0,2
S00103620,56,53,3,0,3
S00103621,61,61,0,0,0
S00103622,27,27,0,0,0
S00103623,77,76,1,0,1
S00103624,48,47,1,0,1
S00103625,46,46,0,0,0
S00103626,41,36,5,0,5
S00103627,58,57,1,0,1
S00103628,33,33,0,0,0
S00103629,41,41,0,0,0
S00103630,46,46,0,0,0
S00103631,45,44,1,1,0
S00103632,66,63,3,1,2
S00103633,61,61,0,0,0
S00103634,39,39,0,0,0
S00103635,41,40,1,0,1
S00103636,46,46,0,0,0
S00103637,39,39,0,0,0
S00103638,44,44,0,0,0
S00103639,41,41,0,0,0
S00103640,44,40,4,1,3
S00103641,72,71,1,0,1
S00103642,40,39,1,0,1
S00103643,46,46,0,0,0
S00103644,53,52,1,0,1
S00103645,51,51,0,0,0
S00103646,50,50,0,0,0
S00103647,36,36,0,0,0
S00103648,22,20,2,1,1
S00103649,55,51,4,0,4
S00103650,48,48,0,0,0
S00103651,41,41,0,0,0
S00103652,50,50,0,0,0
S00103653,48,47,1,0,1
S00103654,49,47,2,1,1
S00103655,70,69,1,0,1
S00103656,59,58,1,0,1
S00103657,59,59,0,0,0
S00103658,44,42,2,0,2
S00103659,48,48,0,0,0
S00103660,40,39,1,0,1
S00103661,60,57,3,2,1
S00103662,59,55,4,1,3
S00103663,87,82,5,5,0
S00103664,61,60,1,0,1
S00103665,52,51,1,1,0
S00103666,48,46,2,2,0
S00103667,40,39,1,1,0
S00103668,62,61,1,0,1
S00103669,63,62,1,0,1
S00103670,46,46,0,0,0
S00103671,47,46,1,1,0
S00103672,47,45,2,0,2
S00103673,52,52,0,0,0
S00103674,45,45,0,0,0
S00103675,65,65,0,0,0
S00103676,38,36,2,2,0
S00103677,44,43,1,0,1
S00103678,81,73,8,3,5
S00103679,73,62,11,5,6
S00103680,71,61,10,1,9
S00103681,46,41,5,3,2
S00103682,54,51,3,2,1
S00103683,47,40,7,6,1
S00103684,49,46,3,2,1
S00103685,52,51,1,1,0
S00103686,37,35,2,0,2
S00103687,51,43,8,4,4
S00103688,56,51,5,3,2
S00103689,55,45,10,7,3
S00103690,52,47,5,2,3
S00103691,49,46,3,2,1
S00103692,97,96,1,0,1
S00103693,51,51,0,0,0
S00103694,85,84,1,1,0
S00103695,50,49,1,0,1
S00103696,80,74,6,0,6
S00103697,35,35,0,0,0
S00103698,45,45,0,0,0
S00103699,84,83,1,0,1
S00103700,42,42,0,0,0
S00103701,51,51,0,0,0
S00103702,32,30,2,0,2
S00103703,83,82,1,0,1
S00103704,80,76,4,0,4
S00103705,58,57,1,0,1
S00103706,74,72,2,1,1
S00103707,71,71,0,0,0
S00103708,44,43,1,0,1
S00103709,44,42,2,1,1
S00103710,64,63,1,0,1
S00103711,64,64,0,0,0
S00103712,65,65,0,0,0
S00103713,37,35,2,2,0
S00103714,40,39,1,0,1
S00103715,52,51,1,0,1
S00103716,46,45,1,0,1
S00103717,48,48,0,0,0
S00103718,44,43,1,0,1
S00103719,22,22,0,0,0
S00103720,35,28,7,0,7
S00103721,41,40,1,0,1
S00103722,61,60,1,0,1
S00103723,57,57,0,0,0
S00103724,69,65,4,0,4
S00103725,104,52,52,0,52
S00103726,49,49,0,0,0
S00103727,40,38,2,0,2
S00103728,58,57,1,0,1
S00103729,74,73,1,1,0
S00103730,51,51,0,0,0
S00103731,86,84,2,0,2
S00103732,52,52,0,0,0
S00103733,47,47,0,0,0
S00103734,33,33,0,0,0
S00103735,51,50,1,0,1
S00103736,36,36,0,0,0
S00103737,32,32,0,0,0
S00103738,47,46,1,0,1
S00103739,59,59,0,0,0
S00103740,59,59,0,0,0
S00103741,49,49,0,0,0
S00103742,43,42,1,0,1
S00103743,30,30,0,0,0
S00103744,55,55,0,0,0
S00103745,44,42,2,0,2
S00103746,48,47,1,0,1
S00103747,44,43,1,0,1
S00103748,40,39,1,0,1
S00103749,38,37,1,0,1
S00103750,75,74,1,0,1
S00103751,52,50,2,0,2
S00103752,45,43,2,0,2
S00103753,41,40,1,0,1
S00103754,66,66,0,0,0
S00103755,67,66,1,0,1
S00103756,62,58,4,0,4
S00103757,59,59,0,0,0
S00103758,62,61,1,0,1
S00103759,74,74,0,0,0
S00103760,76,76,0,0,0
S00103761,53,53,0,0,0
S00103762,47,47,0,0,0
S00103763,50,48,2,0,2
S00103764,33,32,1,1,0
S00103765,45,45,0,0,0
S00103766,71,69,2,0,2
S00103767,52,52,0,0,0
S00103768,27,27,0,0,0
S00103769,63,63,0,0,0
S00103770,50,50,0,0,0
S00103771,74,73,1,0,1
S00103772,39,39,0,0,0
S00103773,54,51,3,1,2
S00103774,50,48,2,0,2
S00103775,53,53,0,0,0
S00103776,56,55,1,0,1
S00103777,50,50,0,0,0
S00103778,79,77,2,1,1
S00103779,40,39,1,0,1
S00103780,32,32,0,0,0
S00103781,50,50,0,0,0
S00103782,52,52,0,0,0
S00103783,40,39,1,0,1
S00103784,54,53,1,0,1
S00103785,47,45,2,0,2
S00103786,54,52,2,0,2
S00103787,41,41,0,0,0
S00103788,66,66,0,0,0
S00103789,42,42,0,0,0
S00103790,52,52,0,0,0
S00103791,59,59,0,0,0
S00103792,53,53,0,0,0
S00103793,50,48,2,0,2
S00103794,40,40,0,0,0
S00103795,77,77,0,0,0
S00103796,68,68,0,0,0
S00103797,42,42,0,0,0
S00103798,63,62,1,0,1
S00103799,48,47,1,0,1
S00103800,53,53,0,0,0
S00103801,53,52,1,0,1
S00103802,34,34,0,0,0
S00103803,47,46,1,1,0
S00103804,67,65,2,2,0
S00103805,67,65,2,2,0
S00103806,41,36,5,5,0
S00103807,59,59,0,0,0
S00103808,61,58,3,0,3
S00103809,63,60,3,0,3
S00103810,70,66,4,4,0
S00103811,57,53,4,3,1
S00103812,44,42,2,0,2
S00103813,44,42,2,0,2
S00103814,52,52,0,0,0
S00103815,47,44,3,3,0
S00103816,48,48,0,0,0
S00103817,45,45,0,0,0
S00103818,46,43,3,1,2
S00103819,73,69,4,2,2
S00103820,100,59,41,2,39
S00103821,59,55,4,0,4
S00103822,58,55,3,2,1
S00103823,62,59,3,3,0
S00103824,44,43,1,0,1
S00103825,46,46,0,0,0
S00103826,57,56,1,0,1
S00103827,52,51,1,0,1
S00103828,77,75,2,0,2
S00103829,58,58,0,0,0
S00103830,52,51,1,0,1
S00103831,69,68,1,1,0
S00103832,56,56,0,0,0
S00103833,49,49,0,0,0
S00103834,50,44,6,0,6
S00103835,41,40,1,0,1
S00103836,29,29,0,0,0
S00103837,71,70,1,0,1
S00103838,84,75,9,0,9
S00103839,74,71,3,1,2
S00103840,48,46,2,0,2
S00103841,50,49,1,0,1
S00103842,48,47,1,0,1
S00103843,58,55,3,0,3
S00103844,42,41,1,0,1
S00103845,72,72,0,0,0
S00103846,66,65,1,0,1
S00103847,44,43,1,0,1
S00103848,54,54,0,0,0
S00103849,42,41,1,0,1
S00103850,56,54,2,0,2
S00103851,52,50,2,0,2
S00103852,44,41,3,1,2
S00103853,50,49,1,0,1
S00103854,49,48,1,0,1
S00103855,48,47,1,0,1
S00103856,48,48,0,0,0
S00103857,52,52,0,0,0
S00103858,44,44,0,0,0
S00103859,76,75,1,0,1
S00103860,68,66,2,0,2
S00103861,51,49,2,0,2
S00103862,52,52,0,0,0
S00103863,52,49,3,0,3
S00103864,40,40,0,0,0
S00103865,48,48,0,0,0
S00103866,53,51,2,0,2
S00103867,48,46,2,0,2
S00103868,48,48,0,0,0
S00103869,47,45,2,0,2
S00103870,53,51,2,0,2
S00103871,54,54,0,0,0
S00103872,57,57,0,0,0
S00103873,42,40,2,2,0
S00103874,52,51,1,0,1
S00103875,49,49,0,0,0
S00103876,66,63,3,0,3
S00103877,46,46,0,0,0
S00103878,74,74,0,0,0
S00103879,53,53,0,0,0
S00103880,48,45,3,0,3
S00103881,48,48,0,0,0
S00103882,50,50,0,0,0
S00103883,62,61,1,0,1
S00103884,50,49,1,0,1
S00103885,47,44,3,0,3
S00103886,21,21,0,0,0
S00103887,26,26,0,0,0
S00103888,53,53,0,0,0
S00103889,50,50,0,0,0
S00103890,43,42,1,0,1
S00103891,59,56,3,1,2
S00103892,71,70,1,0,1
S00103893,45,45,0,0,0
S00103894,44,43,1,1,0
S00103895,81,79,2,1,1
S00103896,39,39,0,0,0
S00103897,35,33,2,0,2
S00103898,33,32,1,1,0
S00103899,33,33,0,0,0
S00103900,45,45,0,0,0
S00103901,40,40,0,0,0
S00103902,53,53,0,0,0
S00103903,57,57,0,0,0
S00103904,41,40,1,1,0
S00103905,64,64,0,0,0
S00103906,47,46,1,0,1
S00103907,61,58,3,0,3
S00103908,42,42,0,0,0
S00103909,41,39,2,1,1
S00103910,54,51,3,0,3
S00103911,34,34,0,0,0
S00103912,44,44,0,0,0
S00103913,41,40,1,1,0
S00103914,50,50,0,0,0
S00103915,54,53,1,0,1
S00103916,47,47,0,0,0
S00103917,29,29,0,0,0
S00103918,49,49,0,0,0
S00103919,64,64,0,0,0
S00103920,26,26,0,0,0
S00103921,43,39,4,0,4
S00103922,40,38,2,0,2
S00103923,45,43,2,0,2
S00103924,66,66,0,0,0
S00103925,38,38,0,0,0
S00103926,46,46,0,0,0
S00103927,45,44,1,0,1
S00103928,54,50,4,0,4
S00103929,66,65,1,0,1
S00103930,49,48,1,0,1
S00103931,55,54,1,0,1
S00103932,42,42,0,0,0
S00103933,52,51,1,0,1
S00103934,63,63,0,0,0
S00103935,61,60,1,0,1
S00103936,54,53,1,0,1
S00103937,50,48,2,0,2
S00103938,42,41,1,0,1
S00103939,46,45,1,0,1
S00103940,44,43,1,0,1
S00103941,48,48,0,0,0
S00103942,67,67,0,0,0
S00103943,70,70,0,0,0
S00103944,52,51,1,0,1
S00103945,46,46,0,0,0
S00103946,39,34,5,0,5
S00103947,69,68,1,1,0
S00103948,41,41,0,0,0
S00103949,43,43,0,0,0
S00103950,39,39,0,0,0
S00103951,57,57,0,0,0
S00103952,42,42,0,0,0
S00103953,56,56,0,0,0
S00103954,52,51,1,0,1
S00103955,46,45,1,0,1
S00103956,35,35,0,0,0
S00103957,56,55,1,0,1
S00103958,70,70,0,0,0
S00103959,34,33,1,0,1
S00103960,57,57,0,0,0
S00103961,68,65,3,1,2
S00103962,65,53,12,10,2
S00103963,38,38,0,0,0
S00103964,74,73,1,0,1
S00103965,62,61,1,1,0
S00103966,48,48,0,0,0
S00103967,67,67,0,0,0
S00103968,39,37,2,0,2
S00103969,60,60,0,0,0
S00103970,60,59,1,0,1
S00103971,33,33,0,0,0
S00103972,45,45,0,0,0
S00103973,38,37,1,0,1
S00103974,65,65,0,0,0
S00103975,57,57,0,0,0
S00103976,46,45,1,0,1
S00103977,69,68,1,0,1
S00103978,79,73,6,1,5
S00103979,55,52,3,0,3
S00103980,66,65,1,0,1
S00103981,70,69,1,0,1
S00103982,68,64,4,0,4
S00103983,68,65,3,3,0
S00103984,62,61,1,0,1
S00103985,62,61,1,1,0
S00103986,65,58,7,6,1
S00103987,48,43,5,3,2
S00103988,50,50,0,0,0
S00103989,44,42,2,2,0
S00103990,52,50,2,0,2
S00103991,46,46,0,0,0
S00103992,42,42,0,0,0
S00103993,47,47,0,0,0
S00103994,43,43,0,0,0
S00103995,44,44,0,0,0
S00103996,66,61,5,0,5
S00103997,47,46,1,0,1
S00103998,50,48,2,1,1
S00103999,51,51,0,0,0
S00104000,50,47,3,1,2
S00104001,33,31,2,1,1
S00104002,52,51,1,0,1
S00104003,92,88,4,0,4
S00104004,38,38,0,0,0
S00104005,53,53,0,0,0
S00104006,48,47,1,0,1
S00104007,44,44,0,0,0
S00104008,42,42,0,0,0
S00104009,50,50,0,0,0
S00104010,68,68,0,0,0
S00104011,58,58,0,0,0
S00104012,40,40,0,0,0
S00104013,42,42,0,0,0
S00104014,53,51,2,0,2
S00104015,47,45,2,1,1
S00104016,44,44,0,0,0
S00104017,75,75,0,0,0
S00104018,70,70,0,0,0
S00104019,68,67,1,0,1
S00104020,65,65,0,0,0
S00104021,44,43,1,0,1
S00104022,46,46,0,0,0
S00104023,49,47,2,1,1
S00104024,54,54,0,0,0
S00104025,60,60,0,0,0
S00104026,62,60,2,0,2
S00104027,61,59,2,0,2
S00104028,44,44,0,0,0
S00104029,84,81,3,1,2
S00104030,54,54,0,0,0
S00104031,48,47,1,0,1
S00104032,21,20,1,0,1
S00104033,26,24,2,0,2
S00104034,55,53,2,0,2
S00104035,45,45,0,0,0
S00104036,52,50,2,2,0
S00104037,45,43,2,0,2
S00104038,73,68,5,1,4
S00104039,58,58,0,0,0
S00104040,48,48,0,0,0
S00104041,44,41,3,1,2
S00104042,64,64,0,0,0
S00104043,57,57,0,0,0
S00104044,55,49,6,5,1
S00104045,46,42,4,2,2
S00104046,45,45,0,0,0
S00104047,49,47,2,1,1
S00104048,40,37,3,0,3
S00104049,54,53,1,0,1
S00104050,48,48,0,0,0
S00104051,51,51,0,0,0
S00104052,42,40,2,1,1
S00104053,47,44,3,2,1
S00104054,43,43,0,0,0
S00104055,46,46,0,0,0
S00104056,53,50,3,0,3
S00104057,80,76,4,1,3
S00104058,44,42,2,1,1
S00104059,56,55,1,0,1
S00104060,52,52,0,0,0
S00104061,52,52,0,0,0
S00104062,50,50,0,0,0
S00104063,46,44,2,0,2
S00104064,43,43,0,0,0
S00104065,42,41,1,0,1
S00104066,60,59,1,0,1
S00104067,72,71,1,0,1
S00104068,31,30,1,0,1
S00104069,45,43,2,2,0
S00104070,52,52,0,0,0
S00104071,40,39,1,1,0
S00104072,49,49,0,0,0
S00104073,77,71,6,2,4
S00104074,40,38,2,1,1
S00104075,44,44,0,0,0
S00104076,43,43,0,0,0
S00104077,47,46,1,0,1
S00104078,44,41,3,2,1
S00104079,44,42,2,1,1
S00104080,45,43,2,0,2
S00104081,48,48,0,0,0
S00104082,44,41,3,2,1
S00104083,41,41,0,0,0
S00104084,52,49,3,1,2
S00104085,70,69,1,0,1
S00104086,61,59,2,0,2
S00104087,66,63,3,0,3
S00104088,74,67,7,4,3
S00104089,67,66,1,0,1
S00104090,61,59,2,0,2
S00104091,48,46,2,0,2
S00104092,71,71,0,0,0
S00104093,65,63,2,1,1
S00104094,61,58,3,1,2
S00104095,42,40,2,1,1
S00104096,31,29,2,0,2
S00104097,47,46,1,1,0
S00104098,32,32,0,0,0
S00104099,57,56,1,1,0
S00104100,75,75,0,0,0
S00104101,38,38,0,0,0
S00104102,59,59,0,0,0
S00104103,49,48,1,1,0
S00104104,51,49,2,2,0
S00104105,39,38,1,0,1
S00104106,54,50,4,3,1
S00104107,73,73,0,0,0
S00104108,60,57,3,2,1
S00104109,44,40,4,2,2
S00104110,51,50,1,1,0
S00104111,50,48,2,0,2
S00104112,58,53,5,5,0
S00104113,71,70,1,1,0
S00104114,54,53,1,0,1
S00104115,48,48,0,0,0
S00104116,55,55,0,0,0
S00104117,44,42,2,0,2
S00104118,38,36,2,2,0
S00104119,56,55,1,0,1
S00104120,48,48,0,0,0
S00104121,50,49,1,0,1
S00104122,65,60,5,1,4
S00104123,76,71,5,1,4
S00104124,72,69,3,0,3
S00104125,44,42,2,0,2
S00104126,40,34,6,3,3
S00104127,49,42,7,2,5
S00104128,44,43,1,1,0
S00104129,56,47,9,8,1
S00104130,42,42,0,0,0
S00104131,136,34,102,6,96
S00104132,43,42,1,1,0
S00104133,62,58,4,0,4
S00104134,54,51,3,1,2
S00104135,27,27,0,0,0
S00104136,48,48,0,0,0
S00104137,51,51,0,0,0
S00104138,47,47,0,0,0
S00104139,54,52,2,0,2
S00104140,53,52,1,0,1
S00104141,64,63,1,0,1
S00104142,39,37,2,1,1
S00104143,70,66,4,0,4
S00104144,64,63,1,0,1
S00104145,35,35,0,0,0
S00104146,62,59,3,0,3
S00104147,41,41,0,0,0
S00104148,57,56,1,0,1
S00104149,40,40,0,0,0
S00104150,58,56,2,1,1
S00104151,70,63,7,0,7
S00104152,70,69,1,0,1
S00104153,64,63,1,0,1
S00104154,91,89,2,1,1
S00104155,77,74,3,1,2
S00104156,38,36,2,0,2
S00104157,50,47,3,0,3
S00104158,52,51,1,0,1
S00104159,49,48,1,0,1
S00104160,87,85,2,0,2
S00104161,63,61,2,0,2
S00104162,69,68,1,0,1
S00104163,53,51,2,2,0
S00104164,42,42,0,0,0
S00104165,54,54,0,0,0
S00104166,63,63,0,0,0
S00104167,60,60,0,0,0
S00104168,46,43,3,1,2
S00104169,58,56,2,1,1
S00104170,46,45,1,1,0
S00104171,84,81,3,0,3
S00104172,43,40,3,0,3
S00104173,60,60,0,0,0
S00104174,58,57,1,1,0
S00104175,47,38,9,4,5
S00104176,62,61,1,0,1
S00104177,67,66,1,0,1
S00104178,61,60,1,0,1
S00104179,73,68,5,3,2
S00104180,60,57,3,0,3
S00104181,43,43,0,0,0
S00104182,74,73,1,0,1
S00104183,49,49,0,0,0
S00104184,62,59,3,1,2
S00104185,98,82,16,16,0
S00104186,59,59,0,0,0
S00104187,41,39,2,0,2
S00104188,47,46,1,0,1
S00104189,71,67,4,0,4
S00104190,63,62,1,0,1
S00104191,59,56,3,0,3
S00104192,65,64,1,0,1
S00104193,53,51,2,0,2
S00104194,54,53,1,0,1
S00104195,54,54,0,0,0
S00104196,46,46,0,0,0
S00104197,68,67,1,0,1
S00104198,43,39,4,1,3
S00104199,59,47,12,0,12
S00104200,71,71,0,0,0
S00104201,75,75,0,0,0
S00104202,51,51,0,0,0
S00104203,62,62,0,0,0
S00104204,55,54,1,1,0
S00104205,76,76,0,0,0
S00104206,70,69,1,0,1
S00104207,67,66,1,0,1
S00104208,51,51,0,0,0
S00104209,48,48,0,0,0
S00104210,44,43,1,0,1
S00104211,87,87,0,0,0
S00104212,74,69,5,0,5
S00104213,72,72,0,0,0
S00104214,72,71,1,0,1
S00104215,57,57,0,0,0
S00104216,84,83,1,1,0
S00104217,43,41,2,0,2
S00104218,51,50,1,0,1
S00104219,52,46,6,0,6
S00104220,51,50,1,1,0
S00104221,74,72,2,0,2
S00104222,50,50,0,0,0
S00104223,53,53,0,0,0
S00104224,50,50,0,0,0
S00104225,41,41,0,0,0
S00104226,49,49,0,0,0
S00104227,47,47,0,0,0
S00104228,45,44,1,0,1
S00104229,48,47,1,0,1
S00104230,51,51,0,0,0
S00104231,39,36,3,0,3
S00104232,69,69,0,0,0
S00104233,70,70,0,0,0
S00104234,76,74,2,0,2
S00104235,51,50,1,0,1
S00104236,52,52,0,0,0
S00104237,42,42,0,0,0
S00104238,78,77,1,0,1
S00104239,63,63,0,0,0
S00104240,42,40,2,0,2
S00104241,41,39,2,0,2
S00104242,75,73,2,0,2
S00104243,62,61,1,0,1
S00104244,36,35,1,0,1
S00104245,61,56,5,4,1
S00104246,59,59,0,0,0
S00104247,43,43,0,0,0
S00104248,69,67,2,0,2
S00104249,47,46,1,1,0
S00104250,50,48,2,0,2
S00104251,45,45,0,0,0
S00104252,43,42,1,0,1
S00104253,52,52,0,0,0
S00104254,40,40,0,0,0
S00104255,68,67,1,0,1
S00104256,56,55,1,0,1
S00104257,61,59,2,0,2
S00104258,78,78,0,0,0
S00104259,51,51,0,0,0
S00104260,61,61,0,0,0
S00104261,41,41,0,0,0
S00104262,63,63,0,0,0
S00104263,50,48,2,0,2
S00104264,81,76,5,0,5
S00104265,77,76,1,0,1
S00104266,46,46,0,0,0
S00104267,75,75,0,0,0
S00104268,60,58,2,0,2
S00104269,51,51,0,0,0
S00104270,72,67,5,0,5
S00104271,47,46,1,0,1
S00104272,72,71,1,1,0
S00104273,48,48,0,0,0
S00104274,46,45,1,0,1
S00104275,48,48,0,0,0
S00104276,38,38,0,0,0
S00104277,79,77,2,0,2
S00104278,90,87,3,2,1
S00104279,50,50,0,0,0
S00104280,74,73,1,0,1
S00104281,68,67,1,0,1
S00104282,70,69,1,1,0
S00104283,81,80,1,0,1
S00104284,34,34,0,0,0
S00104285,59,58,1,0,1
S00104286,68,64,4,1,3
S00104287,56,55,1,1,0
S00104288,59,59,0,0,0
S00104289,37,35,2,0,2
S00104290,37,35,2,1,1
S00104291,43,41,2,2,0
S00104292,43,43,0,0,0
S00104293,44,44,0,0,0
S00104294,75,74,1,0,1
S00104295,60,58,2,1,1
S00104296,40,40,0,0,0
S00104297,42,41,1,0,1
S00104298,65,62,3,0,3
S00104299,31,30,1,0,1
S00104300,48,48,0,0,0
S00104301,64,61,3,0,3
S00104302,40,39,1,0,1
S00104303,52,49,3,3,0
S00104304,45,44,1,1,0
S00104305,51,51,0,0,0
S00104306,53,52,1,1,0
S00104307,39,39,0,0,0
S00104308,57,56,1,0,1
S00104309,53,52,1,0,1
S00104310,62,60,2,0,2
S00104311,62,59,3,1,2
S00104312,34,28,6,3,3
S00104313,36,35,1,0,1
S00104314,52,51,1,0,1
S00104315,60,60,0,0,0
S00104316,79,78,1,0,1
S00104317,74,72,2,0,2
S00104318,60,56,4,0,4
S00104319,40,32,8,6,2
S00104320,46,46,0,0,0
S00104321,61,61,0,0,0
S00104322,40,38,2,0,2
S00104323,44,44,0,0,0
S00104324,55,54,1,0,1
S00104325,76,74,2,0,2
S00104326,73,73,0,0,0
S00104327,53,51,2,1,1
S00104328,45,43,2,0,2
S00104329,47,44,3,0,3
S00104330,36,35,1,0,1
S00104331,47,46,1,1,0
S00104332,76,73,3,0,3
S00104333,62,62,0,0,0
S00104334,45,39,6,3,3
S00104335,44,44,0,0,0
S00104336,74,69,5,4,1
S00104337,75,74,1,0,1
S00104338,78,77,1,0,1
S00104339,66,63,3,2,1
S00104340,53,51,2,1,1
S00104341,50,47,3,0,3
S00104342,39,38,1,0,1
S00104343,72,67,5,0,5
S00104344,63,61,2,0,2
S00104345,64,62,2,1,1
S00104346,62,59,3,0,3
S00104347,76,74,2,0,2
S00104348,66,64,2,1,1
S00104349,51,51,0,0,0
S00104350,51,50,1,0,1
S00104351,49,48,1,0,1
S00104352,49,49,0,0,0
S00104353,63,53,10,1,9
S00104354,35,33,2,0,2
S00104355,86,84,2,1,1
S00104356,45,45,0,0,0
S00104357,71,69,2,2,0
S00104358,55,54,1,0,1
S00104359,84,83,1,1,0
S00104360,56,53,3,1,2
S00104361,38,38,0,0,0
S00104362,79,77,2,0,2
S00104363,42,41,1,0,1
S00104364,64,62,2,0,2
S00104365,73,70,3,0,3
S00104366,67,64,3,0,3
S00104367,59,58,1,1,0
S00104368,49,48,1,0,1
S00104369,71,69,2,0,2
S00104370,69,68,1,0,1
S00104371,42,42,0,0,0
S00104372,36,31,5,1,4
S00104373,48,43,5,5,0
S00104374,61,58,3,2,1
S00104375,49,42,7,3,4
S00104376,43,42,1,1,0
S00104377,55,54,1,0,1
S00104378,35,34,1,1,0
S00104379,59,57,2,0,2
S00104380,56,55,1,1,0
S00104381,63,61,2,0,2
S00104382,39,36,3,1,2
S00104383,72,71,1,0,1
S00104384,46,45,1,0,1
S00104385,44,41,3,0,3
S00104386,55,53,2,1,1
S00104387,64,60,4,2,2
S00104388,55,52,3,1,2
S00104389,50,48,2,0,2
S00104390,55,54,1,0,1
S00104391,55,55,0,0,0
S00104392,39,39,0,0,0
S00104393,54,54,0,0,0
S00104394,47,45,2,0,2
S00104395,40,40,0,0,0
S00104396,46,45,1,0,1
S00104397,58,51,7,5,2
S00104398,62,59,3,0,3
S00104399,59,58,1,1,0
S00104400,41,40,1,0,1
S00104401,46,45,1,0,1
S00104402,44,44,0,0,0
S00104403,78,78,0,0,0
S00104404,62,62,0,0,0
S00104405,38,36,2,1,1
S00104406,70,69,1,0,1
S00104407,47,47,0,0,0
S00104408,62,59,3,0,3
S00104409,63,62,1,0,1
S00104410,67,67,0,0,0
S00104411,66,66,0,0,0
S00104412,46,46,0,0,0
S00104413,68,68,0,0,0
S00104414,44,43,1,0,1
S00104415,23,23,0,0,0
S00104416,70,68,2,0,2
S00104417,54,51,3,0,3
S00104418,45,45,0,0,0
S00104419,78,77,1,0,1
S00104420,56,56,0,0,0
S00104421,51,51,0,0,0
S00104422,83,81,2,0,2
S00104423,68,65,3,0,3
S00104424,67,66,1,0,1
S00104425,80,76,4,0,4
S00104426,27,27,0,0,0
S00104427,35,34,1,1,0
S00104428,53,52,1,0,1
S00104429,58,57,1,0,1
S00104430,30,30,0,0,0
S00104431,67,67,0,0,0
S00104432,42,41,1,0,1
S00104433,41,39,2,1,1
S00104434,61,58,3,2,1
S00104435,42,39,3,1,2
S00104436,57,53,4,3,1
S00104437,65,64,1,1,0
S00104438,54,54,0,0,0
S00104439,42,40,2,0,2
S00104440,71,70,1,0,1
S00104441,77,76,1,0,1
S00104442,33,33,0,0,0
S00104443,46,45,1,0,1
S00104444,45,45,0,0,0
S00104445,60,58,2,1,1
S00104446,44,42,2,0,2
S00104447,54,54,0,0,0
S00104448,61,61,0,0,0
S00104449,60,60,0,0,0
S00104450,41,37,4,4,0
S00104451,78,77,1,1,0
S00104452,68,68,0,0,0
S00104453,49,48,1,0,1
S00104454,53,51,2,0,2
S00104455,82,79,3,1,2
S00104456,82,81,1,0,1
S00104457,68,66,2,1,1
S00104458,56,53,3,0,3
S00104459,44,44,0,0,0
S00104460,50,45,5,0,5
S00104461,60,53,7,0,7
S00104462,74,71,3,0,3
S00104463,72,66,6,0,6
S00104464,81,80,1,1,0
S00104465,33,33,0,0,0
S00104466,54,52,2,0,2
S00104467,54,53,1,0,1
S00104468,58,58,0,0,0
S00104469,55,52,3,0,3
S00104470,92,86,6,1,5
S00104471,87,85,2,0,2
S00104472,49,47,2,0,2
S00104473,76,74,2,0,2
S00104474,70,69,1,1,0
S00104475,78,76,2,0,2
S00104476,60,59,1,0,1
S00104477,50,50,0,0,0
S00104478,52,51,1,0,1
S00104479,41,38,3,0,3
S00104480,56,53,3,1,2
S00104481,48,46,2,0,2
S00104482,79,77,2,0,2
S00104483,58,56,2,0,2
S00104484,72,72,0,0,0
S00104485,56,56,0,0,0
S00104486,60,60,0,0,0
S00104487,77,76,1,0,1
S00104488,74,74,0,0,0
S00104489,74,74,0,0,0
S00104490,71,69,2,0,2
S00104491,70,68,2,0,2
S00104492,42,39,3,1,2
S00104493,69,67,2,0,2
S00104494,65,63,2,0,2
S00104495,75,75,0,0,0
S00104496,66,65,1,0,1
S00104497,77,77,0,0,0
S00104498,60,57,3,1,2
S00104499,48,48,0,0,0
S00104500,49,47,2,0,2
S00104501,45,43,2,0,2
S00104502,46,45,1,0,1
S00104503,42,42,0,0,0
S00104504,56,56,0,0,0
S00104505,77,77,0,0,0
S00104506,60,60,0,0,0
S00104507,45,44,1,0,1
S00104508,50,50,0,0,0
S00104509,45,45,0,0,0
S00104510,49,48,1,0,1
S00104511,45,44,1,0,1
S00104512,47,47,0,0,0
S00104513,45,45,0,0,0
S00104514,51,49,2,0,2
S00104515,53,53,0,0,0
S00104516,58,57,1,0,1
S00104517,49,48,1,0,1
S00104518,50,50,0,0,0
S00104519,53,52,1,0,1
S00104520,44,44,0,0,0
S00104521,51,51,0,0,0
S00104522,61,61,0,0,0
S00104523,42,41,1,0,1
S00104524,42,41,1,0,1
S00104525,41,41,0,0,0
S00104526,43,41,2,0,2
S00104527,46,46,0,0,0
S00104528,36,36,0,0,0
S00104529,45,44,1,0,1
S00104530,40,38,2,0,2
S00104531,54,51,3,0,3
S00104532,45,44,1,0,1
S00104533,42,41,1,0,1
S00104534,73,72,1,0,1
S00104535,52,52,0,0,0
S00104536,52,50,2,0,2
S00104537,44,42,2,0,2
S00104538,80,73,7,0,7
S00104539,50,48,2,0,2
S00104540,82,77,5,0,5
S00104541,54,51,3,0,3
S00104542,53,51,2,0,2
S00104543,45,42,3,0,3
S00104544,46,43,3,0,3
S00104545,51,51,0,0,0
S00104546,52,51,1,0,1
S00104547,50,48,2,0,2
S00104548,65,64,1,0,1
S00104549,52,50,2,1,1
S00104550,51,51,0,0,0
S00104551,54,54,0,0,0
S00104552,55,54,1,0,1
S00104553,50,49,1,0,1
S00104554,50,49,1,0,1
S00104555,50,47,3,0,3
S00104556,44,44,0,0,0
S00104557,52,52,0,0,0
S00104558,44,44,0,0,0
S00104559,46,46,0,0,0
S00104560,51,49,2,0,2
S00104561,48,47,1,0,1
S00104562,41,41,0,0,0
S00104563,46,43,3,0,3
S00104564,53,52,1,0,1
S00104565,77,77,0,0,0
S00104566,45,45,0,0,0
S00104567,47,45,2,0,2
S00104568,45,43,2,0,2
S00104569,55,54,1,0,1
S00104570,44,44,0,0,0
S00104571,42,40,2,0,2
S00104572,49,48,1,0,1
S00104573,65,65,0,0,0
S00104574,37,36,1,0,1
S00104575,41,41,0,0,0
S00104576,40,40,0,0,0
S00104577,44,44,0,0,0
S00104578,43,42,1,0,1
S00104579,50,50,0,0,0
S00104580,74,74,0,0,0
S00104581,70,69,1,0,1
S00104582,52,51,1,1,0
S00104583,83,82,1,0,1
S00104584,43,40,3,1,2
S00104585,71,71,0,0,0
S00104586,59,59,0,0,0
S00104587,46,45,1,0,1
S00104588,34,33,1,0,1
S00104589,48,48,0,0,0
S00104590,40,39,1,0,1
S00104591,39,39,0,0,0
S00104592,71,71,0,0,0
S00104593,40,40,0,0,0
S00104594,44,43,1,0,1
S00104595,49,48,1,0,1
S00104596,58,57,1,0,1
S00104597,57,56,1,0,1
S00104598,35,35,0,0,0
S00104599,58,58,0,0,0
S00104600,57,55,2,1,1
S00104601,82,81,1,0,1
S00104602,53,48,5,0,5
S00104603,41,41,0,0,0
S00104604,42,42,0,0,0
S00104605,41,41,0,0,0
S00104606,51,50,1,0,1
S00104607,62,62,0,0,0
S00104608,55,55,0,0,0
S00104609,51,51,0,0,0
S00104610,47,46,1,0,1
S00104611,57,57,0,0,0
S00104612,33,33,0,0,0
S00104613,45,45,0,0,0
S00104614,62,62,0,0,0
S00104615,60,60,0,0,0
S00104616,40,40,0,0,0
S00104617,43,43,0,0,0
S00104618,39,39,0,0,0
S00104619,47,47,0,0,0
S00104620,47,47,0,0,0
S00104621,40,37,3,3,0
S00104622,39,39,0,0,0
S00104623,64,64,0,0,0
S00104624,39,39,0,0,0
S00104625,41,40,1,0,1
S00104626,44,44,0,0,0
S00104627,46,44,2,1,1
S00104628,50,49,1,0,1
S00104629,33,31,2,0,2
S00104630,50,47,3,0,3
S00104631,44,43,1,1,0
S00104632,50,50,0,0,0
S00104633,53,53,0,0,0
S00104634,69,69,0,0,0
S00104635,66,66,0,0,0
S00104636,46,45,1,0,1
S00104637,46,42,4,0,4
S00104638,58,56,2,0,2
S00104639,74,73,1,0,1
S00104640,42,42,0,0,0
S00104641,48,48,0,0,0
S00104642,46,45,1,0,1
S00104643,45,44,1,0,1
S00104644,44,43,1,0,1
S00104645,47,45,2,0,2
S00104646,54,50,4,2,2
S00104647,45,45,0,0,0
S00104648,42,40,2,0,2
S00104649,46,40,6,1,5
S00104650,32,31,1,0,1
S00104651,51,48,3,2,1
S00104652,55,55,0,0,0
S00104653,59,58,1,0,1
S00104654,45,45,0,0,0
S00104655,68,66,2,1,1
S00104656,64,63,1,0,1
S00104657,73,69,4,1,3
S00104658,66,63,3,0,3
S00104659,73,70,3,1,2
S00104660,63,62,1,0,1
S00104661,74,71,3,0,3
S00104662,90,83,7,3,4
S00104663,64,62,2,1,1
S00104664,49,49,0,0,0
S00104665,70,69,1,1,0
S00104666,40,40,0,0,0
S00104667,37,36,1,0,1
S00104668,76,76,0,0,0
S00104669,66,66,0,0,0
S00104670,73,66,7,1,6
S00104671,68,67,1,0,1
S00104672,61,59,2,1,1
S00104673,45,42,3,1,2
S00104674,39,37,2,0,2
S00104675,45,45,0,0,0
S00104676,81,79,2,0,2
S00104677,63,63,0,0,0
S00104678,51,50,1,0,1
S00104679,66,63,3,2,1
S00104680,64,64,0,0,0
S00104681,54,53,1,1,0
S00104682,65,61,4,0,4
S00104683,45,45,0,0,0
S00104684,45,43,2,1,1
S00104685,81,79,2,0,2
S00104686,56,54,2,1,1
S00104687,56,56,0,0,0
S00104688,62,60,2,1,1
S00104689,74,72,2,0,2
S00104690,52,52,0,0,0
S00104691,59,59,0,0,0
S00104692,36,36,0,0,0
S00104693,63,61,2,1,1
S00104694,63,60,3,0,3
S00104695,70,68,2,1,1
S00104696,70,67,3,2,1
S00104697,49,47,2,0,2
S00104698,48,48,0,0,0
S00104699,51,50,1,0,1
S00104700,56,56,0,0,0
S00104701,58,58,0,0,0
S00104702,66,65,1,0,1
S00104703,72,71,1,1,0
S00104704,35,35,0,0,0
S00104705,56,53,3,1,2
S00104706,49,47,2,1,1
S00104707,65,63,2,1,1
S00104708,53,53,0,0,0
S00104709,60,48,12,0,12
S00104710,52,51,1,0,1
S00104711,63,59,4,1,3
S00104712,44,44,0,0,0
S00104713,68,66,2,2,0
S00104714,50,50,0,0,0
S00104715,71,67,4,2,2
S00104716,69,67,2,1,1
S00104717,53,53,0,0,0
S00104718,40,38,2,1,1
S00104719,57,55,2,1,1
S00104720,78,76,2,2,0
S00104721,53,50,3,1,2
S00104722,51,50,1,0,1
S00104723,47,44,3,2,1
S00104724,44,44,0,0,0
S00104725,60,60,0,0,0
S00104726,65,64,1,0,1
S00104727,76,73,3,0,3
S00104728,65,62,3,0,3
S00104729,72,72,0,0,0
S00104730,72,69,3,0,3
S00104731,36,34,2,2,0
S00104732,44,44,0,0,0
S00104733,61,60,1,0,1
S00104734,32,32,0,0,0
S00104735,48,48,0,0,0
S00104736,65,64,1,1,0
S00104737,42,42,0,0,0
S00104738,69,69,0,0,0
S00104739,55,55,0,0,0
S00104740,59,59,0,0,0
S00104741,57,56,1,0,1
S00104742,56,56,0,0,0
S00104743,61,60,1,1,0
S00104744,52,50,2,2,0
S00104745,42,42,0,0,0
S00104746,42,41,1,0,1
S00104747,50,50,0,0,0
S00104748,46,46,0,0,0
S00104749,42,42,0,0,0
S00104750,77,70,7,1,6
S00104751,42,40,2,0,2
S00104752,56,55,1,0,1
S00104753,57,56,1,0,1
S00104754,45,45,0,0,0
S00104755,41,40,1,1,0
S00104756,45,45,0,0,0
S00104757,44,43,1,1,0
S00104758,32,32,0,0,0
S00104759,48,48,0,0,0
S00104760,58,58,0,0,0
S00104761,56,55,1,1,0
S00104762,44,43,1,1,0
S00104763,50,50,0,0,0
S00104764,76,74,2,0,2
S00104765,56,56,0,0,0
S00104766,76,75,1,0,1
S00104767,73,73,0,0,0
S00104768,68,68,0,0,0
S00104769,62,60,2,1,1
S00104770,45,42,3,0,3
S00104771,48,46,2,0,2
S00104772,66,61,5,0,5
S00104773,44,44,0,0,0
S00104774,37,37,0,0,0
S00104775,68,66,2,0,2
S00104776,57,56,1,1,0
S00104777,56,54,2,2,0
S00104778,59,58,1,0,1
S00104779,38,38,0,0,0
S00104780,54,53,1,1,0
S00104781,56,54,2,1,1
S00104782,69,67,2,0,2
S00104783,62,60,2,1,1
S00104784,52,50,2,1,1
S00104785,43,42,1,1,0
S00104786,38,36,2,0,2
S00104787,44,44,0,0,0
S00104788,29,29,0,0,0
S00104789,65,64,1,0,1
S00104790,69,67,2,0,2
S00104791,51,49,2,0,2
S00104792,56,51,5,0,5
S00104793,33,31,2,1,1
S00104794,29,29,0,0,0
S00104795,43,40,3,2,1
S00104796,37,37,0,0,0
S00104797,48,48,0,0,0
S00104798,66,63,3,1,2
S00104799,65,62,3,2,1
S00104800,85,79,6,1,5
S00104801,54,51,3,3,0
S00104802,67,65,2,0,2
S00104803,73,70,3,2,1
S00104804,52,50,2,0,2
S00104805,50,50,0,0,0
S00104806,86,85,1,0,1
S00104807,49,49,0,0,0
S00104808,51,50,1,0,1
S00104809,48,46,2,0,2
S00104810,54,52,2,0,2
S00104811,80,73,7,7,0
S00104812,41,41,0,0,0
S00104813,43,43,0,0,0
S00104814,39,38,1,0,1
S00104815,39,39,0,0,0
S00104816,59,59,0,0,0
S00104817,41,40,1,0,1
S00104818,74,74,0,0,0
S00104819,65,63,2,2,0
S00104820,73,71,2,2,0
S00104821,47,47,0,0,0
S00104822,48,45,3,0,3
S00104823,56,55,1,0,1
S00104824,51,51,0,0,0
S00104825,58,57,1,1,0
S00104826,73,71,2,1,1
S00104827,48,45,3,1,2
S00104828,53,50,3,2,1
S00104829,67,67,0,0,0
S00104830,54,52,2,0,2
S00104831,47,47,0,0,0
S00104832,48,47,1,0,1
S00104833,55,55,0,0,0
S00104834,40,40,0,0,0
S00104835,54,54,0,0,0
S00104836,67,66,1,0,1
S00104837,62,61,1,0,1
S00104838,53,53,0,0,0
S00104839,65,64,1,1,0
S00104840,73,71,2,1,1
S00104841,50,49,1,0,1
S00104842,69,68,1,0,1
S00104843,76,76,0,0,0
S00104844,51,50,1,0,1
S00104845,42,37,5,0,5
S00104846,44,44,0,0,0
S00104847,60,57,3,0,3
S00104848,40,36,4,0,4
S00104849,48,44,4,0,4
S00104850,47,46,1,0,1
S00104851,41,41,0,0,0
S00104852,65,64,1,0,1
S00104853,41,40,1,1,0
S00104854,57,56,1,1,0
S00104855,38,35,3,0,3
S00104856,54,53,1,1,0
S00104857,54,54,0,0,0
S00104858,48,48,0,0,0
S00104859,59,58,1,1,0
S00104860,69,65,4,1,3
S00104861,69,69,0,0,0
S00104862,49,49,0,0,0
S00104863,55,54,1,0,1
S00104864,52,50,2,1,1
S00104865,48,47,1,1,0
S00104866,48,48,0,0,0
S00104867,56,56,0,0,0
S00104868,76,76,0,0,0
S00104869,56,56,0,0,0
S00104870,71,71,0,0,0
S00104871,60,59,1,0,1
S00104872,49,46,3,2,1
S00104873,46,44,2,0,2
S00104874,44,40,4,0,4
S00104875,64,62,2,1,1
S00104876,55,55,0,0,0
S00104877,42,39,3,2,1
S00104878,46,42,4,1,3
S00104879,40,39,1,1,0
S00104880,60,58,2,1,1
S00104881,40,40,0,0,0
S00104882,59,57,2,1,1
S00104883,34,34,0,0,0
S00104884,39,37,2,1,1
S00104885,37,37,0,0,0
S00104886,47,47,0,0,0
S00104887,78,76,2,0,2
S00104888,64,61,3,1,2
S00104889,76,75,1,0,1
S00104890,66,63,3,0,3
S00104891,79,73,6,1,5
S00104892,68,63,5,2,3
S00104893,51,50,1,0,1
S00104894,53,51,2,0,2
S00104895,43,43,0,0,0
S00104896,33,32,1,1,0
S00104897,71,70,1,0,1
S00104898,57,55,2,0,2
S00104899,76,74,2,0,2
S00104900,51,50,1,0,1
S00104901,27,26,1,0,1
S00104902,43,41,2,1,1
S00104903,61,55,6,0,6
S00104904,54,54,0,0,0
S00104905,35,33,2,0,2
S00104906,70,70,0,0,0
S00104907,64,64,0,0,0
S00104908,53,51,2,0,2
S00104909,55,53,2,0,2
S00104910,57,56,1,1,0
S00104911,39,38,1,1,0
S00104912,72,72,0,0,0
S00104913,42,42,0,0,0
S00104914,65,62,3,1,2
S00104915,65,63,2,0,2
S00104916,63,62,1,0,1
S00104917,29,29,0,0,0
S00104918,54,53,1,0,1
S00104919,65,65,0,0,0
S00104920,70,69,1,1,0
S00104921,62,59,3,2,1
S00104922,41,41,0,0,0
S00104923,60,59,1,1,0
S00104924,27,27,0,0,0
S00104925,64,63,1,0,1
S00104926,53,53,0,0,0
S00104927,56,52,4,0,4
S00104928,26,24,2,1,1
S00104929,55,54,1,0,1
S00104930,43,38,5,1,4
S00104931,47,47,0,0,0
S00104932,86,86,0,0,0
S00104933,52,51,1,1,0
S00104934,72,70,2,2,0
S00104935,46,45,1,0,1
S00104936,45,43,2,2,0
S00104937,54,54,0,0,0
S00104938,53,52,1,0,1
S00104939,54,53,1,0,1
S00104940,50,49,1,0,1
S00104941,46,44,2,0,2
S00104942,39,33,6,0,6
S00104943,65,62,3,0,3
S00104944,43,42,1,0,1
S00104945,76,74,2,0,2
S00104946,60,60,0,0,0
S00104947,53,53,0,0,0
S00104948,46,44,2,0,2
S00104949,42,42,0,0,0
S00104950,42,42,0,0,0
S00104951,50,50,0,0,0
S00104952,44,43,1,0,1
S00104953,55,54,1,0,1
S00104954,44,42,2,0,2
S00104955,36,35,1,0,1
S00104956,51,46,5,0,5
S00104957,62,56,6,2,4
S00104958,75,70,5,2,3
S00104959,64,62,2,0,2
S00104960,56,56,0,0,0
S00104961,40,39,1,0,1
S00104962,60,52,8,3,5
S00104963,64,62,2,1,1
S00104964,55,54,1,1,0
S00104965,50,49,1,1,0
S00104966,54,53,1,0,1
S00104967,58,55,3,3,0
S00104968,50,49,1,0,1
S00104969,46,44,2,1,1
S00104970,39,39,0,0,0
S00104971,26,26,0,0,0
S00104972,51,51,0,0,0
S00104973,54,52,2,1,1
S00104974,41,39,2,1,1
S00104975,44,42,2,0,2
S00104976,80,74,6,0,6
S00104977,49,49,0,0,0
S00104978,73,68,5,0,5
S00104979,64,61,3,3,0
S00104980,64,62,2,1,1
S00104981,29,29,0,0,0
S00104982,59,59,0,0,0
S00104983,51,48,3,0,3
S00104984,39,37,2,0,2
S00104985,61,57,4,0,4
S00104986,44,44,0,0,0
S00104987,38,38,0,0,0
S00104988,86,81,5,1,4
S00104989,35,35,0,0,0
S00104990,34,33,1,0,1
S00104991,40,40,0,0,0
S00104992,42,39,3,1,2
S00104993,71,70,1,1,0
S00104994,69,66,3,2,1
S00104995,52,50,2,1,1
S00104996,51,50,1,0,1
S00104997,44,44,0,0,0
S00104998,50,50,0,0,0
S00104999,64,62,2,0,2
S00105000,55,52,3,0,3
S00105001,52,51,1,0,1
S00105002,53,49,4,0,4
S00105003,41,41,0,0,0
S00105004,47,47,0,0,0
S00105005,44,44,0,0,0
S00105006,49,49,0,0,0
S00105007,48,48,0,0,0
S00105008,47,47,0,0,0
S00105009,52,52,0,0,0
S00105010,47,47,0,0,0
S00105011,40,40,0,0,0
S00105012,57,56,1,0,1
S00105013,47,47,0,0,0
S00105014,42,42,0,0,0
S00105015,61,61,0,0,0
S00105016,59,59,0,0,0
S00105017,41,41,0,0,0
S00105018,39,39,0,0,0
S00105019,70,70,0,0,0
S00105020,47,47,0,0,0
S00105021,47,47,0,0,0
S00105022,51,51,0,0,0
S00105023,47,47,0,0,0
S00105024,49,49,0,0,0
S00105025,42,42,0,0,0
S00105026,47,47,0,0,0
S00105027,54,54,0,0,0
S00105028,74,71,3,0,3
S00105029,62,61,1,0,1
S00105030,47,46,1,0,1
S00105031,55,55,0,0,0
S00105032,40,38,2,0,2
S00105033,46,45,1,0,1
S00105034,52,52,0,0,0
S00105035,57,57,0,0,0
S00105036,74,74,0,0,0
S00105037,63,63,0,0,0
S00105038,50,50,0,0,0
S00105039,58,58,0,0,0
S00105040,53,52,1,1,0
S00105041,46,46,0,0,0
S00105042,44,43,1,0,1
S00105043,38,38,0,0,0
S00105044,49,47,2,0,2
S00105045,51,49,2,1,1
S00105046,30,29,1,0,1
S00105047,60,60,0,0,0
S00105048,75,74,1,0,1
S00105049,51,50,1,1,0
S00105050,49,49,0,0,0
S00105051,65,64,1,1,0
S00105052,46,45,1,0,1
S00105053,46,44,2,0,2
S00105054,44,44,0,0,0
S00105055,54,53,1,0,1
S00105056,51,51,0,0,0
S00105057,56,54,2,0,2
S00105058,43,42,1,0,1
S00105059,67,67,0,0,0
S00105060,53,51,2,0,2
S00105061,49,49,0,0,0
S00105062,40,39,1,0,1
S00105063,67,66,1,0,1
S00105064,67,67,0,0,0
S00105065,61,61,0,0,0
S00105066,76,75,1,0,1
S00105067,47,46,1,1,0
S00105068,50,50,0,0,0
S00105069,47,46,1,0,1
S00105070,45,45,0,0,0
S00105071,52,52,0,0,0
S00105072,57,57,0,0,0
S00105073,62,61,1,0,1
S00105074,41,40,1,0,1
S00105075,43,41,2,0,2
S00105076,41,41,0,0,0
S00105077,43,43,0,0,0
S00105078,53,53,0,0,0
S00105079,56,55,1,0,1
S00105080,47,47,0,0,0
S00105081,49,48,1,1,0
S00105082,48,48,0,0,0
S00105083,26,26,0,0,0
S00105084,41,41,0,0,0
S00105085,45,43,2,0,2
S00105086,49,49,0,0,0
S00105087,55,55,0,0,0
S00105088,41,40,1,0,1
S00105089,44,44,0,0,0
S00105090,75,74,1,0,1
S00105091,45,44,1,0,1
S00105092,76,74,2,0,2
S00105093,74,73,1,0,1
S00105094,62,61,1,0,1
S00105095,41,40,1,0,1
S00105096,42,41,1,1,0
S00105097,63,62,1,0,1
S00105098,48,47,1,0,1
S00105099,44,42,2,0,2
S00105100,80,80,0,0,0
S00105101,72,70,2,2,0
S00105102,68,66,2,0,2
S00105103,68,66,2,0,2
S00105104,75,73,2,0,2
S00105105,48,48,0,0,0
S00105106,48,46,2,1,1
S00105107,47,45,2,0,2
S00105108,48,48,0,0,0
S00105109,46,46,0,0,0
S00105110,48,47,1,0,1
S00105111,73,73,0,0,0
S00105112,47,47,0,0,0
S00105113,59,59,0,0,0
S00105114,48,47,1,0,1
S00105115,48,48,0,0,0
S00105116,49,47,2,0,2
S00105117,48,47,1,0,1
S00105118,68,67,1,0,1
S00105119,79,77,2,0,2
S00105120,65,65,0,0,0
S00105121,63,63,0,0,0
S00105122,77,76,1,0,1
S00105123,74,71,3,0,3
S00105124,57,57,0,0,0
S00105125,50,49,1,0,1
S00105126,52,52,0,0,0
S00105127,37,37,0,0,0
S00105128,44,43,1,0,1
S00105129,71,71,0,0,0
S00105130,38,37,1,0,1
S00105131,66,64,2,1,1
S00105132,44,42,2,0,2
S00105133,55,54,1,0,1
S00105134,43,43,0,0,0
S00105135,48,47,1,0,1
S00105136,48,43,5,0,5
S00105137,59,56,3,0,3
S00105138,58,58,0,0,0
S00105139,43,43,0,0,0
S00105140,47,47,0,0,0
S00105141,31,31,0,0,0
S00105142,62,61,1,0,1
S00105143,68,66,2,0,2
S00105144,68,66,2,0,2
S00105145,61,60,1,0,1
S00105146,48,41,7,0,7
S00105147,81,77,4,0,4
S00105148,73,65,8,1,7
S00105149,65,63,2,0,2
S00105150,62,62,0,0,0
S00105151,77,73,4,2,2
S00105152,71,69,2,1,1
S00105153,63,63,0,0,0
S00105154,60,59,1,0,1
S00105155,43,43,0,0,0
S00105156,48,48,0,0,0
S00105157,64,64,0,0,0
S00105158,60,58,2,0,2
S00105159,47,47,0,0,0
S00105160,47,47,0,0,0
S00105161,72,67,5,0,5
S00105162,73,69,4,0,4
S00105163,60,59,1,0,1
S00105164,47,46,1,1,0
S00105165,47,46,1,0,1
S00105166,79,78,1,1,0
S00105167,57,51,6,2,4
S00105168,57,56,1,0,1
S00105169,61,59,2,0,2
S00105170,45,43,2,0,2
S00105171,51,51,0,0,0
S00105172,62,61,1,0,1
S00105173,68,64,4,1,3
S00105174,43,43,0,0,0
S00105175,47,46,1,0,1
S00105176,44,42,2,0,2
S00105177,33,32,1,0,1
S00105178,54,53,1,0,1
S00105179,26,25,1,0,1
S00105180,48,48,0,0,0
S00105181,48,47,1,0,1
S00105182,47,45,2,0,2
S00105183,51,50,1,0,1
S00105184,55,53,2,0,2
S00105185,40,38,2,0,2
S00105186,57,55,2,0,2
S00105187,65,62,3,0,3
S00105188,57,56,1,0,1
S00105189,48,45,3,0,3
S00105190,48,45,3,0,3
S00105191,49,47,2,1,1
S00105192,34,34,0,0,0
S00105193,45,45,0,0,0
S00105194,66,65,1,0,1
S00105195,46,45,1,0,1
S00105196,48,46,2,0,2
S00105197,48,46,2,0,2
S00105198,64,62,2,0,2
S00105199,57,56,1,0,1
S00105200,48,48,0,0,0
S00105201,43,42,1,0,1
S00105202,51,46,5,0,5
S00105203,55,55,0,0,0
S00105204,54,54,0,0,0
S00105205,51,50,1,0,1
S00105206,63,57,6,0,6
S00105207,67,65,2,1,1
S00105208,43,42,1,0,1
S00105209,73,72,1,0,1
S00105210,38,38,0,0,0
S00105211,62,58,4,0,4
S00105212,67,66,1,0,1
S00105213,57,53,4,1,3
S00105214,42,42,0,0,0
S00105215,39,39,0,0,0
S00105216,46,43,3,0,3
S00105217,36,35,1,0,1
S00105218,93,93,0,0,0
S00105219,68,68,0,0,0
S00105220,88,87,1,0,1
S00105221,72,71,1,0,1
S00105222,71,69,2,0,2
S00105223,59,59,0,0,0
S00105224,74,68,6,0,6
S00105225,78,75,3,0,3
S00105226,62,60,2,1,1
S00105227,67,63,4,4,0
S00105228,48,48,0,0,0
S00105229,70,68,2,1,1
S00105230,50,49,1,0,1
S00105231,32,31,1,0,1
S00105232,56,55,1,0,1
S00105233,64,62,2,1,1
S00105234,70,69,1,1,0
S00105235,77,75,2,1,1
S00105236,82,81,1,0,1
S00105237,54,54,0,0,0
S00105238,44,44,0,0,0
S00105239,36,35,1,1,0
S00105240,50,49,1,0,1
S00105241,57,57,0,0,0
S00105242,47,46,1,0,1
S00105243,48,48,0,0,0
S00105244,40,40,0,0,0
S00105245,72,71,1,1,0
S00105246,51,48,3,3,0
S00105247,53,50,3,3,0
S00105248,47,42,5,5,0
S00105249,46,45,1,1,0
S00105250,45,45,0,0,0
S00105251,55,53,2,1,1
S00105252,41,39,2,2,0
S00105253,49,49,0,0,0
S00105254,38,38,0,0,0
S00105255,72,69,3,2,1
S00105256,62,62,0,0,0
S00105257,47,47,0,0,0
S00105258,40,40,0,0,0
S00105259,35,35,0,0,0
S00105260,56,56,0,0,0
S00105261,70,69,1,0,1
S00105262,52,52,0,0,0
S00105263,48,48,0,0,0
S00105264,69,69,0,0,0
S00105265,51,51,0,0,0
S00105266,42,42,0,0,0
S00105267,53,53,0,0,0
S00105268,51,51,0,0,0
S00105269,28,28,0,0,0
S00105270,70,70,0,0,0
S00105271,49,49,0,0,0
S00105272,54,54,0,0,0
S00105273,28,28,0,0,0
S00105274,48,48,0,0,0
S00105275,52,52,0,0,0
S00105276,48,48,0,0,0
S00105277,32,32,0,0,0
S00105278,63,63,0,0,0
S00105279,71,69,2,0,2
S00105280,42,42,0,0,0
S00105281,44,42,2,0,2
S00105282,48,48,0,0,0
S00105283,52,51,1,0,1
S00105284,55,52,3,0,3
S00105285,51,50,1,0,1
S00105286,50,47,3,0,3
S00105287,39,38,1,0,1
S00105288,68,62,6,0,6
S00105289,40,39,1,0,1
S00105290,46,44,2,0,2
S00105291,45,44,1,0,1
S00105292,46,45,1,0,1
S00105293,40,40,0,0,0
S00105294,51,49,2,0,2
S00105295,59,57,2,0,2
S00105296,43,42,1,0,1
S00105297,45,45,0,0,0
S00105298,44,44,0,0,0
S00105299,64,61,3,0,3
S00105300,73,71,2,0,2
S00105301,42,38,4,1,3
S00105302,68,67,1,0,1
S00105303,42,42,0,0,0
S00105304,47,41,6,1,5
S00105305,55,55,0,0,0
S00105306,66,66,0,0,0
S00105307,44,43,1,0,1
S00105308,40,38,2,0,2
S00105309,65,63,2,0,2
S00105310,48,47,1,0,1
S00105311,68,66,2,0,2
S00105312,79,77,2,0,2
S00105313,59,58,1,0,1
S00105314,36,36,0,0,0
S00105315,49,49,0,0,0
S00105316,54,54,0,0,0
S00105317,64,63,1,0,1
S00105318,40,40,0,0,0
S00105319,60,60,0,0,0
S00105320,72,72,0,0,0
S00105321,74,73,1,0,1
S00105322,46,45,1,0,1
S00105323,93,91,2,0,2
S00105324,67,67,0,0,0
S00105325,59,59,0,0,0
S00105326,56,56,0,0,0
S00105327,40,40,0,0,0
S00105328,52,52,0,0,0
S00105329,53,51,2,0,2
S00105330,49,48,1,0,1
S00105331,62,62,0,0,0
S00105332,45,41,4,0,4
S00105333,44,44,0,0,0
S00105334,36,36,0,0,0
S00105335,59,55,4,0,4
S00105336,24,22,2,2,0
S00105337,36,35,1,0,1
S00105338,42,41,1,0,1
S00105339,48,48,0,0,0
S00105340,46,46,0,0,0
S00105341,56,56,0,0,0
S00105342,60,60,0,0,0
S00105343,59,57,2,2,0
S00105344,34,34,0,0,0
S00105345,60,59,1,0,1
S00105346,50,49,1,0,1
S00105347,49,49,0,0,0
S00105348,50,49,1,0,1
S00105349,53,50,3,0,3
S00105350,60,58,2,0,2
S00105351,40,39,1,0,1
S00105352,52,48,4,0,4
S00105353,51,51,0,0,0
S00105354,56,54,2,0,2
S00105355,55,55,0,0,0
S00105356,57,57,0,0,0
S00105357,40,40,0,0,0
S00105358,38,38,0,0,0
S00105359,40,40,0,0,0
S00105360,76,76,0,0,0
S00105361,72,70,2,0,2
S00105362,40,40,0,0,0
S00105363,52,52,0,0,0
S00105364,45,44,1,0,1
S00105365,44,44,0,0,0
S00105366,48,47,1,0,1
S00105367,47,46,1,0,1
S00105368,48,48,0,0,0
S00105369,44,44,0,0,0
S00105370,48,46,2,0,2
S00105371,58,57,1,0,1
S00105372,42,42,0,0,0
S00105373,44,43,1,1,0
S00105374,40,39,1,0,1
S00105375,66,66,0,0,0
S00105376,73,72,1,0,1
S00105377,53,53,0,0,0
S00105378,55,54,1,0,1
S00105379,48,45,3,0,3
S00105380,44,43,1,0,1
S00105381,70,69,1,0,1
S00105382,45,45,0,0,0
S00105383,52,50,2,0,2
S00105384,45,45,0,0,0
S00105385,60,57,3,0,3
S00105386,71,66,5,0,5
S00105387,28,28,0,0,0
S00105388,55,51,4,0,4
S00105389,53,47,6,0,6
S00105390,71,71,0,0,0
S00105391,73,71,2,1,1
S00105392,69,68,1,0,1
S00105393,64,61,3,0,3
S00105394,39,37,2,0,2
S00105395,49,47,2,0,2
S00105396,50,48,2,0,2
S00105397,35,27,8,0,8
S00105398,45,39,6,1,5
S00105399,50,48,2,1,1
S00105400,41,41,0,0,0
S00105401,43,40,3,1,2
S00105402,69,64,5,1,4
S00105403,69,67,2,2,0
S00105404,49,45,4,2,2
S00105405,63,58,5,1,4
S00105406,48,41,7,1,6
S00105407,40,39,1,0,1
S00105408,44,41,3,0,3
S00105409,51,51,0,0,0
S00105410,51,46,5,0,5
S00105411,54,51,3,2,1
S00105412,68,59,9,0,9
S00105413,77,72,5,1,4
S00105414,58,57,1,1,0
S00105415,51,48,3,2,1
S00105416,36,35,1,1,0
S00105417,51,51,0,0,0
S00105418,42,42,0,0,0
S00105419,40,40,0,0,0
S00105420,75,75,0,0,0
S00105421,67,66,1,0,1
S00105422,68,67,1,0,1
S00105423,68,68,0,0,0
S00105424,63,63,0,0,0
S00105425,56,55,1,0,1
S00105426,38,38,0,0,0
S00105427,62,62,0,0,0
S00105428,79,79,0,0,0
S00105429,47,42,5,0,5
S00105430,71,67,4,1,3
S00105431,37,35,2,1,1
S00105432,50,50,0,0,0
S00105433,58,57,1,1,0
S00105434,42,39,3,2,1
S00105435,70,69,1,0,1
S00105436,77,73,4,0,4
S00105437,56,52,4,1,3
S00105438,48,46,2,0,2
S00105439,43,40,3,2,1
S00105440,38,32,6,3,3
S00105441,43,43,0,0,0
S00105442,60,53,7,1,6
S00105443,69,66,3,1,2
S00105444,63,62,1,1,0
S00105445,60,58,2,0,2
S00105446,36,34,2,1,1
S00105447,41,39,2,0,2
S00105448,73,69,4,1,3
S00105449,49,46,3,0,3
S00105450,46,46,0,0,0
S00105451,72,70,2,0,2
S00105452,48,48,0,0,0
S00105453,33,33,0,0,0
S00105454,70,68,2,0,2
S00105455,40,40,0,0,0
S00105456,36,36,0,0,0
S00105457,58,57,1,0,1
S00105458,46,45,1,0,1
S00105459,38,38,0,0,0
S00105460,64,63,1,0,1
S00105461,68,68,0,0,0
S00105462,44,44,0,0,0
S00105463,38,38,0,0,0
S00105464,70,66,4,0,4
S00105465,46,45,1,1,0
S00105466,44,44,0,0,0
S00105467,46,46,0,0,0
S00105468,50,50,0,0,0
S00105469,49,49,0,0,0
S00105470,65,65,0,0,0
S00105471,49,48,1,1,0
S00105472,43,42,1,0,1
S00105473,66,64,2,1,1
S00105474,51,51,0,0,0
S00105475,46,46,0,0,0
S00105476,46,46,0,0,0
S00105477,57,55,2,0,2
S00105478,47,44,3,1,2
S00105479,52,50,2,0,2
S00105480,77,75,2,1,1
S00105481,64,64,0,0,0
S00105482,73,65,8,2,6
S00105483,43,43,0,0,0
S00105484,76,73,3,1,2
S00105485,42,39,3,0,3
S00105486,36,35,1,0,1
S00105487,45,41,4,2,2
S00105488,43,43,0,0,0
S00105489,35,35,0,0,0
S00105490,78,74,4,0,4
S00105491,48,48,0,0,0
S00105492,61,60,1,0,1
S00105493,66,66,0,0,0
S00105494,41,41,0,0,0
S00105495,60,60,0,0,0
S00105496,62,62,0,0,0
S00105497,42,42,0,0,0
S00105498,68,68,0,0,0
S00105499,53,53,0,0,0
S00105500,55,55,0,0,0
S00105501,39,39,0,0,0
S00105502,26,26,0,0,0
S00105503,48,48,0,0,0
S00105504,79,79,0,0,0
S00105505,57,56,1,1,0
S00105506,60,60,0,0,0
S00105507,52,51,1,0,1
S00105508,56,54,2,0,2
S00105509,40,40,0,0,0
S00105510,64,64,0,0,0
S00105511,81,77,4,0,4
S00105512,60,59,1,0,1
S00105513,52,51,1,0,1
S00105514,42,42,0,0,0
S00105515,54,53,1,0,1
S00105516,48,47,1,0,1
S00105517,77,76,1,0,1
S00105518,51,51,0,0,0
S00105519,48,48,0,0,0
S00105520,53,52,1,1,0
S00105521,38,32,6,3,3
S00105522,59,58,1,0,1
S00105523,51,51,0,0,0
S00105524,36,35,1,0,1
S00105525,41,40,1,0,1
S00105526,40,38,2,0,2
S00105527,64,62,2,1,1
S00105528,52,51,1,0,1
S00105529,52,49,3,1,2
S00105530,76,73,3,0,3
S00105531,50,48,2,0,2
S00105532,46,45,1,0,1
S00105533,52,52,0,0,0
S00105534,55,55,0,0,0
S00105535,53,53,0,0,0
S00105536,42,41,1,1,0
S00105537,45,44,1,1,0
S00105538,49,49,0,0,0
S00105539,42,41,1,0,1
S00105540,73,72,1,0,1
S00105541,51,49,2,0,2
S00105542,47,47,0,0,0
S00105543,51,49,2,1,1
S00105544,43,43,0,0,0
S00105545,47,46,1,0,1
S00105546,48,47,1,0,1
S00105547,44,42,2,1,1
S00105548,70,69,1,0,1
S00105549,68,67,1,0,1
S00105550,50,49,1,0,1
S00105551,46,45,1,0,1
S00105552,45,43,2,1,1
S00105553,54,54,0,0,0
S00105554,65,64,1,1,0
S00105555,44,44,0,0,0
S00105556,53,53,0,0,0
S00105557,27,27,0,0,0
S00105558,74,73,1,0,1
S00105559,79,77,2,0,2
S00105560,62,62,0,0,0
S00105561,54,54,0,0,0
S00105562,41,41,0,0,0
S00105563,75,72,3,1,2
S00105564,68,65,3,0,3
S00105565,66,65,1,0,1
S00105566,60,60,0,0,0
S00105567,49,49,0,0,0
S00105568,30,30,0,0,0
S00105569,73,73,0,0,0
S00105570,26,26,0,0,0
S00105571,59,59,0,0,0
S00105572,62,60,2,1,1
S00105573,61,60,1,0,1
S00105574,86,83,3,0,3
S00105575,67,65,2,1,1
S00105576,48,47,1,0,1
S00105577,53,53,0,0,0
S00105578,43,41,2,0,2
S00105579,45,43,2,0,2
S00105580,45,45,0,0,0
S00105581,56,55,1,0,1
S00105582,48,48,0,0,0
S00105583,47,46,1,1,0
S00105584,48,46,2,0,2
S00105585,52,47,5,0,5
S00105586,52,51,1,0,1
S00105587,45,45,0,0,0
S00105588,55,55,0,0,0
S00105589,46,45,1,0,1
S00105590,42,42,0,0,0
S00105591,55,54,1,0,1
S00105592,52,52,0,0,0
S00105593,47,47,0,0,0
S00105594,54,53,1,1,0
S00105595,42,40,2,0,2
S00105596,51,51,0,0,0
S00105597,50,50,0,0,0
S00105598,46,46,0,0,0
S00105599,40,40,0,0,0
S00105600,38,38,0,0,0
S00105601,52,52,0,0,0
S00105602,49,49,0,0,0
S00105603,57,55,2,1,1
S00105604,57,57,0,0,0
S00105605,47,47,0,0,0
S00105606,57,55,2,0,2
S00105607,49,49,0,0,0
S00105608,42,40,2,0,2
S00105609,40,37,3,0,3
S00105610,36,36,0,0,0
S00105611,27,27,0,0,0
S00105612,63,62,1,0,1
S00105613,61,59,2,0,2
S00105614,25,25,0,0,0
S00105615,54,54,0,0,0
S00105616,44,44,0,0,0
S00105617,79,75,4,0,4
S00105618,64,63,1,0,1
S00105619,43,39,4,0,4
S00105620,44,43,1,0,1
S00105621,53,51,2,0,2
S00105622,47,46,1,0,1
S00105623,42,41,1,0,1
S00105624,58,56,2,0,2
S00105625,42,38,4,0,4
S00105626,46,46,0,0,0
S00105627,42,39,3,0,3
S00105628,72,70,2,0,2
S00105629,61,53,8,0,8
S00105630,59,59,0,0,0
S00105631,27,26,1,0,1
S00105632,35,35,0,0,0
S00105633,50,50,0,0,0
S00105634,55,55,0,0,0
S00105635,61,61,0,0,0
S00105636,55,54,1,0,1
S00105637,52,51,1,0,1
S00105638,42,41,1,0,1
S00105639,63,54,9,0,9
S00105640,45,41,4,0,4
S00105641,69,67,2,0,2
S00105642,57,55,2,0,2
S00105643,60,60,0,0,0
S00105644,46,45,1,0,1
S00105645,36,36,0,0,0
S00105646,49,49,0,0,0
S00105647,69,68,1,0,1
S00105648,65,63,2,2,0
S00105649,76,75,1,0,1
S00105650,67,66,1,0,1
S00105651,52,50,2,0,2
S00105652,49,49,0,0,0
S00105653,42,41,1,0,1
S00105654,50,49,1,0,1
S00105655,41,38,3,0,3
S00105656,33,33,0,0,0
S00105657,66,64,2,0,2
S00105658,65,63,2,0,2
S00105659,44,41,3,0,3
S00105660,41,40,1,0,1
S00105661,60,59,1,0,1
S00105662,30,29,1,0,1
S00105663,56,56,0,0,0
S00105664,37,35,2,0,2
S00105665,56,56,0,0,0
S00105666,43,42,1,1,0
S00105667,55,52,3,0,3
S00105668,51,48,3,0,3
S00105669,60,60,0,0,0
S00105670,40,40,0,0,0
S00105671,45,44,1,0,1
S00105672,50,49,1,0,1
S00105673,48,48,0,0,0
S00105674,56,56,0,0,0
S00105675,56,55,1,0,1
S00105676,46,45,1,0,1
S00105677,48,47,1,0,1
S00105678,51,51,0,0,0
S00105679,52,52,0,0,0
S00105680,44,43,1,0,1
S00105681,37,35,2,0,2
S00105682,66,66,0,0,0
S00105683,75,74,1,0,1
S00105684,58,58,0,0,0
S00105685,54,54,0,0,0
S00105686,49,46,3,0,3
S00105687,56,54,2,1,1
S00105688,68,66,2,1,1
S00105689,42,41,1,0,1
S00105690,55,54,1,0,1
S00105691,42,42,0,0,0
S00105692,53,52,1,0,1
S00105693,47,47,0,0,0
S00105694,72,70,2,0,2
S00105695,33,33,0,0,0
S00105696,40,38,2,0,2
S00105697,65,65,0,0,0
S00105698,53,52,1,1,0
S00105699,51,50,1,0,1
S00105700,50,50,0,0,0
S00105701,52,51,1,0,1
S00105702,28,28,0,0,0
S00105703,56,54,2,1,1
S00105704,42,41,1,0,1
S00105705,40,39,1,0,1
S00105706,35,34,1,0,1
S00105707,56,51,5,2,3
S00105708,60,58,2,1,1
S00105709,76,66,10,1,9
S00105710,64,59,5,0,5
S00105711,58,55,3,0,3
S00105712,70,69,1,0,1
S00105713,65,60,5,0,5
S00105714,40,35,5,0,5
S00105715,50,49,1,0,1
S00105716,46,46,0,0,0
S00105717,44,44,0,0,0
S00105718,59,59,0,0,0
S00105719,59,59,0,0,0
S00105720,54,54,0,0,0
S00105721,57,53,4,2,2
S00105722,48,47,1,0,1
S00105723,63,61,2,0,2
S00105724,40,38,2,0,2
S00105725,51,51,0,0,0
S00105726,41,40,1,0,1
S00105727,41,39,2,0,2
S00105728,60,60,0,0,0
S00105729,39,38,1,0,1
S00105730,45,44,1,1,0
S00105731,46,45,1,0,1
S00105732,44,43,1,1,0
S00105733,54,53,1,0,1
S00105734,47,46,1,0,1
S00105735,46,46,0,0,0
S00105736,43,42,1,1,0
S00105737,44,41,3,1,2
S00105738,51,50,1,0,1
S00105739,38,37,1,0,1
S00105740,46,45,1,0,1
S00105741,50,48,2,0,2
S00105742,51,49,2,0,2
S00105743,39,37,2,0,2
S00105744,76,74,2,1,1
S00105745,62,61,1,0,1
S00105746,57,55,2,0,2
S00105747,51,49,2,0,2
S00105748,61,61,0,0,0
S00105749,67,67,0,0,0
S00105750,48,46,2,0,2
S00105751,74,73,1,0,1
S00105752,36,36,0,0,0
S00105753,44,44,0,0,0
S00105754,38,38,0,0,0
S00105755,71,69,2,0,2
S00105756,55,55,0,0,0
S00105757,36,36,0,0,0
S00105758,61,61,0,0,0
S00105759,43,42,1,0,1
S00105760,45,45,0,0,0
S00105761,74,70,4,0,4
S00105762,50,50,0,0,0
S00105763,47,47,0,0,0
S00105764,54,54,0,0,0
S00105765,42,41,1,0,1
S00105766,39,38,1,0,1
S00105767,44,44,0,0,0
S00105768,35,35,0,0,0
S00105769,61,61,0,0,0
S00105770,53,52,1,0,1
S00105771,57,56,1,0,1
S00105772,56,54,2,0,2
S00105773,80,80,0,0,0
S00105774,57,57,0,0,0
S00105775,62,61,1,0,1
S00105776,64,64,0,0,0
S00105777,46,45,1,0,1
S00105778,64,60,4,0,4
S00105779,74,71,3,0,3
S00105780,38,38,0,0,0
S00105781,48,48,0,0,0
S00105782,62,60,2,0,2
S00105783,64,62,2,0,2
S00105784,48,48,0,0,0
S00105785,76,75,1,0,1
S00105786,57,56,1,1,0
S00105787,38,37,1,0,1
S00105788,56,56,0,0,0
S00105789,44,44,0,0,0
S00105790,73,72,1,1,0
S00105791,58,58,0,0,0
S00105792,58,58,0,0,0
S00105793,57,56,1,0,1
S00105794,45,42,3,0,3
S00105795,44,41,3,0,3
S00105796,80,76,4,1,3
S00105797,62,59,3,0,3
S00105798,78,77,1,0,1
S00105799,60,60,0,0,0
S00105800,42,41,1,0,1
S00105801,52,51,1,0,1
S00105802,75,73,2,0,2
S00105803,44,43,1,0,1
S00105804,61,61,0,0,0
S00105805,33,33,0,0,0
S00105806,54,52,2,0,2
S00105807,52,52,0,0,0
S00105808,75,75,0,0,0
S00105809,71,69,2,0,2
S00105810,80,75,5,0,5
S00105811,49,49,0,0,0
S00105812,46,46,0,0,0
S00105813,48,46,2,0,2
S00105814,51,50,1,0,1
S00105815,42,42,0,0,0
S00105816,44,42,2,1,1
S00105817,61,61,0,0,0
S00105818,26,26,0,0,0
S00105819,67,67,0,0,0
S00105820,68,68,0,0,0
S00105821,63,61,2,0,2
S00105822,67,65,2,1,1
S00105823,64,64,0,0,0
S00105824,48,47,1,0,1
S00105825,55,55,0,0,0
S00105826,59,59,0,0,0
S00105827,50,49,1,0,1
S00105828,36,36,0,0,0
S00105829,50,48,2,0,2
S00105830,60,59,1,0,1
S00105831,49,48,1,0,1
S00105832,74,74,0,0,0
S00105833,62,62,0,0,0
S00105834,73,73,0,0,0
S00105835,58,56,2,0,2
S00105836,81,76,5,3,2
S00105837,56,55,1,0,1
S00105838,76,76,0,0,0
S00105839,72,69,3,0,3
S00105840,49,49,0,0,0
S00105841,52,51,1,0,1
S00105842,45,43,2,0,2
S00105843,47,47,0,0,0
S00105844,39,39,0,0,0
S00105845,44,44,0,0,0
S00105846,50,50,0,0,0
S00105847,45,45,0,0,0
S00105848,45,41,4,4,0
S00105849,50,50,0,0,0
S00105850,48,46,2,0,2
S00105851,52,52,0,0,0
S00105852,37,36,1,0,1
S00105853,49,47,2,0,2
S00105854,48,48,0,0,0
S00105855,50,48,2,0,2
S00105856,46,44,2,0,2
S00105857,41,40,1,0,1
S00105858,53,52,1,0,1
S00105859,37,36,1,0,1
S00105860,57,56,1,0,1
S00105861,45,44,1,0,1
S00105862,36,35,1,0,1
S00105863,43,42,1,0,1
S00105864,65,65,0,0,0
S00105865,66,66,0,0,0
S00105866,41,41,0,0,0
S00105867,56,56,0,0,0
S00105868,47,47,0,0,0
S00105869,43,43,0,0,0
S00105870,42,42,0,0,0
S00105871,46,45,1,0,1
S00105872,55,55,0,0,0
S00105873,59,59,0,0,0
S00105874,46,46,0,0,0
S00105875,53,53,0,0,0
S00105876,46,46,0,0,0
S00105877,44,44,0,0,0
S00105878,76,76,0,0,0
S00105879,39,39,0,0,0
S00105880,32,32,0,0,0
S00105881,49,48,1,0,1
S00105882,71,71,0,0,0
S00105883,48,47,1,0,1
S00105884,48,46,2,2,0
S00105885,29,29,0,0,0
S00105886,50,49,1,0,1
S00105887,61,61,0,0,0
S00105888,57,56,1,0,1
S00105889,66,66,0,0,0
S00105890,67,67,0,0,0
S00105891,42,41,1,0,1
S00105892,45,45,0,0,0
S00105893,33,33,0,0,0
S00105894,40,40,0,0,0
S00105895,35,32,3,0,3
S00105896,74,74,0,0,0
S00105897,56,52,4,0,4
S00105898,48,48,0,0,0
S00105899,69,68,1,0,1
S00105900,73,73,0,0,0
S00105901,52,52,0,0,0
S00105902,45,45,0,0,0
S00105903,42,41,1,0,1
S00105904,43,43,0,0,0
S00105905,62,62,0,0,0
S00105906,42,42,0,0,0
S00105907,39,39,0,0,0
S00105908,47,47,0,0,0
S00105909,40,40,0,0,0
S00105910,45,45,0,0,0
S00105911,45,45,0,0,0
S00105912,47,46,1,0,1
S00105913,43,41,2,0,2
S00105914,51,51,0,0,0
S00105915,46,45,1,0,1
S00105916,44,44,0,0,0
S00105917,30,30,0,0,0
S00105918,36,36,0,0,0
S00105919,58,58,0,0,0
S00105920,45,45,0,0,0
S00105921,51,51,0,0,0
S00105922,71,70,1,0,1
S00105923,67,66,1,0,1
S00105924,48,48,0,0,0
S00105925,50,50,0,0,0
S00105926,51,51,0,0,0
S00105927,43,41,2,1,1
S00105928,48,48,0,0,0
S00105929,54,54,0,0,0
S00105930,43,42,1,0,1
S00105931,59,59,0,0,0
S00105932,49,49,0,0,0
S00105933,48,47,1,0,1
S00105934,74,74,0,0,0
S00105935,58,57,1,0,1
S00105936,53,52,1,0,1
S00105937,43,43,0,0,0
S00105938,68,67,1,0,1
S00105939,67,67,0,0,0
S00105940,43,42,1,0,1
S00105941,40,37,3,0,3
S00105942,41,41,0,0,0
S00105943,44,44,0,0,0
S00105944,53,53,0,0,0
S00105945,48,47,1,0,1
S00105946,42,40,2,0,2
S00105947,53,52,1,0,1
S00105948,41,41,0,0,0
S00105949,47,47,0,0,0
S00105950,47,44,3,0,3
S00105951,44,42,2,1,1
S00105952,60,58,2,0,2
S00105953,73,71,2,0,2
S00105954,69,68,1,0,1
S00105955,46,46,0,0,0
S00105956,38,37,1,0,1
S00105957,70,69,1,1,0
S00105958,65,64,1,0,1
S00105959,66,65,1,0,1
S00105960,49,49,0,0,0
S00105961,50,49,1,0,1
S00105962,45,44,1,0,1
S00105963,71,71,0,0,0
S00105964,43,42,1,0,1
S00105965,52,51,1,0,1
S00105966,44,44,0,0,0
S00105967,53,53,0,0,0
S00105968,49,47,2,0,2
S00105969,50,50,0,0,0
S00105970,76,76,0,0,0
S00105971,67,66,1,0,1
S00105972,70,69,1,0,1
S00105973,68,68,0,0,0
S00105974,48,46,2,1,1
S00105975,49,48,1,1,0
S00105976,50,46,4,2,2
S00105977,29,29,0,0,0
S00105978,51,51,0,0,0
S00105979,50,48,2,0,2
S00105980,56,56,0,0,0
S00105981,58,58,0,0,0
S00105982,74,73,1,0,1
S00105983,63,62,1,0,1
S00105984,44,44,0,0,0
S00105985,50,49,1,0,1
S00105986,56,55,1,1,0
S00105987,45,44,1,0,1
S00105988,44,44,0,0,0
S00105989,48,47,1,0,1
S00105990,40,40,0,0,0
S00105991,28,28,0,0,0
S00105992,56,56,0,0,0
S00105993,26,26,0,0,0
S00105994,58,57,1,1,0
S00105995,54,53,1,0,1
S00105996,51,48,3,0,3
S00105997,55,55,0,0,0
S00105998,48,47,1,0,1
S00105999,79,74,5,3,2
S00106000,76,75,1,0,1
S00106001,51,51,0,0,0
S00106002,55,54,1,0,1
S00106003,42,42,0,0,0
S00106004,43,40,3,0,3
S00106005,41,40,1,0,1
S00106006,43,43,0,0,0
S00106007,56,56,0,0,0
S00106008,40,39,1,0,1
S00106009,40,40,0,0,0
S00106010,30,28,2,0,2
S00106011,80,77,3,1,2
S00106012,67,67,0,0,0
S00106013,58,55,3,0,3
S00106014,41,41,0,0,0
S00106015,59,57,2,1,1
S00106016,56,53,3,0,3
S00106017,60,59,1,0,1
S00106018,61,60,1,0,1
S00106019,45,44,1,0,1
S00106020,50,49,1,0,1
S00106021,52,52,0,0,0
S00106022,36,36,0,0,0
S00106023,58,56,2,0,2
S00106024,60,58,2,0,2
S00106025,66,65,1,0,1
S00106026,70,67,3,0,3
S00106027,54,54,0,0,0
S00106028,50,50,0,0,0
S00106029,72,71,1,0,1
S00106030,67,64,3,0,3
S00106031,54,54,0,0,0
S00106032,56,55,1,0,1
S00106033,45,45,0,0,0
S00106034,67,66,1,0,1
S00106035,60,53,7,1,6
S00106036,58,58,0,0,0
S00106037,47,46,1,1,0
S00106038,37,37,0,0,0
S00106039,66,66,0,0,0
S00106040,45,45,0,0,0
S00106041,49,48,1,0,1
S00106042,21,21,0,0,0
S00106043,28,28,0,0,0
S00106044,58,58,0,0,0
S00106045,60,44,16,1,15
S00106046,56,55,1,0,1
S00106047,39,38,1,1,0
S00106048,27,27,0,0,0
S00106049,34,33,1,0,1
S00106050,68,67,1,0,1
S00106051,48,46,2,0,2
S00106052,36,36,0,0,0
S00106053,67,66,1,0,1
S00106054,53,51,2,0,2
S00106055,73,72,1,1,0
S00106056,77,75,2,0,2
S00106057,61,59,2,0,2
S00106058,45,43,2,0,2
S00106059,44,39,5,0,5
S00106060,43,41,2,1,1
S00106061,57,56,1,0,1
S00106062,51,51,0,0,0
S00106063,67,65,2,1,1
S00106064,55,50,5,0,5
S00106065,49,48,1,0,1
S00106066,48,47,1,0,1
S00106067,42,42,0,0,0
S00106068,46,44,2,0,2
S00106069,67,65,2,0,2
S00106070,68,66,2,0,2
S00106071,48,46,2,0,2
S00106072,44,42,2,0,2
S00106073,40,40,0,0,0
S00106074,42,40,2,0,2
S00106075,41,41,0,0,0
S00106076,58,58,0,0,0
S00106077,40,39,1,0,1
S00106078,43,43,0,0,0
S00106079,62,59,3,0,3
S00106080,42,40,2,0,2
S00106081,71,67,4,0,4
S00106082,65,62,3,0,3
S00106083,52,49,3,0,3
S00106084,54,53,1,0,1
S00106085,48,48,0,0,0
S00106086,69,69,0,0,0
S00106087,60,60,0,0,0
S00106088,63,63,0,0,0
S00106089,34,34,0,0,0
S00106090,41,40,1,0,1
S00106091,50,50,0,0,0
S00106092,59,59,0,0,0
S00106093,39,39,0,0,0
S00106094,37,37,0,0,0
S00106095,60,60,0,0,0
S00106096,38,38,0,0,0
S00106097,53,53,0,0,0
S00106098,72,72,0,0,0
S00106099,58,56,2,0,2
S00106100,56,54,2,0,2
S00106101,74,72,2,0,2
S00106102,45,45,0,0,0
S00106103,44,44,0,0,0
S00106104,48,45,3,0,3
S00106105,36,36,0,0,0
S00106106,54,53,1,0,1
S00106107,56,56,0,0,0
S00106108,32,31,1,1,0
S00106109,66,64,2,1,1
S00106110,56,56,0,0,0
S00106111,37,37,0,0,0
S00106112,47,47,0,0,0
S00106113,49,49,0,0,0
S00106114,53,51,2,0,2
S00106115,43,42,1,0,1
S00106116,44,44,0,0,0
S00106117,44,44,0,0,0
S00106118,43,42,1,0,1
S00106119,48,48,0,0,0
S00106120,48,48,0,0,0
S00106121,44,44,0,0,0
S00106122,39,38,1,0,1
S00106123,55,52,3,0,3
S00106124,27,26,1,0,1
S00106125,58,57,1,0,1
S00106126,34,34,0,0,0
S00106127,41,41,0,0,0
S00106128,71,71,0,0,0
S00106129,68,68,0,0,0
S00106130,68,68,0,0,0
S00106131,61,60,1,0,1
S00106132,46,46,0,0,0
S00106133,58,57,1,1,0
S00106134,44,44,0,0,0
S00106135,65,65,0,0,0
S00106136,51,51,0,0,0
S00106137,58,57,1,0,1
S00106138,73,72,1,0,1
S00106139,50,50,0,0,0
S00106140,24,24,0,0,0
S00106141,53,53,0,0,0
S00106142,57,56,1,0,1
S00106143,63,55,8,0,8
S00106144,82,82,0,0,0
S00106145,58,53,5,0,5
S00106146,47,45,2,0,2
S00106147,50,41,9,1,8
S00106148,38,36,2,0,2
S00106149,69,68,1,0,1
S00106150,53,51,2,0,2
S00106151,48,48,0,0,0
S00106152,22,22,0,0,0
S00106153,53,50,3,0,3
S00106154,61,58,3,0,3
S00106155,72,72,0,0,0
S00106156,57,53,4,0,4
S00106157,86,84,2,0,2
S00106158,86,86,0,0,0
S00106159,59,59,0,0,0
S00106160,59,58,1,0,1
S00106161,54,54,0,0,0
S00106162,59,58,1,0,1
S00106163,45,44,1,0,1
S00106164,45,42,3,0,3
S00106165,36,35,1,0,1
S00106166,49,49,0,0,0
S00106167,54,53,1,0,1
S00106168,38,36,2,0,2
S00106169,50,50,0,0,0
S00106170,73,73,0,0,0
S00106171,52,52,0,0,0
S00106172,48,47,1,0,1
S00106173,45,45,0,0,0
S00106174,44,44,0,0,0
S00106175,44,44,0,0,0
S00106176,48,47,1,0,1
S00106177,74,73,1,0,1
S00106178,75,74,1,0,1
S00106179,41,39,2,0,2
S00106180,48,47,1,0,1
S00106181,44,44,0,0,0
S00106182,64,62,2,0,2
S00106183,37,36,1,0,1
S00106184,58,57,1,1,0
S00106185,50,50,0,0,0
S00106186,42,42,0,0,0
S00106187,44,44,0,0,0
S00106188,62,61,1,0,1
S00106189,44,43,1,0,1
S00106190,52,50,2,1,1
S00106191,61,61,0,0,0
S00106192,33,32,1,0,1
S00106193,50,50,0,0,0
S00106194,36,35,1,1,0
S00106195,55,54,1,0,1
S00106196,55,55,0,0,0
S00106197,44,43,1,1,0
S00106198,59,58,1,0,1
S00106199,59,59,0,0,0
S00106200,53,53,0,0,0
S00106201,56,54,2,0,2
S00106202,43,41,2,0,2
S00106203,48,48,0,0,0
S00106204,71,71,0,0,0
S00106205,68,68,0,0,0
S00106206,73,72,1,0,1
S00106207,58,58,0,0,0
S00106208,59,59,0,0,0
S00106209,78,77,1,0,1
S00106210,45,45,0,0,0
S00106211,49,49,0,0,0
S00106212,50,50,0,0,0
S00106213,46,44,2,0,2
S00106214,51,50,1,0,1
S00106215,82,80,2,0,2
S00106216,51,51,0,0,0
S00106217,45,45,0,0,0
S00106218,44,44,0,0,0
S00106219,57,56,1,0,1
S00106220,27,27,0,0,0
S00106221,52,52,0,0,0
S00106222,66,66,0,0,0
S00106223,53,53,0,0,0
S00106224,49,49,0,0,0
S00106225,42,42,0,0,0
S00106226,48,48,0,0,0
S00106227,45,45,0,0,0
S00106228,34,34,0,0,0
S00106229,79,71,8,0,8
S00106230,80,77,3,1,2
S00106231,61,59,2,2,0
S00106232,62,62,0,0,0
S00106233,40,37,3,0,3
S00106234,69,68,1,0,1
S00106235,40,39,1,1,0
S00106236,52,51,1,0,1
S00106237,45,45,0,0,0
S00106238,53,52,1,0,1
S00106239,41,41,0,0,0
S00106240,43,43,0,0,0
S00106241,79,77,2,0,2
S00106242,42,42,0,0,0
S00106243,41,41,0,0,0
S00106244,74,74,0,0,0
S00106245,67,65,2,1,1
S00106246,46,46,0,0,0
S00106247,45,45,0,0,0
S00106248,51,51,0,0,0
S00106249,40,40,0,0,0
S00106250,73,71,2,0,2
S00106251,71,70,1,0,1
S00106252,35,35,0,0,0
S00106253,45,45,0,0,0
S00106254,62,61,1,0,1
S00106255,59,59,0,0,0
S00106256,60,57,3,0,3
S00106257,57,53,4,0,4
S00106258,45,45,0,0,0
S00106259,35,35,0,0,0
S00106260,56,55,1,0,1
S00106261,25,25,0,0,0
S00106262,44,44,0,0,0
S00106263,50,50,0,0,0
S00106264,48,48,0,0,0
S00106265,36,36,0,0,0
S00106266,50,48,2,0,2
S00106267,52,51,1,0,1
S00106268,52,51,1,0,1
S00106269,42,40,2,0,2
S00106270,35,34,1,0,1
S00106271,60,60,0,0,0
S00106272,57,57,0,0,0
S00106273,47,46,1,1,0
S00106274,44,44,0,0,0
S00106275,61,61,0,0,0
S00106276,60,59,1,0,1
S00106277,68,68,0,0,0
S00106278,52,51,1,0,1
S00106279,39,39,0,0,0
S00106280,56,56,0,0,0
S00106281,51,51,0,0,0
S00106282,43,41,2,0,2
S00106283,53,53,0,0,0
S00106284,66,64,2,1,1
S00106285,40,39,1,0,1
S00106286,62,59,3,0,3
S00106287,51,50,1,0,1
S00106288,49,45,4,2,2
S00106289,41,41,0,0,0
S00106290,43,42,1,0,1
S00106291,45,45,0,0,0
S00106292,78,78,0,0,0
S00106293,45,43,2,0,2
S00106294,42,42,0,0,0
S00106295,60,60,0,0,0
S00106296,53,53,0,0,0
S00106297,43,42,1,0,1
S00106298,53,53,0,0,0
S00106299,58,54,4,0,4
S00106300,35,34,1,0,1
S00106301,56,56,0,0,0
S00106302,42,42,0,0,0
S00106303,54,54,0,0,0
S00106304,37,36,1,0,1
S00106305,58,57,1,0,1
S00106306,71,71,0,0,0
S00106307,42,42,0,0,0
S00106308,54,51,3,0,3
S00106309,45,45,0,0,0
S00106310,41,41,0,0,0
S00106311,43,41,2,0,2
S00106312,49,48,1,0,1
S00106313,64,63,1,0,1
S00106314,62,60,2,1,1
S00106315,64,64,0,0,0
S00106316,43,43,0,0,0
S00106317,66,66,0,0,0
S00106318,46,45,1,0,1
S00106319,70,70,0,0,0
S00106320,67,66,1,0,1
S00106321,24,21,3,0,3
S00106322,45,43,2,0,2
S00106323,40,40,0,0,0
S00106324,42,42,0,0,0
S00106325,45,45,0,0,0
S00106326,41,41,0,0,0
S00106327,46,46,0,0,0
S00106328,69,69,0,0,0
S00106329,40,40,0,0,0
S00106330,40,40,0,0,0
S00106331,48,48,0,0,0
S00106332,48,48,0,0,0
S00106333,42,42,0,0,0
S00106334,54,53,1,1,0
S00106335,48,46,2,0,2
S00106336,49,43,6,0,6
S00106337,41,39,2,1,1
S00106338,42,42,0,0,0
S00106339,48,48,0,0,0
S00106340,41,40,1,0,1
S00106341,64,62,2,0,2
S00106342,48,47,1,0,1
S00106343,57,56,1,0,1
S00106344,58,58,0,0,0
S00106345,59,59,0,0,0
S00106346,62,62,0,0,0
S00106347,57,56,1,0,1
S00106348,59,58,1,0,1
S00106349,57,57,0,0,0
S00106350,27,26,1,0,1
S00106351,51,50,1,0,1
S00106352,58,58,0,0,0
S00106353,45,42,3,0,3
S00106354,49,49,0,0,0
S00106355,53,52,1,0,1
S00106356,51,51,0,0,0
S00106357,49,49,0,0,0
S00106358,38,38,0,0,0
S00106359,65,65,0,0,0
S00106360,42,42,0,0,0
S00106361,53,52,1,0,1
S00106362,62,60,2,0,2
S00106363,34,34,0,0,0
S00106364,46,45,1,0,1
S00106365,41,41,0,0,0
S00106366,47,46,1,0,1
S00106367,27,27,0,0,0
S00106368,39,39,0,0,0
S00106369,46,45,1,0,1
S00106370,46,46,0,0,0
S00106371,52,52,0,0,0
S00106372,45,45,0,0,0
S00106373,66,66,0,0,0
S00106374,62,61,1,0,1
S00106375,46,46,0,0,0
S00106376,59,59,0,0,0
S00106377,52,52,0,0,0
S00106378,52,52,0,0,0
S00106379,59,55,4,0,4
S00106380,51,50,1,0,1
S00106381,40,39,1,0,1
S00106382,51,51,0,0,0
S00106383,62,62,0,0,0
S00106384,26,26,0,0,0
S00106385,54,54,0,0,0
S00106386,24,24,0,0,0
S00106387,51,51,0,0,0
S00106388,35,35,0,0,0
S00106389,38,38,0,0,0
S00106390,61,61,0,0,0
S00106391,43,42,1,0,1
S00106392,67,64,3,0,3
S00106393,47,46,1,0,1
S00106394,42,42,0,0,0
S00106395,63,63,0,0,0
S00106396,47,46,1,0,1
S00106397,69,68,1,0,1
S00106398,38,38,0,0,0
S00106399,54,53,1,0,1
S00106400,55,55,0,0,0
S00106401,44,43,1,0,1
S00106402,43,40,3,0,3
S00106403,58,58,0,0,0
S00106404,40,39,1,0,1
S00106405,40,39,1,0,1
S00106406,42,41,1,0,1
S00106407,55,55,0,0,0
S00106408,65,64,1,0,1
S00106409,46,45,1,0,1
S00106410,56,56,0,0,0
S00106411,26,25,1,0,1
S00106412,30,30,0,0,0
S00106413,51,49,2,0,2
S00106414,52,50,2,0,2
S00106415,57,57,0,0,0
S00106416,28,28,0,0,0
S00106417,39,39,0,0,0
S00106418,45,45,0,0,0
S00106419,40,39,1,0,1
S00106420,62,62,0,0,0
S00106421,52,52,0,0,0
S00106422,51,51,0,0,0
S00106423,66,65,1,0,1
S00106424,53,52,1,0,1
S00106425,57,57,0,0,0
S00106426,48,45,3,0,3
S00106427,60,58,2,0,2
S00106428,42,42,0,0,0
S00106429,65,65,0,0,0
S00106430,74,70,4,0,4
S00106431,50,50,0,0,0
S00106432,54,52,2,0,2
S00106433,41,41,0,0,0
S00106434,45,45,0,0,0
S00106435,44,44,0,0,0
S00106436,69,68,1,0,1
S00106437,59,58,1,0,1
S00106438,66,65,1,0,1
S00106439,46,44,2,0,2
S00106440,37,37,0,0,0
S00106441,73,71,2,0,2
S00106442,78,76,2,0,2
S00106443,69,69,0,0,0
S00106444,67,64,3,0,3
S00106445,59,57,2,0,2
S00106446,59,58,1,0,1
S00106447,30,29,1,0,1
S00106448,52,50,2,0,2
S00106449,58,56,2,0,2
S00106450,71,62,9,0,9
S00106451,45,44,1,0,1
S00106452,47,46,1,0,1
S00106453,62,62,0,0,0
S00106454,62,61,1,0,1
S00106455,39,39,0,0,0
S00106456,47,47,0,0,0
S00106457,74,74,0,0,0
S00106458,60,59,1,0,1
S00106459,39,39,0,0,0
S00106460,48,47,1,0,1
S00106461,50,49,1,0,1
S00106462,37,36,1,0,1
S00106463,52,52,0,0,0
S00106464,64,64,0,0,0
S00106465,61,60,1,0,1
S00106466,52,51,1,0,1
S00106467,62,62,0,0,0
S00106468,25,25,0,0,0
S00106469,75,75,0,0,0
S00106470,62,61,1,0,1
S00106471,48,47,1,0,1
S00106472,46,44,2,0,2
S00106473,69,69,0,0,0
S00106474,62,62,0,0,0
S00106475,52,52,0,0,0
S00106476,50,50,0,0,0
S00106477,55,55,0,0,0
S00106478,73,73,0,0,0
S00106479,69,69,0,0,0
S00106480,48,48,0,0,0
S00106481,45,43,2,0,2
S00106482,60,60,0,0,0
S00106483,60,56,4,0,4
S00106484,51,41,10,0,10
S00106485,56,55,1,0,1
S00106486,63,61,2,0,2
S00106487,59,59,0,0,0
S00106488,64,64,0,0,0
S00106489,64,64,0,0,0
S00106490,61,59,2,0,2
S00106491,53,52,1,0,1
S00106492,52,51,1,0,1
S00106493,53,51,2,1,1
S00106494,65,65,0,0,0
S00106495,64,63,1,0,1
S00106496,73,72,1,0,1
S00106497,63,63,0,0,0
S00106498,58,56,2,1,1
S00106499,22,22,0,0,0
S00106500,51,50,1,0,1
S00106501,74,70,4,0,4
S00106502,62,60,2,0,2
S00106503,63,63,0,0,0
S00106504,48,46,2,0,2
S00106505,76,74,2,0,2
S00106506,54,54,0,0,0
S00106507,40,40,0,0,0
S00106508,57,57,0,0,0
S00106509,52,52,0,0,0
S00106510,52,51,1,0,1
S00106511,71,64,7,3,4
S00106512,47,46,1,0,1
S00106513,77,69,8,4,4
S00106514,42,42,0,0,0
S00106515,41,41,0,0,0
S00106516,46,45,1,0,1
S00106517,41,41,0,0,0
S00106518,69,69,0,0,0
S00106519,42,42,0,0,0
S00106520,79,54,25,25,0
S00106521,22,22,0,0,0
S00106522,44,42,2,1,1
S00106523,46,45,1,1,0
S00106524,52,52,0,0,0
S00106525,63,61,2,1,1
S00106526,62,62,0,0,0
S00106527,54,53,1,0,1
S00106528,103,85,18,18,0
S00106529,45,45,0,0,0
S00106530,55,55,0,0,0
S00106531,66,64,2,0,2
S00106532,62,61,1,0,1
S00106533,77,76,1,0,1
S00106534,50,50,0,0,0
S00106535,49,47,2,2,0
S00106536,39,34,5,3,2
S00106537,25,23,2,1,1
S00106538,64,63,1,0,1
S00106539,46,40,6,2,4
S00106540,43,41,2,0,2
S00106541,38,37,1,0,1
S00106542,75,74,1,0,1
S00106543,60,59,1,0,1
S00106544,43,43,0,0,0
S00106545,50,49,1,0,1
S00106546,25,24,1,0,1
S00106547,63,59,4,0,4
S00106548,23,23,0,0,0
S00106549,48,47,1,0,1
S00106550,40,39,1,1,0
S00106551,35,35,0,0,0
S00106552,49,47,2,1,1
S00106553,32,32,0,0,0
S00106554,27,27,0,0,0
S00106555,38,38,0,0,0
S00106556,35,35,0,0,0
S00106557,42,42,0,0,0
S00106558,39,39,0,0,0
S00106559,56,51,5,1,4
S00106560,59,58,1,0,1
S00106561,35,35,0,0,0
S00106562,42,40,2,0,2
S00106563,39,37,2,0,2
S00106564,60,59,1,1,0
S00106565,80,76,4,1,3
S00106566,22,22,0,0,0
S00106567,36,35,1,0,1
S00106568,61,60,1,0,1
S00106569,67,66,1,0,1
S00106570,39,37,2,2,0
S00106571,35,34,1,0,1
S00106572,57,57,0,0,0
S00106573,76,75,1,0,1
S00106574,47,47,0,0,0
S00106575,38,38,0,0,0
S00106576,24,24,0,0,0
S00106577,34,34,0,0,0
S00106578,56,52,4,1,3
S00106579,48,44,4,0,4
S00106580,47,47,0,0,0
S00106581,34,34,0,0,0
S00106582,22,22,0,0,0
S00106583,68,59,9,6,3
S00106584,71,70,1,1,0
S00106585,58,58,0,0,0
S00106586,55,55,0,0,0
S00106587,52,52,0,0,0
S00106588,60,60,0,0,0
S00106589,33,33,0,0,0
S00106590,52,51,1,0,1
S00106591,42,42,0,0,0
S00106592,24,24,0,0,0
S00106593,35,35,0,0,0
S00106594,49,48,1,1,0
S00106595,30,29,1,1,0
S00106596,38,38,0,0,0
S00106597,38,38,0,0,0
S00106598,21,21,0,0,0
S00106599,57,55,2,2,0
S00106600,33,33,0,0,0
S00106601,44,41,3,2,1
S00106602,31,30,1,1,0
S00106603,39,39,0,0,0
S00106604,30,28,2,0,2
S00106605,29,24,5,0,5
S00106606,52,52,0,0,0
S00106607,21,21,0,0,0
S00106608,30,30,0,0,0
S00106609,26,26,0,0,0
S00106610,52,50,2,1,1
S00106611,75,72,3,2,1
S00106612,35,35,0,0,0
S00106613,56,56,0,0,0
S00106614,36,35,1,0,1
S00106615,60,58,2,0,2
S00106616,35,34,1,0,1
S00106617,25,25,0,0,0
S00106618,48,47,1,0,1
S00106619,62,61,1,0,1
S00106620,73,73,0,0,0
S00106621,39,39,0,0,0
S00106622,40,39,1,0,1
S00106623,57,53,4,0,4
S00106624,66,59,7,1,6
S00106625,29,29,0,0,0
S00106626,41,41,0,0,0
S00106627,21,21,0,0,0
S00106628,40,40,0,0,0
S00106629,55,55,0,0,0
S00106630,37,37,0,0,0
S00106631,58,57,1,0,1
S00106632,31,30,1,1,0
S00106633,52,49,3,0,3
S00106634,30,30,0,0,0
S00106635,47,47,0,0,0
S00106636,34,34,0,0,0
S00106637,53,51,2,1,1
S00106638,26,25,1,1,0
S00106639,70,58,12,0,12
S00106640,30,30,0,0,0
S00106641,43,41,2,0,2
S00106642,59,59,0,0,0
S00106643,77,76,1,0,1
S00106644,57,56,1,0,1
S00106645,37,35,2,0,2
S00106646,51,40,11,0,11
S00106647,33,32,1,0,1
S00106648,66,63,3,0,3
S00106649,50,50,0,0,0
S00106650,58,58,0,0,0
S00106651,38,37,1,0,1
S00106652,65,56,9,2,7
S00106653,59,58,1,0,1
S00106654,22,22,0,0,0
S00106655,28,27,1,0,1
S00106656,31,31,0,0,0
S00106657,60,58,2,0,2
S00106658,53,52,1,0,1
S00106659,41,37,4,2,2
S00106660,36,34,2,0,2
S00106661,69,67,2,0,2
S00106662,86,83,3,1,2
S00106663,52,51,1,0,1
S00106664,65,65,0,0,0
S00106665,48,48,0,0,0
S00106666,64,63,1,0,1
S00106667,42,41,1,0,1
S00106668,50,49,1,0,1
S00106669,39,38,1,1,0
S00106670,41,41,0,0,0
S00106671,34,34,0,0,0
S00106672,30,30,0,0,0
S00106673,41,41,0,0,0
S00106674,42,41,1,0,1
S00106675,39,37,2,0,2
S00106676,48,48,0,0,0
S00106677,37,36,1,0,1
S00106678,37,37,0,0,0
S00106679,52,51,1,0,1
S00106680,30,29,1,1,0
S00106681,56,53,3,2,1
S00106682,62,53,9,1,8
S00106683,69,68,1,0,1
S00106684,53,52,1,0,1
S00106685,27,26,1,0,1
S00106686,67,58,9,0,9
S00106687,32,31,1,0,1
S00106688,26,26,0,0,0
S00106689,32,32,0,0,0
S00106690,33,32,1,0,1
S00106691,29,29,0,0,0
S00106692,78,58,20,1,19
S00106693,50,50,0,0,0
S00106694,45,44,1,0,1
S00106695,75,75,0,0,0
S00106696,46,46,0,0,0
S00106697,48,48,0,0,0
S00106698,48,47,1,1,0
S00106699,46,46,0,0,0
S00106700,42,42,0,0,0
S00106701,37,37,0,0,0
S00106702,54,54,0,0,0
S00106703,52,51,1,0,1
S00106704,40,40,0,0,0
S00106705,25,24,1,0,1
S00106706,42,42,0,0,0
S00106707,27,25,2,0,2
S00106708,49,44,5,0,5
S00106709,30,29,1,0,1
S00106710,46,46,0,0,0
S00106711,71,63,8,1,7
S00106712,41,40,1,1,0
S00106713,39,39,0,0,0
S00106714,66,66,0,0,0
S00106715,27,27,0,0,0
S00106716,24,23,1,1,0
S00106717,70,58,12,12,0
S00106718,36,36,0,0,0
S00106719,47,46,1,0,1
S00106720,56,56,0,0,0
S00106721,61,59,2,2,0
S00106722,32,32,0,0,0
S00106723,49,40,9,5,4
S00106724,42,41,1,0,1
S00106725,104,78,26,19,7
S00106726,70,68,2,0,2
S00106727,45,45,0,0,0
S00106728,56,52,4,0,4
S00106729,34,33,1,1,0
S00106730,57,53,4,0,4
S00106731,36,36,0,0,0
S00106732,35,33,2,1,1
S00106733,51,50,1,0,1
S00106734,65,62,3,0,3
S00106735,64,63,1,0,1
S00106736,65,65,0,0,0
S00106737,52,51,1,0,1
S00106738,59,56,3,1,2
S00106739,69,66,3,0,3
S00106740,41,36,5,4,1
S00106741,42,41,1,0,1
S00106742,31,29,2,0,2
S00106743,78,77,1,0,1
S00106744,58,58,0,0,0
S00106745,41,41,0,0,0
S00106746,65,65,0,0,0
S00106747,31,31,0,0,0
S00106748,56,56,0,0,0
S00106749,29,29,0,0,0
S00106750,37,37,0,0,0
S00106751,51,50,1,0,1
S00106752,71,67,4,0,4
S00106753,79,79,0,0,0
S00106754,77,69,8,0,8
S00106755,35,34,1,0,1
S00106756,37,34,3,1,2
S00106757,42,42,0,0,0
S00106758,53,52,1,1,0
S00106759,36,35,1,1,0
S00106760,59,57,2,1,1
S00106761,27,23,4,0,4
S00106762,55,53,2,0,2
S00106763,60,60,0,0,0
S00106764,38,36,2,0,2
S00106765,41,40,1,0,1
S00106766,48,47,1,0,1
S00106767,52,50,2,0,2
S00106768,30,30,0,0,0
S00106769,78,76,2,0,2
S00106770,49,49,0,0,0
S00106771,64,64,0,0,0
S00106772,31,31,0,0,0
S00106773,50,50,0,0,0
S00106774,61,59,2,0,2
S00106775,36,34,2,0,2
S00106776,38,36,2,0,2
S00106777,48,45,3,0,3
S00106778,32,32,0,0,0
S00106779,51,51,0,0,0
S00106780,61,61,0,0,0
S00106781,31,30,1,0,1
S00106782,38,38,0,0,0
S00106783,64,63,1,1,0
S00106784,38,36,2,1,1
S00106785,47,45,2,1,1
S00106786,63,60,3,0,3
S00106787,48,45,3,0,3
S00106788,40,40,0,0,0
S00106789,40,39,1,0,1
S00106790,31,29,2,1,1
S00106791,56,55,1,0,1
S00106792,34,32,2,0,2
S00106793,58,56,2,0,2
S00106794,65,62,3,1,2
S00106795,57,57,0,0,0
S00106796,88,81,7,0,7
S00106797,35,32,3,1,2
S00106798,64,62,2,1,1
S00106799,50,49,1,0,1
S00106800,44,44,0,0,0
S00106801,56,56,0,0,0
S00106802,72,71,1,0,1
S00106803,58,57,1,0,1
S00106804,47,46,1,1,0
S00106805,48,47,1,0,1
S00106806,45,45,0,0,0
S00106807,61,60,1,0,1
S00106808,46,46,0,0,0
S00106809,50,50,0,0,0
S00106810,46,45,1,0,1
S00106811,39,37,2,1,1
S00106812,63,63,0,0,0
S00106813,48,48,0,0,0
S00106814,44,44,0,0,0
S00106815,38,37,1,0,1
S00106816,36,35,1,0,1
S00106817,45,44,1,0,1
S00106818,48,43,5,0,5
S00106819,75,73,2,0,2
S00106820,45,45,0,0,0
S00106821,47,47,0,0,0
S00106822,37,37,0,0,0
S00106823,44,43,1,0,1
S00106824,62,62,0,0,0
S00106825,56,55,1,1,0
S00106826,36,35,1,1,0
S00106827,45,45,0,0,0
S00106828,34,33,1,0,1
S00106829,54,54,0,0,0
S00106830,31,31,0,0,0
S00106831,66,64,2,0,2
S00106832,66,62,4,0,4
S00106833,51,51,0,0,0
S00106834,58,55,3,0,3
S00106835,26,25,1,0,1
S00106836,56,54,2,0,2
S00106837,32,31,1,0,1
S00106838,56,55,1,0,1
S00106839,66,64,2,0,2
S00106840,53,53,0,0,0
S00106841,52,52,0,0,0
S00106842,51,51,0,0,0
S00106843,35,35,0,0,0
S00106844,41,40,1,0,1
S00106845,48,46,2,0,2
S00106846,43,42,1,0,1
S00106847,42,42,0,0,0
S00106848,28,27,1,0,1
S00106849,55,54,1,0,1
S00106850,45,45,0,0,0
S00106851,51,51,0,0,0
S00106852,25,25,0,0,0
S00106853,58,57,1,0,1
S00106854,50,49,1,0,1
S00106855,40,40,0,0,0
S00106856,67,65,2,2,0
S00106857,53,53,0,0,0
S00106858,65,61,4,1,3
S00106859,33,33,0,0,0
S00106860,68,67,1,0,1
S00106861,65,63,2,0,2
S00106862,31,31,0,0,0
S00106863,59,59,0,0,0
S00106864,40,38,2,1,1
S00106865,50,48,2,0,2
S00106866,44,42,2,0,2
S00106867,53,53,0,0,0
S00106868,58,58,0,0,0
S00106869,34,34,0,0,0
S00106870,50,49,1,0,1
S00106871,77,75,2,0,2
S00106872,38,37,1,0,1
S00106873,60,58,2,0,2
S00106874,79,78,1,1,0
S00106875,61,55,6,4,2
S00106876,45,40,5,3,2
S00106877,67,63,4,1,3
S00106878,46,45,1,0,1
S00106879,79,77,2,0,2
S00106880,48,45,3,1,2
S00106881,51,46,5,2,3
S00106882,54,53,1,0,1
S00106883,104,67,37,30,7
S00106884,75,66,9,8,1
S00106885,73,59,14,11,3
S00106886,58,55,3,1,2
S00106887,46,38,8,6,2
S00106888,67,41,26,8,18
S00106889,28,28,0,0,0
S00106890,61,59,2,2,0
S00106891,86,75,11,2,9
S00106892,68,62,6,6,0
S00106893,76,72,4,2,2
S00106894,90,80,10,3,7
S00106895,65,63,2,0,2
S00106896,44,39,5,3,2
S00106897,64,54,10,7,3
S00106898,50,45,5,1,4
S00106899,37,34,3,2,1
S00106900,59,55,4,3,1
S00106901,37,30,7,4,3
S00106902,98,75,23,13,10
S00106903,38,33,5,4,1
S00106904,63,61,2,2,0
S00106905,48,46,2,1,1
S00106906,54,49,5,4,1
S00106907,58,55,3,1,2
S00106908,96,91,5,5,0
S00106909,38,36,2,0,2
S00106910,71,69,2,1,1
S00106911,74,74,0,0,0
S00106912,36,36,0,0,0
S00106913,37,34,3,1,2
S00106914,35,35,0,0,0
S00106915,44,42,2,2,0
S00106916,61,59,2,0,2
S00106917,62,58,4,1,3
S00106918,69,68,1,0,1
S00106919,52,49,3,2,1
S00106920,66,66,0,0,0
S00106921,82,80,2,1,1
S00106922,52,50,2,1,1
S00106923,59,56,3,1,2
S00106924,75,75,0,0,0
S00106925,52,50,2,1,1
S00106926,41,41,0,0,0
S00106927,52,52,0,0,0
S00106928,53,52,1,0,1
S00106929,34,31,3,1,2
S00106930,56,51,5,1,4
S00106931,91,85,6,2,4
S00106932,68,58,10,10,0
S00106933,44,43,1,1,0
S00106934,54,52,2,1,1
S00106935,48,48,0,0,0
S00106936,42,41,1,0,1
S00106937,82,67,15,1,14
S00106938,38,36,2,0,2
S00106939,50,48,2,2,0
S00106940,47,44,3,1,2
S00106941,32,31,1,0,1
S00106942,76,73,3,0,3
S00106943,29,28,1,0,1
S00106944,58,55,3,0,3
S00106945,58,57,1,0,1
S00106946,44,43,1,1,0
S00106947,52,52,0,0,0
S00106948,50,50,0,0,0
S00106949,62,59,3,3,0
S00106950,32,32,0,0,0
S00106951,66,64,2,2,0
S00106952,74,68,6,2,4
S00106953,60,59,1,1,0
S00106954,80,76,4,4,0
S00106955,34,32,2,1,1
S00106956,46,43,3,1,2
S00106957,63,61,2,0,2
S00106958,32,31,1,0,1
S00106959,53,53,0,0,0
S00106960,66,63,3,0,3
S00106961,72,64,8,1,7
S00106962,78,74,4,3,1
S00106963,79,75,4,3,1
S00106964,44,44,0,0,0
S00106965,55,54,1,0,1
S00106966,61,61,0,0,0
S00106967,40,39,1,0,1
S00106968,59,59,0,0,0
S00106969,40,40,0,0,0
S00106970,49,49,0,0,0
S00106971,59,59,0,0,0
S00106972,39,39,0,0,0
S00106973,55,53,2,0,2
S00106974,54,52,2,1,1
S00106975,56,56,0,0,0
S00106976,69,69,0,0,0
S00106977,54,54,0,0,0
S00106978,39,38,1,0,1
S00106979,63,54,9,0,9
S00106980,53,53,0,0,0
S00106981,38,38,0,0,0
S00106982,48,48,0,0,0
S00106983,44,44,0,0,0
S00106984,45,44,1,0,1
S00106985,57,54,3,0,3
S00106986,62,59,3,0,3
S00106987,48,46,2,0,2
S00106988,64,61,3,0,3
S00106989,26,25,1,0,1
S00106990,48,47,1,0,1
S00106991,46,45,1,0,1
S00106992,70,67,3,0,3
S00106993,34,33,1,0,1
S00106994,49,45,4,3,1
S00106995,85,85,0,0,0
S00106996,94,86,8,8,0
S00106997,46,45,1,0,1
S00106998,39,37,2,0,2
S00106999,71,66,5,0,5
S00107000,28,25,3,1,2
S00107001,59,53,6,2,4
S00107002,47,47,0,0,0
S00107003,42,42,0,0,0
S00107004,60,60,0,0,0
S00107005,91,82,9,0,9
S00107006,59,57,2,1,1
S00107007,30,26,4,0,4
S00107008,75,73,2,0,2
S00107009,33,31,2,0,2
S00107010,50,49,1,0,1
S00107011,45,43,2,1,1
S00107012,46,46,0,0,0
S00107013,67,65,2,0,2
S00107014,87,85,2,1,1
S00107015,91,71,20,1,19
S00107016,55,50,5,0,5
S00107017,26,26,0,0,0
S00107018,76,76,0,0,0
S00107019,76,71,5,5,0
S00107020,35,35,0,0,0
S00107021,44,44,0,0,0
S00107022,48,42,6,6,0
S00107023,58,41,17,17,0
S00107024,40,38,2,2,0
S00107025,46,46,0,0,0
S00107026,51,38,13,13,0
S00107027,70,64,6,5,1
S00107028,42,42,0,0,0
S00107029,50,44,6,4,2
S00107030,50,49,1,0,1
S00107031,60,47,13,13,0
S00107032,77,76,1,0,1
S00107033,53,51,2,2,0
S00107034,71,65,6,6,0
S00107035,58,47,11,9,2
S00107036,43,37,6,6,0
S00107037,78,77,1,0,1
S00107038,41,41,0,0,0
S00107039,45,45,0,0,0
S00107040,49,37,12,11,1
S00107041,48,47,1,1,0
S00107042,42,40,2,1,1
S00107043,58,58,0,0,0
S00107044,35,34,1,1,0
S00107045,70,55,15,15,0
S00107046,42,33,9,9,0
S00107047,72,70,2,2,0
S00107048,84,79,5,1,4
S00107049,49,48,1,1,0
S00107050,68,64,4,0,4
S00107051,76,70,6,1,5
S00107052,67,66,1,0,1
S00107053,72,70,2,0,2
S00107054,39,38,1,0,1
S00107055,78,73,5,0,5
S00107056,81,78,3,1,2
S00107057,44,43,1,1,0
S00107058,59,58,1,0,1
S00107059,48,48,0,0,0
S00107060,44,37,7,1,6
S00107061,76,76,0,0,0
S00107062,52,52,0,0,0
S00107063,46,46,0,0,0
S00107064,39,39,0,0,0
S00107065,73,70,3,3,0
S00107066,64,64,0,0,0
S00107067,46,46,0,0,0
S00107068,38,37,1,1,0
S00107069,68,66,2,0,2
S00107070,65,55,10,10,0
S00107071,56,54,2,0,2
S00107072,69,69,0,0,0
S00107073,30,30,0,0,0
S00107074,70,67,3,0,3
S00107075,59,57,2,0,2
S00107076,90,83,7,1,6
S00107077,66,65,1,1,0
S00107078,89,89,0,0,0
S00107079,42,39,3,0,3
S00107080,58,57,1,0,1
S00107081,53,52,1,0,1
S00107082,100,95,5,1,4
S00107083,71,71,0,0,0
S00107084,73,68,5,5,0
S00107085,64,54,10,7,3
S00107086,48,44,4,1,3
S00107087,70,59,11,7,4
S00107088,82,73,9,5,4
S00107089,60,59,1,0,1
S00107090,83,82,1,0,1
S00107091,32,32,0,0,0
S00107092,52,51,1,0,1
S00107093,48,47,1,0,1
S00107094,58,55,3,0,3
S00107095,44,42,2,0,2
S00107096,84,84,0,0,0
S00107097,60,60,0,0,0
S00107098,50,50,0,0,0
S00107099,62,62,0,0,0
S00107100,52,51,1,1,0
S00107101,44,41,3,1,2
S00107102,68,67,1,0,1
S00107103,53,53,0,0,0
S00107104,52,52,0,0,0
S00107105,54,53,1,0,1
S00107106,50,48,2,0,2
S00107107,56,54,2,1,1
S00107108,51,43,8,1,7
S00107109,43,35,8,6,2
S00107110,50,50,0,0,0
S00107111,52,51,1,0,1
S00107112,46,46,0,0,0
S00107113,40,38,2,0,2
S00107114,49,44,5,1,4
S00107115,49,46,3,0,3
S00107116,61,59,2,0,2
S00107117,50,43,7,2,5
S00107118,45,34,11,6,5
S00107119,75,63,12,10,2
S00107120,62,53,9,8,1
S00107121,31,31,0,0,0
S00107122,89,84,5,2,3
S00107123,35,35,0,0,0
S00107124,43,42,1,0,1
S00107125,38,38,0,0,0
S00107126,61,38,23,1,22
S00107127,60,57,3,0,3
S00107128,48,47,1,0,1
S00107129,83,83,0,0,0
S00107130,66,65,1,0,1
S00107131,40,40,0,0,0
S00107132,84,81,3,0,3
S00107133,37,37,0,0,0
S00107134,59,59,0,0,0
S00107135,53,52,1,1,0
S00107136,27,27,0,0,0
S00107137,33,32,1,0,1
S00107138,58,56,2,0,2
S00107139,73,68,5,2,3
S00107140,42,42,0,0,0
S00107141,51,42,9,4,5
S00107142,47,43,4,0,4
S00107143,44,44,0,0,0
S00107144,62,60,2,0,2
S00107145,44,43,1,1,0
S00107146,44,43,1,1,0
S00107147,34,33,1,0,1
S00107148,84,83,1,1,0
S00107149,41,41,0,0,0
S00107150,52,52,0,0,0
S00107151,39,38,1,0,1
S00107152,36,35,1,1,0
S00107153,53,52,1,0,1
S00107154,46,46,0,0,0
S00107155,60,58,2,0,2
S00107156,81,79,2,0,2
S00107157,71,70,1,0,1
S00107158,44,43,1,0,1
S00107159,64,64,0,0,0
S00107160,79,77,2,1,1
S00107161,71,71,0,0,0
S00107162,67,54,13,0,13
S00107163,65,64,1,0,1
S00107164,27,27,0,0,0
S00107165,82,79,3,0,3
S00107166,31,30,1,0,1
S00107167,29,27,2,0,2
S00107168,34,34,0,0,0
S00107169,60,59,1,0,1
S00107170,35,33,2,0,2
S00107171,59,57,2,1,1
S00107172,36,36,0,0,0
S00107173,48,48,0,0,0
S00107174,65,65,0,0,0
S00107175,77,74,3,0,3
S00107176,33,33,0,0,0
S00107177,57,55,2,0,2
S00107178,26,25,1,0,1
S00107179,64,62,2,1,1
S00107180,74,73,1,1,0
S00107181,36,36,0,0,0
S00107182,51,51,0,0,0
S00107183,36,36,0,0,0
S00107184,75,75,0,0,0
S00107185,65,65,0,0,0
S00107186,105,64,41,41,0
S00107187,65,63,2,0,2
S00107188,41,40,1,0,1
S00107189,30,30,0,0,0
S00107190,52,52,0,0,0
S00107191,55,54,1,1,0
S00107192,55,55,0,0,0
S00107193,27,27,0,0,0
S00107194,56,55,1,0,1
S00107195,43,42,1,0,1
S00107196,40,39,1,0,1
S00107197,36,35,1,0,1
S00107198,42,40,2,2,0
S00107199,44,39,5,3,2
S00107200,78,53,25,24,1
S00107201,63,60,3,2,1
S00107202,48,46,2,1,1
S00107203,77,72,5,3,2
S00107204,34,32,2,1,1
S00107205,49,47,2,2,0
S00107206,70,47,23,20,3
S00107207,57,56,1,1,0
S00107208,84,81,3,0,3
S00107209,71,69,2,0,2
S00107210,56,56,0,0,0
S00107211,64,62,2,1,1
S00107212,46,44,2,2,0
S00107213,56,54,2,0,2
S00107214,78,76,2,1,1
S00107215,55,55,0,0,0
S00107216,29,29,0,0,0
S00107217,35,35,0,0,0
S00107218,32,32,0,0,0
S00107219,58,58,0,0,0
S00107220,40,39,1,0,1
S00107221,48,47,1,0,1
S00107222,63,63,0,0,0
S00107223,77,76,1,1,0
S00107224,47,47,0,0,0
S00107225,53,52,1,0,1
S00107226,33,30,3,2,1
S00107227,54,52,2,0,2
S00107228,57,57,0,0,0
S00107229,53,34,19,11,8
S00107230,58,58,0,0,0
S00107231,61,60,1,0,1
S00107232,66,58,8,8,0
S00107233,70,69,1,0,1
S00107234,44,43,1,0,1
S00107235,35,34,1,0,1
S00107236,57,48,9,6,3
S00107237,47,45,2,0,2
S00107238,59,58,1,0,1
S00107239,35,34,1,0,1
S00107240,33,33,0,0,0
S00107241,55,55,0,0,0
S00107242,44,44,0,0,0
S00107243,41,41,0,0,0
S00107244,37,35,2,2,0
S00107245,45,44,1,0,1
S00107246,65,65,0,0,0
S00107247,69,68,1,0,1
S00107248,27,27,0,0,0
S00107249,56,55,1,0,1
S00107250,50,50,0,0,0
S00107251,72,71,1,1,0
S00107252,34,32,2,1,1
S00107253,62,61,1,0,1
S00107254,55,50,5,1,4
S00107255,28,27,1,1,0
S00107256,76,76,0,0,0
S00107257,47,46,1,0,1
S00107258,47,44,3,0,3
S00107259,56,50,6,3,3
S00107260,48,42,6,0,6
S00107261,82,71,11,1,10
S00107262,41,39,2,1,1
S00107263,32,31,1,1,0
S00107264,58,55,3,2,1
S00107265,59,57,2,1,1
S00107266,39,37,2,1,1
S00107267,55,50,5,0,5
S00107268,63,60,3,1,2
S00107269,30,30,0,0,0
S00107270,59,57,2,0,2
S00107271,79,77,2,1,1
S00107272,42,40,2,0,2
S00107273,36,35,1,0,1
S00107274,62,53,9,0,9
S00107275,46,44,2,0,2
S00107276,63,62,1,0,1
S00107277,29,28,1,0,1
S00107278,59,57,2,1,1
S00107279,47,43,4,1,3
S00107280,53,53,0,0,0
S00107281,82,75,7,3,4
S00107282,48,48,0,0,0
S00107283,37,35,2,0,2
S00107284,46,46,0,0,0
S00107285,37,37,0,0,0
S00107286,56,56,0,0,0
S00107287,35,35,0,0,0
S00107288,57,57,0,0,0
S00107289,54,53,1,0,1
S00107290,35,34,1,0,1
S00107291,53,52,1,0,1
S00107292,57,53,4,2,2
S00107293,43,43,0,0,0
S00107294,72,71,1,0,1
S00107295,55,53,2,2,0
S00107296,61,60,1,0,1
S00107297,55,55,0,0,0
S00107298,64,61,3,1,2
S00107299,64,62,2,1,1
S00107300,49,49,0,0,0
S00107301,88,88,0,0,0
S00107302,49,49,0,0,0
S00107303,44,42,2,0,2
S00107304,64,59,5,0,5
S00107305,52,52,0,0,0
S00107306,29,27,2,0,2
S00107307,47,46,1,0,1
S00107308,38,37,1,0,1
S00107309,73,71,2,1,1
S00107310,69,69,0,0,0
S00107311,66,63,3,0,3
S00107312,31,31,0,0,0
S00107313,64,62,2,0,2
S00107314,28,27,1,0,1
S00107315,62,59,3,0,3
S00107316,57,56,1,0,1
S00107317,53,53,0,0,0
S00107318,85,84,1,0,1
S00107319,35,35,0,0,0
S00107320,39,38,1,0,1
S00107321,29,29,0,0,0
S00107322,83,83,0,0,0
S00107323,35,35,0,0,0
S00107324,78,78,0,0,0
S00107325,76,75,1,0,1
S00107326,63,63,0,0,0
S00107327,62,62,0,0,0
S00107328,55,55,0,0,0
S00107329,35,34,1,0,1
S00107330,57,57,0,0,0
S00107331,51,51,0,0,0
S00107332,47,47,0,0,0
S00107333,54,50,4,2,2
S00107334,76,69,7,0,7
S00107335,48,45,3,0,3
S00107336,40,36,4,0,4
S00107337,63,58,5,0,5
S00107338,64,63,1,1,0
S00107339,31,30,1,0,1
S00107340,51,48,3,0,3
S00107341,68,68,0,0,0
S00107342,32,32,0,0,0
S00107343,40,40,0,0,0
S00107344,73,72,1,0,1
S00107345,53,50,3,0,3
S00107346,36,36,0,0,0
S00107347,40,39,1,0,1
S00107348,35,34,1,0,1
S00107349,92,88,4,0,4
S00107350,64,64,0,0,0
S00107351,34,32,2,0,2
S00107352,42,40,2,0,2
S00107353,64,60,4,0,4
S00107354,71,71,0,0,0
S00107355,68,68,0,0,0
S00107356,109,73,36,1,35
S00107357,52,52,0,0,0
S00107358,32,32,0,0,0
S00107359,30,29,1,0,1
S00107360,54,54,0,0,0
S00107361,44,44,0,0,0
S00107362,51,51,0,0,0
S00107363,41,41,0,0,0
S00107364,43,41,2,0,2
S00107365,36,36,0,0,0
S00107366,48,48,0,0,0
S00107367,58,52,6,1,5
S00107368,73,68,5,0,5
S00107369,30,30,0,0,0
S00107370,80,74,6,3,3
S00107371,49,46,3,1,2
S00107372,70,65,5,2,3
S00107373,84,79,5,3,2
S00107374,79,77,2,0,2
S00107375,55,55,0,0,0
S00107376,59,55,4,1,3
S00107377,22,21,1,0,1
S00107378,30,28,2,0,2
S00107379,60,38,22,1,21
S00107380,27,25,2,0,2
S00107381,80,70,10,2,8
S00107382,51,51,0,0,0
S00107383,30,30,0,0,0
S00107384,38,37,1,0,1
S00107385,64,62,2,2,0
S00107386,68,65,3,1,2
S00107387,30,29,1,0,1
S00107388,64,60,4,2,2
S00107389,40,39,1,0,1
S00107390,43,43,0,0,0
S00107391,53,52,1,1,0
S00107392,36,36,0,0,0
S00107393,49,49,0,0,0
S00107394,46,46,0,0,0
S00107395,38,38,0,0,0
S00107396,66,65,1,0,1
S00107397,38,37,1,1,0
S00107398,44,44,0,0,0
S00107399,28,28,0,0,0
S00107400,53,53,0,0,0
S00107401,32,31,1,0,1
S00107402,75,74,1,1,0
S00107403,49,49,0,0,0
S00107404,48,46,2,0,2
S00107405,49,48,1,1,0
S00107406,44,44,0,0,0
S00107407,66,63,3,0,3
S00107408,69,66,3,2,1
S00107409,75,72,3,1,2
S00107410,40,39,1,0,1
S00107411,55,45,10,0,10
S00107412,50,50,0,0,0
S00107413,41,41,0,0,0
S00107414,32,32,0,0,0
S00107415,58,55,3,0,3
S00107416,38,38,0,0,0
S00107417,61,59,2,1,1
S00107418,79,77,2,0,2
S00107419,72,68,4,0,4
S00107420,72,70,2,0,2
S00107421,54,52,2,2,0
S00107422,90,89,1,1,0
S00107423,78,72,6,4,2
S00107424,48,48,0,0,0
S00107425,40,39,1,1,0
S00107426,57,51,6,5,1
S00107427,61,60,1,1,0
S00107428,39,39,0,0,0
S00107429,49,45,4,0,4
S00107430,64,64,0,0,0
S00107431,54,54,0,0,0
S00107432,70,68,2,0,2
S00107433,62,59,3,0,3
S00107434,33,31,2,0,2
S00107435,93,89,4,0,4
S00107436,66,64,2,1,1
S00107437,57,53,4,0,4
S00107438,76,75,1,0,1
S00107439,46,46,0,0,0
S00107440,74,74,0,0,0
S00107441,81,77,4,0,4
S00107442,32,31,1,1,0
S00107443,51,50,1,0,1
S00107444,86,80,6,0,6
S00107445,44,42,2,1,1
S00107446,39,38,1,0,1
S00107447,26,24,2,0,2
S00107448,69,68,1,0,1
S00107449,51,51,0,0,0
S00107450,59,59,0,0,0
S00107451,42,42,0,0,0
S00107452,53,50,3,0,3
S00107453,62,61,1,0,1
S00107454,66,66,0,0,0
S00107455,37,37,0,0,0
S00107456,37,37,0,0,0
S00107457,61,60,1,1,0
S00107458,50,50,0,0,0
S00107459,79,76,3,0,3
S00107460,48,46,2,0,2
S00107461,54,54,0,0,0
S00107462,41,39,2,0,2
S00107463,48,47,1,1,0
S00107464,52,47,5,0,5
S00107465,51,51,0,0,0
S00107466,66,65,1,0,1
S00107467,35,35,0,0,0
S00107468,51,46,5,1,4
S00107469,34,33,1,0,1
S00107470,34,33,1,0,1
S00107471,51,51,0,0,0
S00107472,53,52,1,1,0
S00107473,42,41,1,0,1
S00107474,32,31,1,0,1
S00107475,52,52,0,0,0
S00107476,45,44,1,0,1
S00107477,48,47,1,0,1
S00107478,33,33,0,0,0
S00107479,49,49,0,0,0
S00107480,42,42,0,0,0
S00107481,54,54,0,0,0
S00107482,54,54,0,0,0
S00107483,56,56,0,0,0
S00107484,35,35,0,0,0
S00107485,84,84,0,0,0
S00107486,45,45,0,0,0
S00107487,60,59,1,0,1
S00107488,70,70,0,0,0
S00107489,56,51,5,0,5
S00107490,48,48,0,0,0
S00107491,61,61,0,0,0
S00107492,45,44,1,0,1
S00107493,56,56,0,0,0
S00107494,38,37,1,0,1
S00107495,42,40,2,1,1
S00107496,66,66,0,0,0
S00107497,55,52,3,1,2
S00107498,27,27,0,0,0
S00107499,51,51,0,0,0
S00107500,41,41,0,0,0
S00107501,66,65,1,0,1
S00107502,32,31,1,0,1
S00107503,48,47,1,0,1
S00107504,38,38,0,0,0
S00107505,64,64,0,0,0
S00107506,50,49,1,0,1
S00107507,62,62,0,0,0
S00107508,80,77,3,1,2
S00107509,64,64,0,0,0
S00107510,37,37,0,0,0
S00107511,48,46,2,2,0
S00107512,39,39,0,0,0
S00107513,58,54,4,1,3
S00107514,76,74,2,0,2
S00107515,43,43,0,0,0
S00107516,59,55,4,2,2
S00107517,57,57,0,0,0
S00107518,59,59,0,0,0
S00107519,35,35,0,0,0
S00107520,69,68,1,1,0
S00107521,54,54,0,0,0
S00107522,60,60,0,0,0
S00107523,68,68,0,0,0
S00107524,65,63,2,2,0
S00107525,56,56,0,0,0
S00107526,46,46,0,0,0
S00107527,24,24,0,0,0
S00107528,27,26,1,0,1
S00107529,47,47,0,0,0
S00107530,82,80,2,0,2
S00107531,40,40,0,0,0
S00107532,46,45,1,0,1
S00107533,51,51,0,0,0
S00107534,54,54,0,0,0
S00107535,71,68,3,0,3
S00107536,37,37,0,0,0
S00107537,56,56,0,0,0
S00107538,36,36,0,0,0
S00107539,48,47,1,0,1
S00107540,58,57,1,0,1
S00107541,61,60,1,0,1
S00107542,61,59,2,0,2
S00107543,57,57,0,0,0
S00107544,63,62,1,1,0
S00107545,42,42,0,0,0
S00107546,60,58,2,0,2
S00107547,55,54,1,1,0
S00107548,54,52,2,0,2
S00107549,34,33,1,0,1
S00107550,72,71,1,0,1
S00107551,23,23,0,0,0
S00107552,73,69,4,0,4
S00107553,28,27,1,0,1
S00107554,65,65,0,0,0
S00107555,67,65,2,0,2
S00107556,67,62,5,0,5
S00107557,66,59,7,1,6
S00107558,68,68,0,0,0
S00107559,50,48,2,0,2
S00107560,60,59,1,0,1
S00107561,55,55,0,0,0
S00107562,39,36,3,1,2
S00107563,75,73,2,1,1
S00107564,29,29,0,0,0
S00107565,52,52,0,0,0
S00107566,73,72,1,1,0
S00107567,30,29,1,0,1
S00107568,54,53,1,0,1
S00107569,70,68,2,0,2
S00107570,71,71,0,0,0
S00107571,63,63,0,0,0
S00107572,43,43,0,0,0
S00107573,58,57,1,1,0
S00107574,60,60,0,0,0
S00107575,42,42,0,0,0
S00107576,57,56,1,0,1
S00107577,41,40,1,0,1
S00107578,53,53,0,0,0
S00107579,47,47,0,0,0
S00107580,47,43,4,3,1
S00107581,48,46,2,1,1
S00107582,56,55,1,0,1
S00107583,48,48,0,0,0
S00107584,36,36,0,0,0
S00107585,44,42,2,1,1
S00107586,92,90,2,0,2
S00107587,32,31,1,0,1
S00107588,65,65,0,0,0
S00107589,70,70,0,0,0
S00107590,55,52,3,0,3
S00107591,43,40,3,1,2
S00107592,62,60,2,2,0
S00107593,77,75,2,1,1
S00107594,72,66,6,3,3
S00107595,46,46,0,0,0
S00107596,52,42,10,0,10
S00107597,63,56,7,3,4
S00107598,33,33,0,0,0
S00107599,79,79,0,0,0
S00107600,34,33,1,1,0
S00107601,60,60,0,0,0
S00107602,54,54,0,0,0
S00107603,47,46,1,0,1
S00107604,92,90,2,0,2
S00107605,75,74,1,0,1
S00107606,64,64,0,0,0
S00107607,87,84,3,0,3
S00107608,87,85,2,0,2
S00107609,85,82,3,0,3
S00107610,56,56,0,0,0
S00107611,42,42,0,0,0
S00107612,47,44,3,2,1
S00107613,89,89,0,0,0
S00107614,53,52,1,0,1
S00107615,50,49,1,1,0
S00107616,50,49,1,0,1
S00107617,69,69,0,0,0
S00107618,35,35,0,0,0
S00107619,63,63,0,0,0
S00107620,40,39,1,0,1
S00107621,40,40,0,0,0
S00107622,55,55,0,0,0
S00107623,42,40,2,1,1
S00107624,55,50,5,1,4
S00107625,58,57,1,0,1
S00107626,49,41,8,6,2
S00107627,43,42,1,0,1
S00107628,59,57,2,0,2
S00107629,43,39,4,2,2
S00107630,61,60,1,0,1
S00107631,68,67,1,0,1
S00107632,45,44,1,0,1
S00107633,58,57,1,0,1
S00107634,31,31,0,0,0
S00107635,62,61,1,0,1
S00107636,44,44,0,0,0
S00107637,71,69,2,0,2
S00107638,36,36,0,0,0
S00107639,25,23,2,0,2
S00107640,38,35,3,1,2
S00107641,74,72,2,0,2
S00107642,42,42,0,0,0
S00107643,71,65,6,0,6
S00107644,81,79,2,0,2
S00107645,73,72,1,0,1
S00107646,28,28,0,0,0
S00107647,46,45,1,0,1
S00107648,40,37,3,2,1
S00107649,60,54,6,4,2
S00107650,49,49,0,0,0
S00107651,75,75,0,0,0
S00107652,44,44,0,0,0
S00107653,49,48,1,1,0
S00107654,56,55,1,0,1
S00107655,27,25,2,0,2
S00107656,38,38,0,0,0
S00107657,68,68,0,0,0
S00107658,54,51,3,0,3
S00107659,37,33,4,0,4
S00107660,38,33,5,0,5
S00107661,68,67,1,0,1
S00107662,71,70,1,0,1
S00107663,65,61,4,0,4
S00107664,70,68,2,0,2
S00107665,52,52,0,0,0
S00107666,57,56,1,0,1
S00107667,62,61,1,0,1
S00107668,64,63,1,0,1
S00107669,52,52,0,0,0
S00107670,57,54,3,1,2
S00107671,44,43,1,0,1
S00107672,26,26,0,0,0
S00107673,62,55,7,2,5
S00107674,52,52,0,0,0
S00107675,73,69,4,0,4
S00107676,61,60,1,0,1
S00107677,52,52,0,0,0
S00107678,40,40,0,0,0
S00107679,67,64,3,0,3
S00107680,49,47,2,0,2
S00107681,74,66,8,0,8
S00107682,38,38,0,0,0
S00107683,30,30,0,0,0
S00107684,63,59,4,0,4
S00107685,76,71,5,0,5
S00107686,41,38,3,0,3
S00107687,72,66,6,0,6
S00107688,47,46,1,0,1
S00107689,52,51,1,0,1
S00107690,41,40,1,0,1
S00107691,57,53,4,0,4
S00107692,48,47,1,0,1
S00107693,33,32,1,0,1
S00107694,62,62,0,0,0
S00107695,71,69,2,0,2
S00107696,44,43,1,0,1
S00107697,42,40,2,0,2
S00107698,47,45,2,0,2
S00107699,53,53,0,0,0
S00107700,70,70,0,0,0
S00107701,71,70,1,1,0
S00107702,46,46,0,0,0
S00107703,32,32,0,0,0
S00107704,44,43,1,0,1
S00107705,34,34,0,0,0
S00107706,42,42,0,0,0
S00107707,33,33,0,0,0
S00107708,65,65,0,0,0
S00107709,46,46,0,0,0
S00107710,34,34,0,0,0
S00107711,36,36,0,0,0
S00107712,33,33,0,0,0
S00107713,55,54,1,0,1
S00107714,65,65,0,0,0
S00107715,50,50,0,0,0
S00107716,68,67,1,0,1
S00107717,72,72,0,0,0
S00107718,51,51,0,0,0
S00107719,69,69,0,0,0
S00107720,48,46,2,0,2
S00107721,69,65,4,0,4
S00107722,56,54,2,0,2
S00107723,40,40,0,0,0
S00107724,52,52,0,0,0
S00107725,50,50,0,0,0
S00107726,45,45,0,0,0
S00107727,59,56,3,1,2
S00107728,71,70,1,0,1
S00107729,70,69,1,0,1
S00107730,47,46,1,0,1
S00107731,72,68,4,1,3
S00107732,62,57,5,0,5
S00107733,63,58,5,0,5
S00107734,58,52,6,2,4
S00107735,106,99,7,0,7
S00107736,47,45,2,1,1
S00107737,81,77,4,0,4
S00107738,42,42,0,0,0
S00107739,42,42,0,0,0
S00107740,42,41,1,0,1
S00107741,42,40,2,0,2
S00107742,42,41,1,0,1
S00107743,42,40,2,0,2
S00107744,42,41,1,0,1
S00107745,42,40,2,0,2
S00107746,42,42,0,0,0
S00107747,42,41,1,0,1
S00107748,44,42,2,0,2
S00107749,42,40,2,0,2
S00107750,42,42,0,0,0
S00107751,42,40,2,0,2
S00107752,54,48,6,1,5
S00107753,36,34,2,0,2
S00107754,80,76,4,0,4
S00107755,34,31,3,0,3
S00107756,51,49,2,0,2
S00107757,71,71,0,0,0
S00107758,53,51,2,0,2
S00107759,58,45,13,13,0
S00107760,58,47,11,7,4
S00107761,59,59,0,0,0
S00107762,49,47,2,0,2
S00107763,62,57,5,0,5
S00107764,52,51,1,0,1
S00107765,69,55,14,7,7
S00107766,57,53,4,0,4
S00107767,78,76,2,1,1
S00107768,69,69,0,0,0
S00107769,56,53,3,0,3
S00107770,41,41,0,0,0
S00107771,43,43,0,0,0
S00107772,56,54,2,0,2
S00107773,72,69,3,0,3
S00107774,62,59,3,0,3
S00107775,49,48,1,0,1
S00107776,43,42,1,0,1
S00107777,72,71,1,0,1
S00107778,54,53,1,0,1
S00107779,84,83,1,0,1
S00107780,70,69,1,0,1
S00107781,42,41,1,0,1
S00107782,52,47,5,0,5
S00107783,46,44,2,0,2
S00107784,40,39,1,0,1
S00107785,50,47,3,0,3
S00107786,66,63,3,0,3
S00107787,71,67,4,0,4
S00107788,55,54,1,0,1
S00107789,57,57,0,0,0
S00107790,79,77,2,0,2
S00107791,79,79,0,0,0
S00107792,71,62,9,6,3
S00107793,65,63,2,0,2
S00107794,66,64,2,0,2
S00107795,60,54,6,5,1
S00107796,48,48,0,0,0
S00107797,45,43,2,1,1
S00107798,43,42,1,0,1
S00107799,42,42,0,0,0
S00107800,51,51,0,0,0
S00107801,35,35,0,0,0
S00107802,30,29,1,1,0
S00107803,43,41,2,0,2
S00107804,51,51,0,0,0
S00107805,74,74,0,0,0
S00107806,62,62,0,0,0
S00107807,24,24,0,0,0
S00107808,27,26,1,0,1
S00107809,40,40,0,0,0
S00107810,45,45,0,0,0
S00107811,69,68,1,0,1
S00107812,66,66,0,0,0
S00107813,55,53,2,0,2
S00107814,42,40,2,0,2
S00107815,46,44,2,1,1
S00107816,53,50,3,0,3
S00107817,44,42,2,0,2
S00107818,47,45,2,0,2
S00107819,44,44,0,0,0
S00107820,45,38,7,0,7
S00107821,57,55,2,0,2
S00107822,49,46,3,0,3
S00107823,52,51,1,0,1
S00107824,50,49,1,0,1
S00107825,33,33,0,0,0
S00107826,48,47,1,0,1
S00107827,46,45,1,0,1
S00107828,78,73,5,0,5
S00107829,46,44,2,0,2
S00107830,61,60,1,0,1
S00107831,68,63,5,0,5
S00107832,45,43,2,0,2
S00107833,53,53,0,0,0
S00107834,59,56,3,1,2
S00107835,46,40,6,0,6
S00107836,32,32,0,0,0
S00107837,51,46,5,0,5
S00107838,58,56,2,0,2
S00107839,70,63,7,3,4
S00107840,68,67,1,0,1
S00107841,39,39,0,0,0
S00107842,49,47,2,0,2
S00107843,62,60,2,0,2
S00107844,36,32,4,0,4
S00107845,28,25,3,0,3
S00107846,37,37,0,0,0
S00107847,70,69,1,0,1
S00107848,49,47,2,0,2
S00107849,68,68,0,0,0
S00107850,44,43,1,0,1
S00107851,50,50,0,0,0
S00107852,48,48,0,0,0
S00107853,50,50,0,0,0
S00107854,59,58,1,0,1
S00107855,35,35,0,0,0
S00107856,54,52,2,0,2
S00107857,45,45,0,0,0
S00107858,41,41,0,0,0
S00107859,49,48,1,0,1
S00107860,48,48,0,0,0
S00107861,46,42,4,4,0
S00107862,55,51,4,4,0
S00107863,48,48,0,0,0
S00107864,54,52,2,1,1
S00107865,52,49,3,2,1
S00107866,43,42,1,0,1
S00107867,78,71,7,0,7
S00107868,33,32,1,0,1
S00107869,65,62,3,0,3
S00107870,57,54,3,0,3
S00107871,42,40,2,1,1
S00107872,43,43,0,0,0
S00107873,32,29,3,3,0
S00107874,53,46,7,3,4
S00107875,51,45,6,5,1
S00107876,30,26,4,3,1
S00107877,54,44,10,9,1
S00107878,43,36,7,5,2
S00107879,31,28,3,3,0
S00107880,57,57,0,0,0
S00107881,30,28,2,2,0
S00107882,53,40,13,10,3
S00107883,55,47,8,7,1
S00107884,46,43,3,3,0
S00107885,51,49,2,2,0
S00107886,73,68,5,0,5
S00107887,50,50,0,0,0
S00107888,57,56,1,0,1
S00107889,70,68,2,0,2
S00107890,71,69,2,0,2
S00107891,48,48,0,0,0
S00107892,56,54,2,0,2
S00107893,62,59,3,0,3
S00107894,46,42,4,1,3
S00107895,46,46,0,0,0
S00107896,39,38,1,0,1
S00107897,54,49,5,2,3
S00107898,42,40,2,2,0
S00107899,41,41,0,0,0
S00107900,40,38,2,2,0
S00107901,54,52,2,0,2
S00107902,44,43,1,0,1
S00107903,55,55,0,0,0
S00107904,80,67,13,5,8
S00107905,64,61,3,3,0
S00107906,51,51,0,0,0
S00107907,34,34,0,0,0
S00107908,24,24,0,0,0
S00107909,63,61,2,0,2
S00107910,58,58,0,0,0
S00107911,66,62,4,0,4
S00107912,61,58,3,0,3
S00107913,48,46,2,0,2
S00107914,70,69,1,0,1
S00107915,52,50,2,0,2
S00107916,51,51,0,0,0
S00107917,51,50,1,0,1
S00107918,115,87,28,20,8
S00107919,86,65,21,19,2
S00107920,77,53,24,10,14
S00107921,57,36,21,0,21
S00107922,82,73,9,8,1
S00107923,64,64,0,0,0
S00107924,38,38,0,0,0
S00107925,56,55,1,1,0
S00107926,43,42,1,0,1
S00107927,41,41,0,0,0
S00107928,64,64,0,0,0
S00107929,74,71,3,0,3
S00107930,64,63,1,0,1
S00107931,51,50,1,0,1
S00107932,44,44,0,0,0
S00107933,48,47,1,0,1
S00107934,64,63,1,0,1
S00107935,60,60,0,0,0
S00107936,69,59,10,3,7
S00107937,73,70,3,0,3
S00107938,50,46,4,0,4
S00107939,76,73,3,0,3
S00107940,58,56,2,0,2
S00107941,31,31,0,0,0
S00107942,77,75,2,0,2
S00107943,56,56,0,0,0
S00107944,56,53,3,0,3
S00107945,44,43,1,0,1
S00107946,44,43,1,0,1
S00107947,54,49,5,0,5
S00107948,59,58,1,0,1
S00107949,44,37,7,0,7
S00107950,26,25,1,0,1
S00107951,62,62,0,0,0
S00107952,56,55,1,0,1
S00107953,41,40,1,0,1
S00107954,50,50,0,0,0
S00107955,35,35,0,0,0
S00107956,30,30,0,0,0
S00107957,55,55,0,0,0
S00107958,48,47,1,1,0
S00107959,70,69,1,0,1
S00107960,74,74,0,0,0
S00107961,42,42,0,0,0
S00107962,46,46,0,0,0
S00107963,46,46,0,0,0
S00107964,67,67,0,0,0
S00107965,48,48,0,0,0
S00107966,42,41,1,0,1
S00107967,69,66,3,0,3
S00107968,55,54,1,0,1
S00107969,73,73,0,0,0
S00107970,55,54,1,0,1
S00107971,49,48,1,0,1
S00107972,52,51,1,0,1
S00107973,65,62,3,0,3
S00107974,62,58,4,1,3
S00107975,50,50,0,0,0
S00107976,26,25,1,0,1
S00107977,63,61,2,0,2
S00107978,41,34,7,0,7
S00107979,43,43,0,0,0
S00107980,53,52,1,0,1
S00107981,58,58,0,0,0
S00107982,47,47,0,0,0
S00107983,60,59,1,0,1
S00107984,77,74,3,0,3
S00107985,70,66,4,0,4
S00107986,64,63,1,0,1
S00107987,34,33,1,0,1
S00107988,54,52,2,0,2
S00107989,43,41,2,0,2
S00107990,44,39,5,0,5
S00107991,60,59,1,0,1
S00107992,53,51,2,1,1
S00107993,36,36,0,0,0
S00107994,47,46,1,0,1
S00107995,40,39,1,0,1
S00107996,52,51,1,0,1
S00107997,44,43,1,0,1
S00107998,50,46,4,0,4
S00107999,59,56,3,0,3
S00108000,28,28,0,0,0
S00108001,76,75,1,0,1
S00108002,50,48,2,0,2
S00108003,56,56,0,0,0
S00108004,72,72,0,0,0
S00108005,42,39,3,0,3
S00108006,45,45,0,0,0
S00108007,46,45,1,0,1
S00108008,28,27,1,0,1
S00108009,46,46,0,0,0
S00108010,56,55,1,0,1
S00108011,53,53,0,0,0
S00108012,51,51,0,0,0
S00108013,46,45,1,0,1
S00108014,50,48,2,0,2
S00108015,54,54,0,0,0
S00108016,42,39,3,0,3
S00108017,63,62,1,0,1
S00108018,58,57,1,0,1
S00108019,71,69,2,0,2
S00108020,67,66,1,0,1
S00108021,50,50,0,0,0
S00108022,42,38,4,0,4
S00108023,54,53,1,0,1
S00108024,52,52,0,0,0
S00108025,39,38,1,0,1
S00108026,65,64,1,0,1
S00108027,57,57,0,0,0
S00108028,44,42,2,0,2
S00108029,58,55,3,0,3
S00108030,65,62,3,0,3
S00108031,86,77,9,4,5
S00108032,46,45,1,1,0
S00108033,54,52,2,0,2
S00108034,47,47,0,0,0
S00108035,53,53,0,0,0
S00108036,41,41,0,0,0
S00108037,62,62,0,0,0
S00108038,64,62,2,0,2
S00108039,50,48,2,0,2
S00108040,80,77,3,0,3
S00108041,42,42,0,0,0
S00108042,58,58,0,0,0
S00108043,71,68,3,0,3
S00108044,35,34,1,0,1
S00108045,50,50,0,0,0
S00108046,50,49,1,0,1
S00108047,79,74,5,2,3
S00108048,72,68,4,0,4
S00108049,52,49,3,0,3
S00108050,42,42,0,0,0
S00108051,44,40,4,0,4
S00108052,76,75,1,0,1
S00108053,63,62,1,1,0
S00108054,57,56,1,0,1
S00108055,53,47,6,6,0
S00108056,64,62,2,0,2
S00108057,74,74,0,0,0
S00108058,73,71,2,0,2
S00108059,61,58,3,0,3
S00108060,49,49,0,0,0
S00108061,65,64,1,0,1
S00108062,72,67,5,0,5
S00108063,34,31,3,0,3
S00108064,53,51,2,0,2
S00108065,27,27,0,0,0
S00108066,59,57,2,0,2
S00108067,53,49,4,0,4
S00108068,47,45,2,0,2
S00108069,48,46,2,0,2
S00108070,48,36,12,0,12
S00108071,47,45,2,0,2
S00108072,43,41,2,0,2
S00108073,46,43,3,0,3
S00108074,47,47,0,0,0
S00108075,49,49,0,0,0
S00108076,40,40,0,0,0
S00108077,78,75,3,0,3
S00108078,70,69,1,0,1
S00108079,79,61,18,2,16
S00108080,66,64,2,0,2
S00108081,70,69,1,0,1
S00108082,71,69,2,0,2
S00108083,47,45,2,0,2
S00108084,40,40,0,0,0
S00108085,46,46,0,0,0
S00108086,51,51,0,0,0
S00108087,63,58,5,1,4
S00108088,52,52,0,0,0
S00108089,33,32,1,0,1
S00108090,47,46,1,0,1
S00108091,54,53,1,0,1
S00108092,68,67,1,0,1
S00108093,43,42,1,0,1
S00108094,40,40,0,0,0
S00108095,24,24,0,0,0
S00108096,68,66,2,0,2
S00108097,48,47,1,0,1
S00108098,43,43,0,0,0
S00108099,43,41,2,0,2
S00108100,45,44,1,0,1
S00108101,56,54,2,0,2
S00108102,44,44,0,0,0
S00108103,49,48,1,0,1
S00108104,58,58,0,0,0
S00108105,51,51,0,0,0
S00108106,49,48,1,0,1
S00108107,53,51,2,0,2
S00108108,52,52,0,0,0
S00108109,24,24,0,0,0
S00108110,62,59,3,1,2
S00108111,47,46,1,0,1
S00108112,56,56,0,0,0
S00108113,40,40,0,0,0
S00108114,65,64,1,0,1
S00108115,62,59,3,0,3
S00108116,73,71,2,0,2
S00108117,58,57,1,0,1
S00108118,70,69,1,0,1
S00108119,25,25,0,0,0
S00108120,44,43,1,0,1
S00108121,33,31,2,0,2
S00108122,44,44,0,0,0
S00108123,59,59,0,0,0
S00108124,30,30,0,0,0
S00108125,28,27,1,0,1
S00108126,34,34,0,0,0
S00108127,52,51,1,0,1
S00108128,45,45,0,0,0
S00108129,49,49,0,0,0
S00108130,50,49,1,0,1
S00108131,47,45,2,0,2
S00108132,43,43,0,0,0
S00108133,51,51,0,0,0
S00108134,45,43,2,0,2
S00108135,39,38,1,1,0
S00108136,46,45,1,0,1
S00108137,26,25,1,0,1
S00108138,66,66,0,0,0
S00108139,72,69,3,0,3
S00108140,46,46,0,0,0
S00108141,43,42,1,0,1
S00108142,56,53,3,0,3
S00108143,73,72,1,0,1
S00108144,45,45,0,0,0
S00108145,49,49,0,0,0
S00108146,60,60,0,0,0
S00108147,56,54,2,1,1
S00108148,48,48,0,0,0
S00108149,82,81,1,1,0
S00108150,46,46,0,0,0
S00108151,45,44,1,0,1
S00108152,49,49,0,0,0
S00108153,54,53,1,0,1
S00108154,76,74,2,0,2
S00108155,67,67,0,0,0
S00108156,66,66,0,0,0
S00108157,46,46,0,0,0
S00108158,47,44,3,0,3
S00108159,73,70,3,0,3
S00108160,60,58,2,0,2
S00108161,40,40,0,0,0
S00108162,57,57,0,0,0
S00108163,55,54,1,0,1
S00108164,70,69,1,0,1
S00108165,37,37,0,0,0
S00108166,41,41,0,0,0
S00108167,49,48,1,0,1
S00108168,75,75,0,0,0
S00108169,52,50,2,0,2
S00108170,65,62,3,0,3
S00108171,38,36,2,0,2
S00108172,52,50,2,0,2
S00108173,51,50,1,0,1
S00108174,37,35,2,0,2
S00108175,52,50,2,0,2
S00108176,40,39,1,0,1
S00108177,53,53,0,0,0
S00108178,73,73,0,0,0
S00108179,58,57,1,0,1
S00108180,59,58,1,0,1
S00108181,78,75,3,0,3
S00108182,61,60,1,0,1
S00108183,52,50,2,0,2
S00108184,58,58,0,0,0
S00108185,68,67,1,0,1
S00108186,62,62,0,0,0
S00108187,68,67,1,0,1
S00108188,68,67,1,0,1
S00108189,23,23,0,0,0
S00108190,50,50,0,0,0
S00108191,48,48,0,0,0
S00108192,59,57,2,0,2
S00108193,29,29,0,0,0
S00108194,76,76,0,0,0
S00108195,31,31,0,0,0
S00108196,44,43,1,0,1
S00108197,59,58,1,0,1
S00108198,43,43,0,0,0
S00108199,43,43,0,0,0
S00108200,34,34,0,0,0
S00108201,58,55,3,0,3
S00108202,46,46,0,0,0
S00108203,60,59,1,0,1
S00108204,54,53,1,0,1
S00108205,45,44,1,0,1
S00108206,56,56,0,0,0
S00108207,69,66,3,0,3
S00108208,36,35,1,0,1
S00108209,22,22,0,0,0
S00108210,56,55,1,0,1
S00108211,50,49,1,0,1
S00108212,44,44,0,0,0
S00108213,61,59,2,0,2
S00108214,36,36,0,0,0
S00108215,42,41,1,0,1
S00108216,55,55,0,0,0
S00108217,71,69,2,0,2
S00108218,38,36,2,0,2
S00108219,46,46,0,0,0
S00108220,78,77,1,0,1
S00108221,68,66,2,0,2
S00108222,46,44,2,1,1
S00108223,36,35,1,0,1
S00108224,44,42,2,0,2
S00108225,60,59,1,0,1
S00108226,42,42,0,0,0
S00108227,56,55,1,0,1
S00108228,49,49,0,0,0
S00108229,43,43,0,0,0
S00108230,58,58,0,0,0
S00108231,41,41,0,0,0
S00108232,49,49,0,0,0
S00108233,67,65,2,0,2
S00108234,46,45,1,0,1
S00108235,60,60,0,0,0
S00108236,44,44,0,0,0
S00108237,76,74,2,0,2
S00108238,76,76,0,0,0
S00108239,49,47,2,0,2
S00108240,55,49,6,0,6
S00108241,48,47,1,0,1
S00108242,61,60,1,0,1
S00108243,66,63,3,0,3
S00108244,65,63,2,0,2
S00108245,76,74,2,0,2
S00108246,61,56,5,0,5
S00108247,73,72,1,1,0
S00108248,50,50,0,0,0
S00108249,53,53,0,0,0
S00108250,42,38,4,0,4
S00108251,72,72,0,0,0
S00108252,67,61,6,0,6
S00108253,42,42,0,0,0
S00108254,57,56,1,0,1
S00108255,44,44,0,0,0
S00108256,62,62,0,0,0
S00108257,73,71,2,0,2
S00108258,59,59,0,0,0
S00108259,48,46,2,0,2
S00108260,48,47,1,0,1
S00108261,59,59,0,0,0
S00108262,51,50,1,0,1
S00108263,61,60,1,0,1
S00108264,55,55,0,0,0
S00108265,40,39,1,0,1
S00108266,55,55,0,0,0
S00108267,24,24,0,0,0
S00108268,21,21,0,0,0
S00108269,77,75,2,0,2
S00108270,73,70,3,0,3
S00108271,50,49,1,0,1
S00108272,60,60,0,0,0
S00108273,61,60,1,0,1
S00108274,55,55,0,0,0
S00108275,55,55,0,0,0
S00108276,42,41,1,0,1
S00108277,65,64,1,0,1
S00108278,68,64,4,0,4
S00108279,51,48,3,0,3
S00108280,62,59,3,0,3
S00108281,68,67,1,0,1
S00108282,56,54,2,0,2
S00108283,38,36,2,0,2
S00108284,62,61,1,0,1
S00108285,68,68,0,0,0
S00108286,60,55,5,0,5
S00108287,60,60,0,0,0
S00108288,70,69,1,1,0
S00108289,32,32,0,0,0
S00108290,36,36,0,0,0
S00108291,31,30,1,0,1
S00108292,36,32,4,0,4
S00108293,49,47,2,0,2
S00108294,52,52,0,0,0
S00108295,47,46,1,0,1
S00108296,50,50,0,0,0
S00108297,48,47,1,0,1
S00108298,42,41,1,1,0
S00108299,49,48,1,0,1
S00108300,68,68,0,0,0
S00108301,64,64,0,0,0
S00108302,55,54,1,0,1
S00108303,51,48,3,0,3
S00108304,50,50,0,0,0
S00108305,72,71,1,0,1
S00108306,48,48,0,0,0
S00108307,49,49,0,0,0
S00108308,44,44,0,0,0
S00108309,49,49,0,0,0
S00108310,46,46,0,0,0
S00108311,41,41,0,0,0
S00108312,49,49,0,0,0
S00108313,52,51,1,0,1
S00108314,67,67,0,0,0
S00108315,78,75,3,0,3
S00108316,56,55,1,0,1
S00108317,46,46,0,0,0
S00108318,57,56,1,0,1
S00108319,71,68,3,0,3
S00108320,48,46,2,0,2
S00108321,56,55,1,0,1
S00108322,55,55,0,0,0
S00108323,60,59,1,0,1
S00108324,78,74,4,3,1
S00108325,33,31,2,0,2
S00108326,70,69,1,0,1
S00108327,52,51,1,0,1
S00108328,31,30,1,0,1
S00108329,53,53,0,0,0
S00108330,57,56,1,0,1
S00108331,66,66,0,0,0
S00108332,61,61,0,0,0
S00108333,71,70,1,0,1
S00108334,32,30,2,0,2
S00108335,58,56,2,0,2
S00108336,54,46,8,0,8
S00108337,52,48,4,0,4
S00108338,68,68,0,0,0
S00108339,68,67,1,0,1
S00108340,49,48,1,0,1
S00108341,41,41,0,0,0
S00108342,48,47,1,0,1
S00108343,41,40,1,0,1
S00108344,28,28,0,0,0
S00108345,44,41,3,0,3
S00108346,67,65,2,0,2
S00108347,69,69,0,0,0
S00108348,79,77,2,0,2
S00108349,58,58,0,0,0
S00108350,59,58,1,0,1
S00108351,44,44,0,0,0
S00108352,58,58,0,0,0
S00108353,42,42,0,0,0
S00108354,51,48,3,1,2
S00108355,33,32,1,0,1
S00108356,46,43,3,0,3
S00108357,45,45,0,0,0
S00108358,49,47,2,0,2
S00108359,56,56,0,0,0
S00108360,52,52,0,0,0
S00108361,46,45,1,0,1
S00108362,62,60,2,0,2
S00108363,75,74,1,0,1
S00108364,68,66,2,0,2
S00108365,74,72,2,0,2
S00108366,68,68,0,0,0
S00108367,72,69,3,0,3
S00108368,49,48,1,0,1
S00108369,58,57,1,0,1
S00108370,51,50,1,0,1
S00108371,50,50,0,0,0
S00108372,40,38,2,0,2
S00108373,64,60,4,0,4
S00108374,22,22,0,0,0
S00108375,57,55,2,0,2
S00108376,23,23,0,0,0
S00108377,64,64,0,0,0
S00108378,66,65,1,0,1
S00108379,73,71,2,0,2
S00108380,56,54,2,0,2
S00108381,57,56,1,0,1
S00108382,51,51,0,0,0
S00108383,54,54,0,0,0
S00108384,45,44,1,0,1
S00108385,59,57,2,0,2
S00108386,48,48,0,0,0
S00108387,47,46,1,0,1
S00108388,77,74,3,0,3
S00108389,40,39,1,0,1
S00108390,46,43,3,0,3
S00108391,62,61,1,0,1
S00108392,54,54,0,0,0
S00108393,49,48,1,0,1
S00108394,36,35,1,0,1
S00108395,45,43,2,0,2
S00108396,53,53,0,0,0
S00108397,36,36,0,0,0
S00108398,69,65,4,0,4
S00108399,63,53,10,8,2
S00108400,71,71,0,0,0
S00108401,61,60,1,0,1
S00108402,53,52,1,0,1
S00108403,43,41,2,0,2
S00108404,52,48,4,0,4
S00108405,40,37,3,0,3
S00108406,55,52,3,0,3
S00108407,41,38,3,0,3
S00108408,39,39,0,0,0
S00108409,66,65,1,0,1
S00108410,66,65,1,0,1
S00108411,40,39,1,0,1
S00108412,73,72,1,0,1
S00108413,72,72,0,0,0
S00108414,76,73,3,0,3
S00108415,72,62,10,8,2
S00108416,67,64,3,0,3
S00108417,49,37,12,7,5
S00108418,56,44,12,4,8
S00108419,54,52,2,1,1
S00108420,70,69,1,0,1
S00108421,68,65,3,0,3
S00108422,40,39,1,0,1
S00108423,28,27,1,1,0
S00108424,42,29,13,0,13
S00108425,42,41,1,0,1
S00108426,56,55,1,0,1
S00108427,24,24,0,0,0
S00108428,32,31,1,0,1
S00108429,74,73,1,0,1
S00108430,70,68,2,0,2
S00108431,64,63,1,0,1
S00108432,51,50,1,0,1
S00108433,54,52,2,0,2
S00108434,48,48,0,0,0
S00108435,59,59,0,0,0
S00108436,64,59,5,4,1
S00108437,48,48,0,0,0
S00108438,58,57,1,0,1
S00108439,41,41,0,0,0
S00108440,50,50,0,0,0
S00108441,49,49,0,0,0
S00108442,71,69,2,2,0
S00108443,71,71,0,0,0
S00108444,42,41,1,0,1
S00108445,32,32,0,0,0
S00108446,45,45,0,0,0
S00108447,73,73,0,0,0
S00108448,70,70,0,0,0
S00108449,72,72,0,0,0
S00108450,72,70,2,0,2
S00108451,66,64,2,0,2
S00108452,40,40,0,0,0
S00108453,40,40,0,0,0
S00108454,48,48,0,0,0
S00108455,47,46,1,0,1
S00108456,47,45,2,0,2
S00108457,72,71,1,0,1
S00108458,64,62,2,2,0
S00108459,53,53,0,0,0
S00108460,77,73,4,0,4
S00108461,66,63,3,0,3
S00108462,61,58,3,1,2
S00108463,59,58,1,0,1
S00108464,59,59,0,0,0
S00108465,35,33,2,0,2
S00108466,77,75,2,0,2
S00108467,41,40,1,0,1
S00108468,60,60,0,0,0
S00108469,74,73,1,0,1
S00108470,67,65,2,1,1
S00108471,61,60,1,0,1
S00108472,56,55,1,0,1
S00108473,41,41,0,0,0
S00108474,50,50,0,0,0
S00108475,57,56,1,0,1
S00108476,73,72,1,0,1
S00108477,46,43,3,0,3
S00108478,25,23,2,1,1
S00108479,45,44,1,0,1
S00108480,45,44,1,0,1
S00108481,48,48,0,0,0
S00108482,48,47,1,0,1
S00108483,44,44,0,0,0
S00108484,47,47,0,0,0
S00108485,60,60,0,0,0
S00108486,62,62,0,0,0
S00108487,65,63,2,2,0
S00108488,61,60,1,0,1
S00108489,34,34,0,0,0
S00108490,66,65,1,0,1
S00108491,45,45,0,0,0
S00108492,39,39,0,0,0
S00108493,63,59,4,0,4
S00108494,59,59,0,0,0
S00108495,30,30,0,0,0
S00108496,50,50,0,0,0
S00108497,73,72,1,0,1
S00108498,40,40,0,0,0
S00108499,70,70,0,0,0
S00108500,39,39,0,0,0
S00108501,75,74,1,0,1
S00108502,73,71,2,0,2
S00108503,64,63,1,0,1
S00108504,44,44,0,0,0
S00108505,44,43,1,0,1
S00108506,56,52,4,0,4
S00108507,36,36,0,0,0
S00108508,55,53,2,0,2
S00108509,50,50,0,0,0
S00108510,40,39,1,0,1
S00108511,44,43,1,0,1
S00108512,33,33,0,0,0
S00108513,47,47,0,0,0
S00108514,73,70,3,0,3
S00108515,44,42,2,1,1
S00108516,58,58,0,0,0
S00108517,50,50,0,0,0
S00108518,55,55,0,0,0
S00108519,44,44,0,0,0
S00108520,47,47,0,0,0
S00108521,71,71,0,0,0
S00108522,53,53,0,0,0
S00108523,50,50,0,0,0
S00108524,43,42,1,0,1
S00108525,54,53,1,0,1
S00108526,45,43,2,0,2
S00108527,54,54,0,0,0
S00108528,46,46,0,0,0
S00108529,46,46,0,0,0
S00108530,45,40,5,0,5
S00108531,47,47,0,0,0
S00108532,53,50,3,0,3
S00108533,38,37,1,0,1
S00108534,64,63,1,0,1
S00108535,71,71,0,0,0
S00108536,59,57,2,1,1
S00108537,65,65,0,0,0
S00108538,78,75,3,1,2
S00108539,67,67,0,0,0
S00108540,53,52,1,0,1
S00108541,54,54,0,0,0
S00108542,40,40,0,0,0
S00108543,48,47,1,0,1
S00108544,42,42,0,0,0
S00108545,52,51,1,0,1
S00108546,56,54,2,0,2
S00108547,41,40,1,0,1
S00108548,56,55,1,0,1
S00108549,53,53,0,0,0
S00108550,44,42,2,0,2
S00108551,52,52,0,0,0
S00108552,41,41,0,0,0
S00108553,63,62,1,0,1
S00108554,76,76,0,0,0
S00108555,50,50,0,0,0
S00108556,37,34,3,0,3
S00108557,53,50,3,0,3
S00108558,48,48,0,0,0
S00108559,80,80,0,0,0
S00108560,68,68,0,0,0
S00108561,51,50,1,0,1
S00108562,42,42,0,0,0
S00108563,41,41,0,0,0
S00108564,62,62,0,0,0
S00108565,60,60,0,0,0
S00108566,37,36,1,0,1
S00108567,61,60,1,0,1
S00108568,46,45,1,0,1
S00108569,54,52,2,0,2
S00108570,42,41,1,0,1
S00108571,46,46,0,0,0
S00108572,79,79,0,0,0
S00108573,54,54,0,0,0
S00108574,46,46,0,0,0
S00108575,34,34,0,0,0
S00108576,33,33,0,0,0
S00108577,28,27,1,0,1
S00108578,36,36,0,0,0
S00108579,55,53,2,0,2
S00108580,59,57,2,0,2
S00108581,50,48,2,0,2
S00108582,48,48,0,0,0
S00108583,40,40,0,0,0
S00108584,28,25,3,0,3
S00108585,48,46,2,0,2
S00108586,34,34,0,0,0
S00108587,38,37,1,0,1
S00108588,32,32,0,0,0
S00108589,50,49,1,0,1
S00108590,61,60,1,0,1
S00108591,42,42,0,0,0
S00108592,42,41,1,0,1
S00108593,33,32,1,0,1
S00108594,30,27,3,0,3
S00108595,73,73,0,0,0
S00108596,40,40,0,0,0
S00108597,76,76,0,0,0
S00108598,33,33,0,0,0
S00108599,44,42,2,1,1
S00108600,38,38,0,0,0
S00108601,40,38,2,0,2
S00108602,52,52,0,0,0
S00108603,72,71,1,0,1
S00108604,67,62,5,0,5
S00108605,51,48,3,0,3
S00108606,70,66,4,1,3
S00108607,83,77,6,4,2
S00108608,57,56,1,0,1
S00108609,56,48,8,7,1
S00108610,54,48,6,0,6
S00108611,54,54,0,0,0
S00108612,28,27,1,0,1
S00108613,34,31,3,3,0
S00108614,72,64,8,0,8
S00108615,45,45,0,0,0
S00108616,43,43,0,0,0
S00108617,44,43,1,0,1
S00108618,59,59,0,0,0
S00108619,39,39,0,0,0
S00108620,37,32,5,5,0
S00108621,40,35,5,0,5
S00108622,83,70,13,0,13
S00108623,46,45,1,0,1
S00108624,40,37,3,1,2
S00108625,64,64,0,0,0
S00108626,63,59,4,0,4
S00108627,54,53,1,0,1
S00108628,59,56,3,2,1
S00108629,48,48,0,0,0
S00108630,22,22,0,0,0
S00108631,56,56,0,0,0
S00108632,33,29,4,0,4
S00108633,31,29,2,0,2
S00108634,22,22,0,0,0
S00108635,34,34,0,0,0
S00108636,63,63,0,0,0
S00108637,66,64,2,0,2
S00108638,45,44,1,0,1
S00108639,24,23,1,0,1
S00108640,32,31,1,0,1
S00108641,46,45,1,0,1
S00108642,33,29,4,0,4
S00108643,36,35,1,0,1
S00108644,54,54,0,0,0
S00108645,75,60,15,0,15
S00108646,74,74,0,0,0
S00108647,24,23,1,0,1
S00108648,31,30,1,0,1
S00108649,40,40,0,0,0
S00108650,52,52,0,0,0
S00108651,69,68,1,0,1
S00108652,33,32,1,0,1
S00108653,25,24,1,0,1
S00108654,36,35,1,0,1
S00108655,52,51,1,0,1
S00108656,53,53,0,0,0
S00108657,53,52,1,0,1
S00108658,49,49,0,0,0
S00108659,40,40,0,0,0
S00108660,51,51,0,0,0
S00108661,37,34,3,0,3
S00108662,73,73,0,0,0
S00108663,46,45,1,0,1
S00108664,54,54,0,0,0
S00108665,65,62,3,0,3
S00108666,32,32,0,0,0
S00108667,52,51,1,0,1
S00108668,37,37,0,0,0
S00108669,37,37,0,0,0
S00108670,49,49,0,0,0
S00108671,47,42,5,1,4
S00108672,29,29,0,0,0
S00108673,46,46,0,0,0
S00108674,70,68,2,1,1
S00108675,33,32,1,0,1
S00108676,34,33,1,1,0
S00108677,43,42,1,0,1
S00108678,32,32,0,0,0
S00108679,36,36,0,0,0
S00108680,38,38,0,0,0
S00108681,65,64,1,1,0
S00108682,47,44,3,2,1
S00108683,46,45,1,0,1
S00108684,34,33,1,0,1
S00108685,33,32,1,0,1
S00108686,55,55,0,0,0
S00108687,44,43,1,0,1
S00108688,65,64,1,0,1
S00108689,82,82,0,0,0
S00108690,85,81,4,0,4
S00108691,43,43,0,0,0
S00108692,42,41,1,0,1
S00108693,43,42,1,0,1
S00108694,42,41,1,0,1
S00108695,85,81,4,0,4
S00108696,34,33,1,0,1
S00108697,48,48,0,0,0
S00108698,41,41,0,0,0
S00108699,40,37,3,0,3
S00108700,41,40,1,0,1
S00108701,51,51,0,0,0
S00108702,33,31,2,0,2
S00108703,38,38,0,0,0
S00108704,58,55,3,0,3
S00108705,59,58,1,0,1
S00108706,37,37,0,0,0
S00108707,82,79,3,0,3
S00108708,48,47,1,0,1
S00108709,39,37,2,0,2
S00108710,53,51,2,0,2
S00108711,63,61,2,0,2
S00108712,35,34,1,0,1
S00108713,36,31,5,5,0
S00108714,48,45,3,0,3
S00108715,48,48,0,0,0
S00108716,34,34,0,0,0
S00108717,61,61,0,0,0
S00108718,37,37,0,0,0
S00108719,50,49,1,0,1
S00108720,34,33,1,0,1
S00108721,67,67,0,0,0
S00108722,33,32,1,0,1
S00108723,63,63,0,0,0
S00108724,30,30,0,0,0
S00108725,67,64,3,0,3
S00108726,95,95,0,0,0
S00108727,62,60,2,0,2
S00108728,43,41,2,1,1
S00108729,55,54,1,1,0
S00108730,69,69,0,0,0
S00108731,70,68,2,0,2
S00108732,69,69,0,0,0
S00108733,77,75,2,0,2
S00108734,69,68,1,0,1
S00108735,59,54,5,2,3
S00108736,29,28,1,0,1
S00108737,50,50,0,0,0
S00108738,55,53,2,0,2
S00108739,29,26,3,0,3
S00108740,58,58,0,0,0
S00108741,71,70,1,0,1
S00108742,65,65,0,0,0
S00108743,74,73,1,0,1
S00108744,40,39,1,0,1
S00108745,47,46,1,0,1
S00108746,45,45,0,0,0
S00108747,84,84,0,0,0
S00108748,74,74,0,0,0
S00108749,49,49,0,0,0
S00108750,68,67,1,1,0
S00108751,41,39,2,0,2
S00108752,44,43,1,0,1
S00108753,52,51,1,0,1
S00108754,41,41,0,0,0
S00108755,48,48,0,0,0
S00108756,71,71,0,0,0
S00108757,46,43,3,0,3
S00108758,26,25,1,0,1
S00108759,54,54,0,0,0
S00108760,58,56,2,0,2
S00108761,42,41,1,0,1
S00108762,54,53,1,0,1
S00108763,50,49,1,0,1
S00108764,48,46,2,0,2
S00108765,36,35,1,0,1
S00108766,43,41,2,0,2
S00108767,45,45,0,0,0
S00108768,29,29,0,0,0
S00108769,43,43,0,0,0
S00108770,42,42,0,0,0
S00108771,42,39,3,0,3
S00108772,53,50,3,1,2
S00108773,33,33,0,0,0
S00108774,53,49,4,0,4
S00108775,23,23,0,0,0
S00108776,81,78,3,0,3
S00108777,26,25,1,0,1
S00108778,61,59,2,0,2
S00108779,60,59,1,0,1
S00108780,37,37,0,0,0
S00108781,61,58,3,0,3
S00108782,28,27,1,1,0
S00108783,65,63,2,0,2
S00108784,59,58,1,0,1
S00108785,95,87,8,1,7
S00108786,62,52,10,10,0
S00108787,65,60,5,4,1
S00108788,65,63,2,1,1
S00108789,69,62,7,3,4
S00108790,28,26,2,1,1
S00108791,56,50,6,5,1
S00108792,38,36,2,0,2
S00108793,54,54,0,0,0
S00108794,56,55,1,0,1
S00108795,68,68,0,0,0
S00108796,44,44,0,0,0
S00108797,54,54,0,0,0
S00108798,50,50,0,0,0
S00108799,53,53,0,0,0
S00108800,73,72,1,0,1
S00108801,49,49,0,0,0
S00108802,81,77,4,0,4
S00108803,59,57,2,0,2
S00108804,52,50,2,0,2
S00108805,35,35,0,0,0
S00108806,72,72,0,0,0
S00108807,55,54,1,0,1
S00108808,62,61,1,0,1
S00108809,38,36,2,0,2
S00108810,25,25,0,0,0
S00108811,56,55,1,0,1
S00108812,47,44,3,0,3
S00108813,34,32,2,0,2
S00108814,88,84,4,0,4
S00108815,46,46,0,0,0
S00108816,69,68,1,0,1
S00108817,40,38,2,0,2
S00108818,49,49,0,0,0
S00108819,54,49,5,0,5
S00108820,47,39,8,0,8
S00108821,61,49,12,7,5
S00108822,56,55,1,0,1
S00108823,88,75,13,0,13
S00108824,36,34,2,0,2
S00108825,48,47,1,0,1
S00108826,47,47,0,0,0
S00108827,74,69,5,0,5
S00108828,57,57,0,0,0
S00108829,60,59,1,0,1
S00108830,45,44,1,0,1
S00108831,69,68,1,0,1
S00108832,62,59,3,0,3
S00108833,69,68,1,0,1
S00108834,47,45,2,0,2
S00108835,44,41,3,2,1
S00108836,51,51,0,0,0
S00108837,48,48,0,0,0
S00108838,30,30,0,0,0
S00108839,84,83,1,0,1
S00108840,36,36,0,0,0
S00108841,41,41,0,0,0
S00108842,55,54,1,0,1
S00108843,40,40,0,0,0
S00108844,77,77,0,0,0
S00108845,65,63,2,0,2
S00108846,32,30,2,0,2
S00108847,58,56,2,0,2
S00108848,34,33,1,0,1
S00108849,26,26,0,0,0
S00108850,68,67,1,0,1
S00108851,65,64,1,0,1
S00108852,47,46,1,0,1
S00108853,44,44,0,0,0
S00108854,63,62,1,0,1
S00108855,59,57,2,0,2
S00108856,32,31,1,0,1
S00108857,52,51,1,0,1
S00108858,34,34,0,0,0
S00108859,28,28,0,0,0
S00108860,45,45,0,0,0
S00108861,45,44,1,0,1
S00108862,64,64,0,0,0
S00108863,29,29,0,0,0
S00108864,62,62,0,0,0
S00108865,86,86,0,0,0
S00108866,66,62,4,0,4
S00108867,25,25,0,0,0
S00108868,50,50,0,0,0
S00108869,31,31,0,0,0
S00108870,32,31,1,0,1
S00108871,39,39,0,0,0
S00108872,46,45,1,0,1
S00108873,32,32,0,0,0
S00108874,75,74,1,0,1
S00108875,56,53,3,0,3
S00108876,43,43,0,0,0
S00108877,38,37,1,0,1
S00108878,43,42,1,0,1
S00108879,76,75,1,0,1
S00108880,43,42,1,0,1
S00108881,57,56,1,0,1
S00108882,85,82,3,0,3
S00108883,58,54,4,0,4
S00108884,36,35,1,0,1
S00108885,49,49,0,0,0
S00108886,60,60,0,0,0
S00108887,39,39,0,0,0
S00108888,65,65,0,0,0
S00108889,28,28,0,0,0
S00108890,65,65,0,0,0
S00108891,37,37,0,0,0
S00108892,70,64,6,0,6
S00108893,50,50,0,0,0
S00108894,62,59,3,0,3
S00108895,52,51,1,0,1
S00108896,40,38,2,1,1
S00108897,70,68,2,1,1
S00108898,39,39,0,0,0
S00108899,20,20,0,0,0
S00108900,45,44,1,0,1
S00108901,64,64,0,0,0
S00108902,52,52,0,0,0
S00108903,36,33,3,1,2
S00108904,53,52,1,0,1
S00108905,43,43,0,0,0
S00108906,67,66,1,0,1
S00108907,47,46,1,0,1
S00108908,49,46,3,0,3
S00108909,34,34,0,0,0
S00108910,45,45,0,0,0
S00108911,32,30,2,0,2
S00108912,58,57,1,0,1
S00108913,34,33,1,1,0
S00108914,77,72,5,4,1
S00108915,26,25,1,1,0
S00108916,43,43,0,0,0
S00108917,50,48,2,0,2
S00108918,72,71,1,0,1
S00108919,46,46,0,0,0
S00108920,70,70,0,0,0
S00108921,33,31,2,0,2
S00108922,55,52,3,0,3
S00108923,32,32,0,0,0
S00108924,101,100,1,0,1
S00108925,56,54,2,0,2
S00108926,41,41,0,0,0
S00108927,41,41,0,0,0
S00108928,45,45,0,0,0
S00108929,37,36,1,0,1
S00108930,63,62,1,0,1
S00108931,28,28,0,0,0
S00108932,63,62,1,0,1
S00108933,69,68,1,0,1
S00108934,57,54,3,0,3
S00108935,67,64,3,0,3
S00108936,55,52,3,0,3
S00108937,72,71,1,0,1
S00108938,54,53,1,0,1
S00108939,39,38,1,0,1
S00108940,51,51,0,0,0
S00108941,59,57,2,2,0
S00108942,46,44,2,0,2
S00108943,62,61,1,0,1
S00108944,55,53,2,0,2
S00108945,32,32,0,0,0
S00108946,50,49,1,1,0
S00108947,61,54,7,0,7
S00108948,39,39,0,0,0
S00108949,54,54,0,0,0
S00108950,55,55,0,0,0
S00108951,54,54,0,0,0
S00108952,77,73,4,0,4
S00108953,40,40,0,0,0
S00108954,36,36,0,0,0
S00108955,57,57,0,0,0
S00108956,45,44,1,0,1
S00108957,72,71,1,1,0
S00108958,60,59,1,1,0
S00108959,68,67,1,0,1
S00108960,55,55,0,0,0
S00108961,58,58,0,0,0
S00108962,73,72,1,0,1
S00108963,51,49,2,0,2
S00108964,28,28,0,0,0
S00108965,51,51,0,0,0
S00108966,67,67,0,0,0
S00108967,25,24,1,0,1
S00108968,32,32,0,0,0
S00108969,71,69,2,0,2
S00108970,35,33,2,1,1
S00108971,47,45,2,0,2
S00108972,40,39,1,0,1
S00108973,40,40,0,0,0
S00108974,61,61,0,0,0
S00108975,32,31,1,0,1
S00108976,62,59,3,1,2
S00108977,37,34,3,0,3
S00108978,77,75,2,0,2
S00108979,60,58,2,0,2
S00108980,49,47,2,0,2
S00108981,30,30,0,0,0
S00108982,84,67,17,2,15
S00108983,95,95,0,0,0
S00108984,57,56,1,0,1
S00108985,55,53,2,0,2
S00108986,46,44,2,0,2
S00108987,62,61,1,0,1
S00108988,52,49,3,0,3
S00108989,53,47,6,4,2
S00108990,45,43,2,1,1
S00108991,40,36,4,1,3
S00108992,20,20,0,0,0
S00108993,39,36,3,0,3
S00108994,47,43,4,0,4
S00108995,71,59,12,5,7
S00108996,48,43,5,2,3
S00108997,43,42,1,1,0
S00108998,39,37,2,0,2
S00108999,69,67,2,0,2
S00109000,55,53,2,1,1
S00109001,39,38,1,0,1
S00109002,64,61,3,2,1
S00109003,34,34,0,0,0
S00109004,61,61,0,0,0
S00109005,76,76,0,0,0
S00109006,23,23,0,0,0
S00109007,64,64,0,0,0
S00109008,46,37,9,6,3
S00109009,77,76,1,0,1
S00109010,32,30,2,0,2
S00109011,75,63,12,8,4
S00109012,74,69,5,0,5
S00109013,32,28,4,2,2
S00109014,25,25,0,0,0
S00109015,39,38,1,1,0
S00109016,69,63,6,0,6
S00109017,60,60,0,0,0
S00109018,39,39,0,0,0
S00109019,79,77,2,1,1
S00109020,67,65,2,0,2
S00109021,45,44,1,0,1
S00109022,52,52,0,0,0
S00109023,26,26,0,0,0
S00109024,37,37,0,0,0
S00109025,46,44,2,0,2
S00109026,34,34,0,0,0
S00109027,44,43,1,0,1
S00109028,70,67,3,0,3
S00109029,60,59,1,0,1
S00109030,54,54,0,0,0
S00109031,34,31,3,3,0
S00109032,57,54,3,1,2
S00109033,35,31,4,4,0
S00109034,60,53,7,4,3
S00109035,68,63,5,2,3
S00109036,70,69,1,1,0
S00109037,59,56,3,3,0
S00109038,72,67,5,4,1
S00109039,48,44,4,1,3
S00109040,52,49,3,0,3
S00109041,69,64,5,1,4
S00109042,51,50,1,0,1
S00109043,65,62,3,1,2
S00109044,46,42,4,0,4
S00109045,45,43,2,0,2
S00109046,57,57,0,0,0
S00109047,30,29,1,1,0
S00109048,30,27,3,0,3
S00109049,36,36,0,0,0
S00109050,26,25,1,0,1
S00109051,59,55,4,1,3
S00109052,43,41,2,1,1
S00109053,39,38,1,0,1
S00109054,57,55,2,0,2
S00109055,35,32,3,2,1
S00109056,37,36,1,0,1
S00109057,45,37,8,6,2
S00109058,71,66,5,3,2
S00109059,57,56,1,0,1
S00109060,95,77,18,12,6
S00109061,52,43,9,4,5
S00109062,54,52,2,0,2
S00109063,72,64,8,4,4
S00109064,43,42,1,1,0
S00109065,41,39,2,0,2
S00109066,56,48,8,5,3
S00109067,67,63,4,3,1
S00109068,23,22,1,0,1
S00109069,62,59,3,0,3
S00109070,53,47,6,4,2
S00109071,48,43,5,5,0
S00109072,55,48,7,4,3
S00109073,42,39,3,1,2
S00109074,49,41,8,6,2
S00109075,45,36,9,8,1
S00109076,46,40,6,5,1
S00109077,49,39,10,10,0
S00109078,47,41,6,6,0
S00109079,63,54,9,8,1
S00109080,62,56,6,0,6
S00109081,60,58,2,0,2
S00109082,49,47,2,1,1
S00109083,56,52,4,1,3
S00109084,58,54,4,1,3
S00109085,65,60,5,1,4
S00109086,43,43,0,0,0
S00109087,35,28,7,3,4
S00109088,32,32,0,0,0
S00109089,42,38,4,1,3
S00109090,67,67,0,0,0
S00109091,79,73,6,0,6
S00109092,41,40,1,0,1
S00109093,52,47,5,4,1
S00109094,49,48,1,0,1
S00109095,59,53,6,1,5
S00109096,38,35,3,3,0
S00109097,61,53,8,6,2
S00109098,50,48,2,1,1
S00109099,53,49,4,2,2
S00109100,43,40,3,2,1
S00109101,31,27,4,2,2
S00109102,68,67,1,0,1
S00109103,42,42,0,0,0
S00109104,67,65,2,0,2
S00109105,32,29,3,2,1
S00109106,75,70,5,0,5
S00109107,32,32,0,0,0
S00109108,48,47,1,0,1
S00109109,31,29,2,0,2
S00109110,54,51,3,0,3
S00109111,39,36,3,0,3
S00109112,41,40,1,0,1
S00109113,44,30,14,6,8
S00109114,67,61,6,5,1
S00109115,55,48,7,5,2
S00109116,76,71,5,1,4
S00109117,47,46,1,0,1
S00109118,69,66,3,1,2
S00109119,83,82,1,0,1
S00109120,64,62,2,1,1
S00109121,23,23,0,0,0
S00109122,58,52,6,1,5
S00109123,40,40,0,0,0
S00109124,68,62,6,4,2
S00109125,74,62,12,8,4
S00109126,66,62,4,3,1
S00109127,60,51,9,9,0
S00109128,68,60,8,5,3
S00109129,68,55,13,12,1
S00109130,38,33,5,3,2
S00109131,51,50,1,0,1
S00109132,44,42,2,2,0
S00109133,80,65,15,12,3
S00109134,39,37,2,0,2
S00109135,73,73,0,0,0
S00109136,35,35,0,0,0
S00109137,33,33,0,0,0
S00109138,79,70,9,5,4
S00109139,77,68,9,4,5
S00109140,41,41,0,0,0
S00109141,44,42,2,1,1
S00109142,61,60,1,0,1
S00109143,53,53,0,0,0
S00109144,66,65,1,0,1
S00109145,66,66,0,0,0
S00109146,63,62,1,0,1
S00109147,73,71,2,0,2
S00109148,57,57,0,0,0
S00109149,56,55,1,0,1
S00109150,47,47,0,0,0
S00109151,41,41,0,0,0
S00109152,38,37,1,0,1
S00109153,72,71,1,0,1
S00109154,72,71,1,0,1
S00109155,57,57,0,0,0
S00109156,65,65,0,0,0
S00109157,67,66,1,0,1
S00109158,50,50,0,0,0
S00109159,76,73,3,0,3
S00109160,60,60,0,0,0
S00109161,39,39,0,0,0
S00109162,42,41,1,0,1
S00109163,35,34,1,0,1
S00109164,35,35,0,0,0
S00109165,64,63,1,1,0
S00109166,63,63,0,0,0
S00109167,56,56,0,0,0
S00109168,44,44,0,0,0
S00109169,45,45,0,0,0
S00109170,68,68,0,0,0
S00109171,59,59,0,0,0
S00109172,49,49,0,0,0
S00109173,44,44,0,0,0
S00109174,35,34,1,0,1
S00109175,76,75,1,1,0
S00109176,48,45,3,1,2
S00109177,68,68,0,0,0
S00109178,54,52,2,0,2
S00109179,74,74,0,0,0
S00109180,73,72,1,0,1
S00109181,53,51,2,0,2
S00109182,38,33,5,0,5
S00109183,43,41,2,0,2
S00109184,42,40,2,0,2
S00109185,47,47,0,0,0
S00109186,64,58,6,2,4
S00109187,70,40,30,9,21
S00109188,32,32,0,0,0
S00109189,50,49,1,0,1
S00109190,61,56,5,1,4
S00109191,68,63,5,0,5
S00109192,27,27,0,0,0
S00109193,38,36,2,0,2
S00109194,72,70,2,0,2
S00109195,77,77,0,0,0
S00109196,60,60,0,0,0
S00109197,65,65,0,0,0
S00109198,44,44,0,0,0
S00109199,34,34,0,0,0
S00109200,57,54,3,2,1
S00109201,81,80,1,0,1
S00109202,72,70,2,0,2
S00109203,65,65,0,0,0
S00109204,68,67,1,0,1
S00109205,66,66,0,0,0
S00109206,54,53,1,0,1
S00109207,43,43,0,0,0
S00109208,42,42,0,0,0
S00109209,78,76,2,0,2
S00109210,51,48,3,0,3
S00109211,30,30,0,0,0
S00109212,34,34,0,0,0
S00109213,46,44,2,0,2
S00109214,75,72,3,0,3
S00109215,80,79,1,0,1
S00109216,43,40,3,1,2
S00109217,44,43,1,0,1
S00109218,46,45,1,1,0
S00109219,53,50,3,0,3
S00109220,54,53,1,0,1
S00109221,63,61,2,0,2
S00109222,54,54,0,0,0
S00109223,66,66,0,0,0
S00109224,49,48,1,0,1
S00109225,56,56,0,0,0
S00109226,72,71,1,0,1
S00109227,57,56,1,0,1
S00109228,49,49,0,0,0
S00109229,57,56,1,0,1
S00109230,66,62,4,0,4
S00109231,45,43,2,0,2
S00109232,45,44,1,0,1
S00109233,64,59,5,0,5
S00109234,46,46,0,0,0
S00109235,38,38,0,0,0
S00109236,55,53,2,0,2
S00109237,49,49,0,0,0
S00109238,48,47,1,0,1
S00109239,45,45,0,0,0
S00109240,47,47,0,0,0
S00109241,42,41,1,0,1
S00109242,60,56,4,3,1
S00109243,76,74,2,0,2
S00109244,72,68,4,2,2
S00109245,35,35,0,0,0
S00109246,46,44,2,1,1
S00109247,63,62,1,0,1
S00109248,47,46,1,1,0
S00109249,65,64,1,0,1
S00109250,41,40,1,0,1
S00109251,42,42,0,0,0
S00109252,49,46,3,2,1
S00109253,40,39,1,0,1
S00109254,58,58,0,0,0
S00109255,36,36,0,0,0
S00109256,39,37,2,1,1
S00109257,75,72,3,3,0
S00109258,62,60,2,1,1
S00109259,45,44,1,0,1
S00109260,60,57,3,1,2
S00109261,71,70,1,0,1
S00109262,50,49,1,0,1
S00109263,38,38,0,0,0
S00109264,60,60,0,0,0
S00109265,66,64,2,1,1
S00109266,40,40,0,0,0
S00109267,48,47,1,0,1
S00109268,39,39,0,0,0
S00109269,48,47,1,0,1
S00109270,47,46,1,0,1
S00109271,34,32,2,0,2
S00109272,44,41,3,0,3
S00109273,44,44,0,0,0
S00109274,37,35,2,0,2
S00109275,64,64,0,0,0
S00109276,62,57,5,2,3
S00109277,52,52,0,0,0
S00109278,45,45,0,0,0
S00109279,47,46,1,0,1
S00109280,59,59,0,0,0
S00109281,76,72,4,1,3
S00109282,53,53,0,0,0
S00109283,66,63,3,0,3
S00109284,67,67,0,0,0
S00109285,32,31,1,1,0
S00109286,41,41,0,0,0
S00109287,62,59,3,1,2
S00109288,59,58,1,0,1
S00109289,48,48,0,0,0
S00109290,64,61,3,1,2
S00109291,61,58,3,1,2
S00109292,46,44,2,0,2
S00109293,40,40,0,0,0
S00109294,42,41,1,0,1
S00109295,45,43,2,1,1
S00109296,60,59,1,0,1
S00109297,23,23,0,0,0
S00109298,57,57,0,0,0
S00109299,42,41,1,0,1
S00109300,49,47,2,2,0
S00109301,50,49,1,0,1
S00109302,41,41,0,0,0
S00109303,51,51,0,0,0
S00109304,53,52,1,0,1
S00109305,42,37,5,5,0
S00109306,48,33,15,1,14
S00109307,76,76,0,0,0
S00109308,55,55,0,0,0
S00109309,28,28,0,0,0
S00109310,40,37,3,0,3
S00109311,62,61,1,0,1
S00109312,56,54,2,0,2
S00109313,38,38,0,0,0
S00109314,33,33,0,0,0
S00109315,37,37,0,0,0
S00109316,31,30,1,1,0
S00109317,73,65,8,3,5
S00109318,69,69,0,0,0
S00109319,66,64,2,1,1
S00109320,35,35,0,0,0
S00109321,50,47,3,0,3
S00109322,69,62,7,3,4
S00109323,46,46,0,0,0
S00109324,53,52,1,0,1
S00109325,53,51,2,2,0
S00109326,51,47,4,1,3
S00109327,53,50,3,2,1
S00109328,61,60,1,1,0
S00109329,62,57,5,4,1
S00109330,58,58,0,0,0
S00109331,29,26,3,2,1
S00109332,51,51,0,0,0
S00109333,65,53,12,12,0
S00109334,81,76,5,3,2
S00109335,47,45,2,0,2
S00109336,56,53,3,3,0
S00109337,64,61,3,2,1
S00109338,79,76,3,3,0
S00109339,56,54,2,2,0
S00109340,42,41,1,0,1
S00109341,62,59,3,1,2
S00109342,56,54,2,0,2
S00109343,40,39,1,0,1
S00109344,41,40,1,0,1
S00109345,38,37,1,0,1
S00109346,53,52,1,1,0
S00109347,48,47,1,0,1
S00109348,51,51,0,0,0
S00109349,73,72,1,0,1
S00109350,38,36,2,0,2
S00109351,47,46,1,0,1
S00109352,40,39,1,0,1
S00109353,59,56,3,1,2
S00109354,52,51,1,1,0
S00109355,50,49,1,0,1
S00109356,53,49,4,4,0
S00109357,33,33,0,0,0
S00109358,51,50,1,1,0
S00109359,53,53,0,0,0
S00109360,60,55,5,3,2
S00109361,39,37,2,1,1
S00109362,80,76,4,2,2
S00109363,67,65,2,0,2
S00109364,70,67,3,3,0
S00109365,63,60,3,1,2
S00109366,72,71,1,0,1
S00109367,51,50,1,0,1
S00109368,73,71,2,0,2
S00109369,58,56,2,0,2
S00109370,58,53,5,4,1
S00109371,56,56,0,0,0
S00109372,41,41,0,0,0
S00109373,62,57,5,1,4
S00109374,51,51,0,0,0
S00109375,52,50,2,0,2
S00109376,41,40,1,0,1
S00109377,42,42,0,0,0
S00109378,74,74,0,0,0
S00109379,71,67,4,0,4
S00109380,56,53,3,1,2
S00109381,53,51,2,0,2
S00109382,69,67,2,0,2
S00109383,46,45,1,1,0
S00109384,75,72,3,0,3
S00109385,69,64,5,0,5
S00109386,47,47,0,0,0
S00109387,37,35,2,0,2
S00109388,60,56,4,0,4
S00109389,46,45,1,1,0
S00109390,64,64,0,0,0
S00109391,56,53,3,0,3
S00109392,46,46,0,0,0
S00109393,48,47,1,0,1
S00109394,44,43,1,0,1
S00109395,27,26,1,0,1
S00109396,43,39,4,2,2
S00109397,59,59,0,0,0
S00109398,43,42,1,0,1
S00109399,42,42,0,0,0
S00109400,56,55,1,0,1
S00109401,52,50,2,0,2
S00109402,43,41,2,0,2
S00109403,52,48,4,0,4
S00109404,47,47,0,0,0
S00109405,46,44,2,0,2
S00109406,68,68,0,0,0
S00109407,46,45,1,1,0
S00109408,59,59,0,0,0
S00109409,44,41,3,0,3
S00109410,55,54,1,0,1
S00109411,51,43,8,3,5
S00109412,53,50,3,1,2
S00109413,48,47,1,0,1
S00109414,44,42,2,0,2
S00109415,43,42,1,0,1
S00109416,60,58,2,0,2
S00109417,44,44,0,0,0
S00109418,44,42,2,1,1
S00109419,54,54,0,0,0
S00109420,61,60,1,0,1
S00109421,43,42,1,0,1
S00109422,78,77,1,0,1
S00109423,37,37,0,0,0
S00109424,34,34,0,0,0
S00109425,61,61,0,0,0
S00109426,77,75,2,0,2
S00109427,65,64,1,0,1
S00109428,68,67,1,0,1
S00109429,59,59,0,0,0
S00109430,51,51,0,0,0
S00109431,66,61,5,0,5
S00109432,41,39,2,0,2
S00109433,57,56,1,0,1
S00109434,42,41,1,0,1
S00109435,49,48,1,0,1
S00109436,44,42,2,2,0
S00109437,61,60,1,0,1
S00109438,27,26,1,0,1
S00109439,51,49,2,0,2
S00109440,66,65,1,0,1
S00109441,31,31,0,0,0
S00109442,82,77,5,1,4
S00109443,28,28,0,0,0
S00109444,35,32,3,0,3
S00109445,28,26,2,0,2
S00109446,70,68,2,0,2
S00109447,22,22,0,0,0
S00109448,47,40,7,1,6
S00109449,52,49,3,0,3
S00109450,49,48,1,0,1
S00109451,41,39,2,2,0
S00109452,54,50,4,0,4
S00109453,60,59,1,0,1
S00109454,81,78,3,2,1
S00109455,68,58,10,8,2
S00109456,47,44,3,3,0
S00109457,54,50,4,3,1
S00109458,54,53,1,1,0
S00109459,50,47,3,2,1
S00109460,40,40,0,0,0
S00109461,54,54,0,0,0
S00109462,40,38,2,0,2
S00109463,55,51,4,1,3
S00109464,71,71,0,0,0
S00109465,44,43,1,1,0
S00109466,64,62,2,0,2
S00109467,40,33,7,5,2
S00109468,52,52,0,0,0
S00109469,47,47,0,0,0
S00109470,49,49,0,0,0
S00109471,54,54,0,0,0
S00109472,45,44,1,1,0
S00109473,61,60,1,0,1
S00109474,68,68,0,0,0
S00109475,67,67,0,0,0
S00109476,48,45,3,0,3
S00109477,61,61,0,0,0
S00109478,47,47,0,0,0
S00109479,49,49,0,0,0
S00109480,70,70,0,0,0
S00109481,26,25,1,0,1
S00109482,74,71,3,0,3
S00109483,34,34,0,0,0
S00109484,42,42,0,0,0
S00109485,68,68,0,0,0
S00109486,69,69,0,0,0
S00109487,46,46,0,0,0
S00109488,72,71,1,0,1
S00109489,49,48,1,0,1
S00109490,69,69,0,0,0
S00109491,43,40,3,0,3
S00109492,44,44,0,0,0
S00109493,44,44,0,0,0
S00109494,73,72,1,0,1
S00109495,39,38,1,0,1
S00109496,80,75,5,0,5
S00109497,79,74,5,2,3
S00109498,58,56,2,0,2
S00109499,56,55,1,0,1
S00109500,75,70,5,1,4
S00109501,44,40,4,1,3
S00109502,41,39,2,1,1
S00109503,47,45,2,2,0
S00109504,51,44,7,2,5
S00109505,65,59,6,1,5
S00109506,49,47,2,0,2
S00109507,65,57,8,4,4
S00109508,71,71,0,0,0
S00109509,42,42,0,0,0
S00109510,64,61,3,0,3
S00109511,68,67,1,0,1
S00109512,55,55,0,0,0
S00109513,43,43,0,0,0
S00109514,77,76,1,0,1
S00109515,69,69,0,0,0
S00109516,70,69,1,0,1
S00109517,67,66,1,0,1
S00109518,51,51,0,0,0
S00109519,50,50,0,0,0
S00109520,69,64,5,0,5
S00109521,65,63,2,1,1
S00109522,61,61,0,0,0
S00109523,59,58,1,0,1
S00109524,67,65,2,0,2
S00109525,39,39,0,0,0
S00109526,43,43,0,0,0
S00109527,51,51,0,0,0
S00109528,32,29,3,0,3
S00109529,28,27,1,0,1
S00109530,72,68,4,0,4
S00109531,53,50,3,0,3
S00109532,75,73,2,0,2
S00109533,56,54,2,0,2
S00109534,69,66,3,2,1
S00109535,56,56,0,0,0
S00109536,74,70,4,0,4
S00109537,76,75,1,0,1
S00109538,68,67,1,0,1
S00109539,74,60,14,5,9
S00109540,78,75,3,3,0
S00109541,71,65,6,6,0
S00109542,70,61,9,9,0
S00109543,60,56,4,0,4
S00109544,69,66,3,2,1
S00109545,52,48,4,0,4
S00109546,59,55,4,0,4
S00109547,44,40,4,1,3
S00109548,71,71,0,0,0
S00109549,55,53,2,1,1
S00109550,79,78,1,0,1
S00109551,30,30,0,0,0
S00109552,70,66,4,0,4
S00109553,54,54,0,0,0
S00109554,58,55,3,2,1
S00109555,57,49,8,2,6
S00109556,25,25,0,0,0
S00109557,48,47,1,0,1
S00109558,67,65,2,0,2
S00109559,49,48,1,0,1
S00109560,42,42,0,0,0
S00109561,30,30,0,0,0
S00109562,49,48,1,0,1
S00109563,56,56,0,0,0
S00109564,78,77,1,0,1
S00109565,43,43,0,0,0
S00109566,63,62,1,0,1
S00109567,65,64,1,1,0
S00109568,47,45,2,0,2
S00109569,57,57,0,0,0
S00109570,54,54,0,0,0
S00109571,48,48,0,0,0
S00109572,62,61,1,0,1
S00109573,48,43,5,1,4
S00109574,43,40,3,0,3
S00109575,32,32,0,0,0
S00109576,78,72,6,0,6
S00109577,67,59,8,6,2
S00109578,70,66,4,0,4
S00109579,53,51,2,0,2
S00109580,55,52,3,0,3
S00109581,42,40,2,0,2
S00109582,85,75,10,1,9
S00109583,61,52,9,1,8
S00109584,85,76,9,0,9
S00109585,70,64,6,0,6
S00109586,49,46,3,0,3
S00109587,53,53,0,0,0
S00109588,78,77,1,0,1
S00109589,75,74,1,1,0
S00109590,59,57,2,0,2
S00109591,70,67,3,3,0
S00109592,28,28,0,0,0
S00109593,46,46,0,0,0
S00109594,65,63,2,2,0
S00109595,49,46,3,0,3
S00109596,50,49,1,0,1
S00109597,52,50,2,0,2
S00109598,59,58,1,1,0
S00109599,68,65,3,1,2
S00109600,32,32,0,0,0
S00109601,52,51,1,0,1
S00109602,63,52,11,8,3
S00109603,64,57,7,2,5
S00109604,40,33,7,3,4
S00109605,41,40,1,0,1
S00109606,46,45,1,0,1
S00109607,56,54,2,0,2
S00109608,40,40,0,0,0
S00109609,44,40,4,1,3
S00109610,49,45,4,4,0
S00109611,58,58,0,0,0
S00109612,64,61,3,3,0
S00109613,66,60,6,1,5
S00109614,55,55,0,0,0
S00109615,51,51,0,0,0
S00109616,21,20,1,0,1
S00109617,72,71,1,1,0
S00109618,53,51,2,0,2
S00109619,51,51,0,0,0
S00109620,53,53,0,0,0
S00109621,43,43,0,0,0
S00109622,48,48,0,0,0
S00109623,31,31,0,0,0
S00109624,45,45,0,0,0
S00109625,68,65,3,1,2
S00109626,72,72,0,0,0
S00109627,50,49,1,0,1
S00109628,45,43,2,1,1
S00109629,51,51,0,0,0
S00109630,60,60,0,0,0
S00109631,43,42,1,1,0
S00109632,41,41,0,0,0
S00109633,74,73,1,0,1
S00109634,52,51,1,1,0
S00109635,51,50,1,0,1
S00109636,28,28,0,0,0
S00109637,80,77,3,1,2
S00109638,60,57,3,0,3
S00109639,60,55,5,4,1
S00109640,51,44,7,4,3
S00109641,54,47,7,4,3
S00109642,79,73,6,4,2
S00109643,80,64,16,7,9
S00109644,65,57,8,4,4
S00109645,87,76,11,7,4
S00109646,66,55,11,3,8
S00109647,65,61,4,0,4
S00109648,72,66,6,0,6
S00109649,61,60,1,1,0
S00109650,62,60,2,1,1
S00109651,42,40,2,0,2
S00109652,73,63,10,8,2
S00109653,71,64,7,2,5
S00109654,37,37,0,0,0
S00109655,66,65,1,0,1
S00109656,42,41,1,0,1
S00109657,66,63,3,1,2
S00109658,56,56,0,0,0
S00109659,62,62,0,0,0
S00109660,47,47,0,0,0
S00109661,76,73,3,0,3
S00109662,56,50,6,5,1
S00109663,79,72,7,6,1
S00109664,60,57,3,1,2
S00109665,67,64,3,0,3
S00109666,46,41,5,5,0
S00109667,42,42,0,0,0
S00109668,61,61,0,0,0
S00109669,47,46,1,0,1
S00109670,61,61,0,0,0
S00109671,48,46,2,1,1
S00109672,42,40,2,0,2
S00109673,40,39,1,0,1
S00109674,52,52,0,0,0
S00109675,66,64,2,1,1
S00109676,56,54,2,1,1
S00109677,60,56,4,0,4
S00109678,61,61,0,0,0
S00109679,67,66,1,1,0
S00109680,56,52,4,4,0
S00109681,60,54,6,0,6
S00109682,76,72,4,3,1
S00109683,30,30,0,0,0
S00109684,54,50,4,2,2
S00109685,44,41,3,3,0
S00109686,56,54,2,0,2
S00109687,42,39,3,0,3
S00109688,48,48,0,0,0
S00109689,70,69,1,1,0
S00109690,50,50,0,0,0
S00109691,72,71,1,0,1
S00109692,64,64,0,0,0
S00109693,34,34,0,0,0
S00109694,52,51,1,0,1
S00109695,45,45,0,0,0
S00109696,57,49,8,5,3
S00109697,49,47,2,1,1
S00109698,42,41,1,1,0
S00109699,65,65,0,0,0
S00109700,50,50,0,0,0
S00109701,61,60,1,0,1
S00109702,63,57,6,0,6
S00109703,45,45,0,0,0
S00109704,50,45,5,0,5
S00109705,44,38,6,1,5
S00109706,40,38,2,0,2
S00109707,54,54,0,0,0
S00109708,43,43,0,0,0
S00109709,71,70,1,0,1
S00109710,45,43,2,1,1
S00109711,49,49,0,0,0
S00109712,47,45,2,0,2
S00109713,46,44,2,1,1
S00109714,67,66,1,1,0
S00109715,46,44,2,1,1
S00109716,62,58,4,2,2
S00109717,51,50,1,0,1
S00109718,56,56,0,0,0
S00109719,55,50,5,4,1
S00109720,55,53,2,1,1
S00109721,34,34,0,0,0
S00109722,47,44,3,3,0
S00109723,61,61,0,0,0
S00109724,62,61,1,0,1
S00109725,46,46,0,0,0
S00109726,54,54,0,0,0
S00109727,46,46,0,0,0
S00109728,48,47,1,1,0
S00109729,47,47,0,0,0
S00109730,46,45,1,0,1
S00109731,51,45,6,0,6
S00109732,69,66,3,0,3
S00109733,40,40,0,0,0
S00109734,67,67,0,0,0
S00109735,76,74,2,2,0
S00109736,29,29,0,0,0
S00109737,79,78,1,0,1
S00109738,68,63,5,1,4
S00109739,79,74,5,5,0
S00109740,27,27,0,0,0
S00109741,52,51,1,0,1
S00109742,97,95,2,2,0
S00109743,44,44,0,0,0
S00109744,49,47,2,2,0
S00109745,46,46,0,0,0
S00109746,42,39,3,1,2
S00109747,77,72,5,2,3
S00109748,67,66,1,0,1
S00109749,31,30,1,1,0
S00109750,67,65,2,1,1
S00109751,53,49,4,2,2
S00109752,67,63,4,2,2
S00109753,78,73,5,2,3
S00109754,49,43,6,5,1
S00109755,49,46,3,0,3
S00109756,70,70,0,0,0
S00109757,66,61,5,2,3
S00109758,56,48,8,4,4
S00109759,52,48,4,3,1
S00109760,41,37,4,4,0
S00109761,43,38,5,0,5
S00109762,67,67,0,0,0
S00109763,62,59,3,0,3
S00109764,66,63,3,0,3
S00109765,56,55,1,0,1
S00109766,60,58,2,0,2
S00109767,54,50,4,0,4
S00109768,67,64,3,0,3
S00109769,39,38,1,0,1
S00109770,73,69,4,0,4
S00109771,48,45,3,2,1
S00109772,39,39,0,0,0
S00109773,55,55,0,0,0
S00109774,55,51,4,0,4
S00109775,50,46,4,1,3
S00109776,80,77,3,3,0
S00109777,67,67,0,0,0
S00109778,60,58,2,1,1
S00109779,40,39,1,1,0
S00109780,39,36,3,0,3
S00109781,54,53,1,0,1
S00109782,44,43,1,0,1
S00109783,41,38,3,1,2
S00109784,38,35,3,2,1
S00109785,71,70,1,0,1
S00109786,47,45,2,1,1
S00109787,59,47,12,3,9
S00109788,60,60,0,0,0
S00109789,64,62,2,0,2
S00109790,64,63,1,0,1
S00109791,38,38,0,0,0
S00109792,46,43,3,1,2
S00109793,68,66,2,2,0
S00109794,76,73,3,1,2
S00109795,69,68,1,0,1
S00109796,65,56,9,7,2
S00109797,51,51,0,0,0
S00109798,44,44,0,0,0
S00109799,53,53,0,0,0
S00109800,54,52,2,0,2
S00109801,52,52,0,0,0
S00109802,54,52,2,1,1
S00109803,65,63,2,0,2
S00109804,60,59,1,0,1
S00109805,67,67,0,0,0
S00109806,47,44,3,2,1
S00109807,46,44,2,1,1
S00109808,45,45,0,0,0
S00109809,78,68,10,7,3
S00109810,74,74,0,0,0
S00109811,51,50,1,0,1
S00109812,71,70,1,1,0
S00109813,68,68,0,0,0
S00109814,48,47,1,0,1
S00109815,46,46,0,0,0
S00109816,54,53,1,1,0
S00109817,60,57,3,2,1
S00109818,62,61,1,1,0
S00109819,43,37,6,4,2
S00109820,49,43,6,5,1
S00109821,54,52,2,0,2
S00109822,51,49,2,0,2
S00109823,76,76,0,0,0
S00109824,65,64,1,0,1
S00109825,50,50,0,0,0
S00109826,44,42,2,2,0
S00109827,47,44,3,0,3
S00109828,45,45,0,0,0
S00109829,41,41,0,0,0
S00109830,68,67,1,1,0
S00109831,44,42,2,0,2
S00109832,58,57,1,1,0
S00109833,56,56,0,0,0
S00109834,77,74,3,1,2
S00109835,60,59,1,1,0
S00109836,71,69,2,1,1
S00109837,68,66,2,1,1
S00109838,43,41,2,0,2
S00109839,43,40,3,2,1
S00109840,49,49,0,0,0
S00109841,48,46,2,0,2
S00109842,47,41,6,6,0
S00109843,42,42,0,0,0
S00109844,46,45,1,0,1
S00109845,51,47,4,0,4
S00109846,44,39,5,4,1
S00109847,39,39,0,0,0
S00109848,61,59,2,0,2
S00109849,49,47,2,0,2
S00109850,46,44,2,0,2
S00109851,60,57,3,0,3
S00109852,40,36,4,0,4
S00109853,72,72,0,0,0
S00109854,69,66,3,0,3
S00109855,76,73,3,0,3
S00109856,58,57,1,0,1
S00109857,77,76,1,0,1
S00109858,71,69,2,1,1
S00109859,76,75,1,0,1
S00109860,36,36,0,0,0
S00109861,26,25,1,0,1
S00109862,58,56,2,0,2
S00109863,46,43,3,0,3
S00109864,45,45,0,0,0
S00109865,66,65,1,0,1
S00109866,72,70,2,1,1
S00109867,39,37,2,1,1
S00109868,48,47,1,1,0
S00109869,70,59,11,1,10
S00109870,73,73,0,0,0
S00109871,40,40,0,0,0
S00109872,41,39,2,0,2
S00109873,48,48,0,0,0
S00109874,37,37,0,0,0
S00109875,52,52,0,0,0
S00109876,45,45,0,0,0
S00109877,45,45,0,0,0
S00109878,63,63,0,0,0
S00109879,77,76,1,1,0
S00109880,30,30,0,0,0
S00109881,54,54,0,0,0
S00109882,70,68,2,0,2
S00109883,39,39,0,0,0
S00109884,58,56,2,0,2
S00109885,50,50,0,0,0
S00109886,55,51,4,2,2
S00109887,40,39,1,1,0
S00109888,54,54,0,0,0
S00109889,77,77,0,0,0
S00109890,50,46,4,1,3
S00109891,65,60,5,1,4
S00109892,63,59,4,3,1
S00109893,54,52,2,0,2
S00109894,44,43,1,0,1
S00109895,51,46,5,0,5
S00109896,52,52,0,0,0
S00109897,55,54,1,0,1
S00109898,50,48,2,0,2
S00109899,45,45,0,0,0
S00109900,42,41,1,0,1
S00109901,63,62,1,1,0
S00109902,57,56,1,0,1
S00109903,52,52,0,0,0
S00109904,40,39,1,0,1
S00109905,53,51,2,0,2
S00109906,43,43,0,0,0
S00109907,56,55,1,0,1
S00109908,53,53,0,0,0
S00109909,60,58,2,0,2
S00109910,58,55,3,1,2
S00109911,40,35,5,4,1
S00109912,82,77,5,0,5
S00109913,53,47,6,6,0
S00109914,39,36,3,3,0
S00109915,85,73,12,7,5
S00109916,48,48,0,0,0
S00109917,65,59,6,4,2
S00109918,47,41,6,5,1
S00109919,64,62,2,0,2
S00109920,48,46,2,0,2
S00109921,45,44,1,0,1
S00109922,36,35,1,0,1
S00109923,56,53,3,0,3
S00109924,57,51,6,0,6
S00109925,74,71,3,0,3
S00109926,50,49,1,0,1
S00109927,32,30,2,0,2
S00109928,31,28,3,1,2
S00109929,47,46,1,0,1
S00109930,47,43,4,2,2
S00109931,49,43,6,4,2
S00109932,76,76,0,0,0
S00109933,46,45,1,0,1
S00109934,45,42,3,1,2
S00109935,70,66,4,0,4
S00109936,66,66,0,0,0
S00109937,46,44,2,0,2
S00109938,50,49,1,0,1
S00109939,74,65,9,1,8
S00109940,52,51,1,0,1
S00109941,47,45,2,0,2
S00109942,34,34,0,0,0
S00109943,66,61,5,1,4
S00109944,36,36,0,0,0
S00109945,49,48,1,0,1
S00109946,43,43,0,0,0
S00109947,46,46,0,0,0
S00109948,33,33,0,0,0
S00109949,56,53,3,3,0
S00109950,67,58,9,8,1
S00109951,56,56,0,0,0
S00109952,40,37,3,3,0
S00109953,47,44,3,2,1
S00109954,39,35,4,4,0
S00109955,42,38,4,4,0
S00109956,60,58,2,0,2
S00109957,46,45,1,0,1
S00109958,31,30,1,0,1
S00109959,71,68,3,0,3
S00109960,53,51,2,0,2
S00109961,32,31,1,0,1
S00109962,53,49,4,0,4
S00109963,66,64,2,0,2
S00109964,51,48,3,0,3
S00109965,67,59,8,5,3
S00109966,42,42,0,0,0
S00109967,42,39,3,3,0
S00109968,78,77,1,0,1
S00109969,38,38,0,0,0
S00109970,50,50,0,0,0
S00109971,59,59,0,0,0
S00109972,66,64,2,0,2
S00109973,58,58,0,0,0
S00109974,64,64,0,0,0
S00109975,38,36,2,2,0
S00109976,62,58,4,0,4
S00109977,49,47,2,0,2
S00109978,77,75,2,0,2
S00109979,58,56,2,2,0
S00109980,49,49,0,0,0
S00109981,40,38,2,0,2
S00109982,31,29,2,0,2
S00109983,44,44,0,0,0
S00109984,73,69,4,4,0
S00109985,85,77,8,0,8
S00109986,47,40,7,4,3
S00109987,65,53,12,6,6
S00109988,53,43,10,6,4
S00109989,65,64,1,0,1
S00109990,64,60,4,0,4
S00109991,47,47,0,0,0
S00109992,44,43,1,0,1
S00109993,33,33,0,0,0
S00109994,35,35,0,0,0
S00109995,49,49,0,0,0
S00109996,57,54,3,1,2
S00109997,42,34,8,0,8
S00109998,79,73,6,1,5
S00109999,35,35,0,0,0
S00110000,71,69,2,0,2
S00110001,48,48,0,0,0
S00110002,46,40,6,6,0
S00110003,71,61,10,1,9
S00110004,43,42,1,0,1
S00110005,38,36,2,0,2
S00110006,59,57,2,0,2
S00110007,57,54,3,3,0
S00110008,44,42,2,0,2
S00110009,42,38,4,4,0
S00110010,82,73,9,8,1
S00110011,79,74,5,5,0
S00110012,48,35,13,11,2
S00110013,45,38,7,7,0
S00110014,53,49,4,4,0
S00110015,77,72,5,2,3
S00110016,81,73,8,5,3
S00110017,62,62,0,0,0
S00110018,50,49,1,0,1
S00110019,42,41,1,1,0
S00110020,61,55,6,2,4
S00110021,33,33,0,0,0
S00110022,43,43,0,0,0
S00110023,50,50,0,0,0
S00110024,52,51,1,0,1
S00110025,47,45,2,2,0
S00110026,71,51,20,17,3
S00110027,56,47,9,7,2
S00110028,30,27,3,1,2
S00110029,60,59,1,1,0
S00110030,48,44,4,1,3
S00110031,41,39,2,1,1
S00110032,59,55,4,2,2
S00110033,68,62,6,2,4
S00110034,32,32,0,0,0
S00110035,30,24,6,2,4
S00110036,48,46,2,2,0
S00110037,52,50,2,2,0
S00110038,42,39,3,3,0
S00110039,54,52,2,0,2
S00110040,49,48,1,0,1
S00110041,46,44,2,0,2
S00110042,61,57,4,1,3
S00110043,60,56,4,0,4
S00110044,53,53,0,0,0
S00110045,41,41,0,0,0
S00110046,57,54,3,0,3
S00110047,46,45,1,0,1
S00110048,45,42,3,0,3
S00110049,54,52,2,0,2
S00110050,62,61,1,0,1
S00110051,76,74,2,1,1
S00110052,77,69,8,0,8
S00110053,47,47,0,0,0
S00110054,40,38,2,0,2
S00110055,59,55,4,0,4
S00110056,44,42,2,0,2
S00110057,67,65,2,0,2
S00110058,55,55,0,0,0
S00110059,77,76,1,0,1
S00110060,76,75,1,0,1
S00110061,77,77,0,0,0
S00110062,64,61,3,0,3
S00110063,54,52,2,0,2
S00110064,53,53,0,0,0
S00110065,45,44,1,0,1
S00110066,46,44,2,0,2
S00110067,53,51,2,0,2
S00110068,55,54,1,0,1
S00110069,87,81,6,0,6
S00110070,57,56,1,0,1
S00110071,80,77,3,0,3
S00110072,59,55,4,0,4
S00110073,76,73,3,0,3
S00110074,61,61,0,0,0
S00110075,77,73,4,1,3
S00110076,60,53,7,0,7
S00110077,61,55,6,3,3
S00110078,47,42,5,2,3
S00110079,38,37,1,0,1
S00110080,43,38,5,3,2
S00110081,40,31,9,8,1
S00110082,57,56,1,0,1
S00110083,54,51,3,3,0
S00110084,27,24,3,1,2
S00110085,48,44,4,3,1
S00110086,58,50,8,4,4
S00110087,35,32,3,1,2
S00110088,46,45,1,0,1
S00110089,46,46,0,0,0
S00110090,46,46,0,0,0
S00110091,57,54,3,0,3
S00110092,45,45,0,0,0
S00110093,38,38,0,0,0
S00110094,40,40,0,0,0
S00110095,54,51,3,0,3
S00110096,43,41,2,0,2
S00110097,39,39,0,0,0
S00110098,46,42,4,1,3
S00110099,48,48,0,0,0
S00110100,40,35,5,3,2
S00110101,48,47,1,1,0
S00110102,42,40,2,1,1
S00110103,64,60,4,0,4
S00110104,77,74,3,0,3
S00110105,23,23,0,0,0
S00110106,63,62,1,1,0
S00110107,74,72,2,0,2
S00110108,37,36,1,0,1
S00110109,78,70,8,6,2
S00110110,71,69,2,1,1
S00110111,62,59,3,0,3
S00110112,79,77,2,1,1
S00110113,79,77,2,0,2
S00110114,60,60,0,0,0
S00110115,63,63,0,0,0
S00110116,59,59,0,0,0
S00110117,63,63,0,0,0
S00110118,68,67,1,0,1
S00110119,61,58,3,0,3
S00110120,44,43,1,0,1
S00110121,65,65,0,0,0
S00110122,42,41,1,0,1
S00110123,54,54,0,0,0
S00110124,66,64,2,0,2
S00110125,40,40,0,0,0
S00110126,62,60,2,2,0
S00110127,44,41,3,2,1
S00110128,42,41,1,1,0
S00110129,78,75,3,0,3
S00110130,76,72,4,1,3
S00110131,42,42,0,0,0
S00110132,44,43,1,0,1
S00110133,74,71,3,3,0
S00110134,51,49,2,0,2
S00110135,48,44,4,0,4
S00110136,46,45,1,1,0
S00110137,44,44,0,0,0
S00110138,55,55,0,0,0
S00110139,44,44,0,0,0
S00110140,50,48,2,0,2
S00110141,67,65,2,0,2
S00110142,51,49,2,0,2
S00110143,29,29,0,0,0
S00110144,56,52,4,0,4
S00110145,82,73,9,8,1
S00110146,54,53,1,0,1
S00110147,64,63,1,0,1
S00110148,52,52,0,0,0
S00110149,78,76,2,0,2
S00110150,67,66,1,1,0
S00110151,54,53,1,0,1
S00110152,47,47,0,0,0
S00110153,46,43,3,0,3
S00110154,62,58,4,0,4
S00110155,53,48,5,0,5
S00110156,46,46,0,0,0
S00110157,38,38,0,0,0
S00110158,55,51,4,0,4
S00110159,75,74,1,0,1
S00110160,55,54,1,0,1
S00110161,50,49,1,0,1
S00110162,44,43,1,1,0
S00110163,47,47,0,0,0
S00110164,56,55,1,0,1
S00110165,52,52,0,0,0
S00110166,47,46,1,0,1
S00110167,70,70,0,0,0
S00110168,66,66,0,0,0
S00110169,59,57,2,0,2
S00110170,45,45,0,0,0
S00110171,42,42,0,0,0
S00110172,44,44,0,0,0
S00110173,62,61,1,0,1
S00110174,43,43,0,0,0
S00110175,55,55,0,0,0
S00110176,49,49,0,0,0
S00110177,46,45,1,0,1
S00110178,50,48,2,0,2
S00110179,44,44,0,0,0
S00110180,40,40,0,0,0
S00110181,51,51,0,0,0
S00110182,41,40,1,0,1
S00110183,43,43,0,0,0
S00110184,54,54,0,0,0
S00110185,73,73,0,0,0
S00110186,41,41,0,0,0
S00110187,43,43,0,0,0
S00110188,49,49,0,0,0
S00110189,48,47,1,0,1
S00110190,80,77,3,0,3
S00110191,41,41,0,0,0
S00110192,38,37,1,0,1
S00110193,67,64,3,0,3
S00110194,52,51,1,0,1
S00110195,46,46,0,0,0
S00110196,40,38,2,0,2
S00110197,61,59,2,0,2
S00110198,52,52,0,0,0
S00110199,36,35,1,0,1
S00110200,49,47,2,1,1
S00110201,48,48,0,0,0
S00110202,63,55,8,8,0
S00110203,50,48,2,0,2
S00110204,62,61,1,0,1
S00110205,70,68,2,0,2
S00110206,63,63,0,0,0
S00110207,59,59,0,0,0
S00110208,75,73,2,0,2
S00110209,72,72,0,0,0
S00110210,45,45,0,0,0
S00110211,54,49,5,4,1
S00110212,44,44,0,0,0
S00110213,42,41,1,0,1
S00110214,59,58,1,0,1
S00110215,39,38,1,0,1
S00110216,60,59,1,1,0
S00110217,47,47,0,0,0
S00110218,44,42,2,0,2
S00110219,42,41,1,0,1
S00110220,70,70,0,0,0
S00110221,61,59,2,2,0
S00110222,72,68,4,0,4
S00110223,61,59,2,0,2
S00110224,46,44,2,0,2
S00110225,58,55,3,3,0
S00110226,56,55,1,1,0
S00110227,48,47,1,0,1
S00110228,42,40,2,0,2
S00110229,48,47,1,0,1
S00110230,63,61,2,0,2
S00110231,49,49,0,0,0
S00110232,64,63,1,0,1
S00110233,42,42,0,0,0
S00110234,47,46,1,0,1
S00110235,47,47,0,0,0
S00110236,45,45,0,0,0
S00110237,38,37,1,0,1
S00110238,71,68,3,0,3
S00110239,57,55,2,0,2
S00110240,33,33,0,0,0
S00110241,41,41,0,0,0
S00110242,54,54,0,0,0
S00110243,52,52,0,0,0
S00110244,44,42,2,2,0
S00110245,98,95,3,1,2
S00110246,40,38,2,1,1
S00110247,70,68,2,0,2
S00110248,75,74,1,0,1
S00110249,54,53,1,0,1
S00110250,46,43,3,2,1
S00110251,81,71,10,8,2
S00110252,66,60,6,3,3
S00110253,42,39,3,3,0
S00110254,55,51,4,3,1
S00110255,69,60,9,9,0
S00110256,70,69,1,1,0
S00110257,56,51,5,4,1
S00110258,45,39,6,6,0
S00110259,40,39,1,0,1
S00110260,44,40,4,3,1
S00110261,69,63,6,6,0
S00110262,42,40,2,2,0
S00110263,69,68,1,0,1
S00110264,73,70,3,3,0
S00110265,59,55,4,0,4
S00110266,66,57,9,3,6
S00110267,71,70,1,0,1
S00110268,49,47,2,0,2
S00110269,51,39,12,11,1
S00110270,65,65,0,0,0
S00110271,50,49,1,0,1
S00110272,52,50,2,0,2
S00110273,79,73,6,6,0
S00110274,50,50,0,0,0
S00110275,30,30,0,0,0
S00110276,78,73,5,4,1
S00110277,49,46,3,2,1
S00110278,64,59,5,2,3
S00110279,52,50,2,0,2
S00110280,40,37,3,1,2
S00110281,50,48,2,1,1
S00110282,33,32,1,0,1
S00110283,52,50,2,1,1
S00110284,57,56,1,1,0
S00110285,50,45,5,1,4
S00110286,58,57,1,0,1
S00110287,51,49,2,0,2
S00110288,64,62,2,0,2
S00110289,78,77,1,0,1
S00110290,59,53,6,5,1
S00110291,62,60,2,0,2
S00110292,59,58,1,0,1
S00110293,66,64,2,1,1
S00110294,74,67,7,5,2
S00110295,68,66,2,0,2
S00110296,54,54,0,0,0
S00110297,41,41,0,0,0
S00110298,64,64,0,0,0
S00110299,68,67,1,1,0
S00110300,63,62,1,1,0
S00110301,69,67,2,0,2
S00110302,64,64,0,0,0
S00110303,50,49,1,0,1
S00110304,48,47,1,0,1
S00110305,58,55,3,0,3
S00110306,76,74,2,0,2
S00110307,42,42,0,0,0
S00110308,60,58,2,1,1
S00110309,48,47,1,0,1
S00110310,51,48,3,0,3
S00110311,46,43,3,0,3
S00110312,45,44,1,1,0
S00110313,68,67,1,0,1
S00110314,82,74,8,4,4
S00110315,40,37,3,3,0
S00110316,77,64,13,3,10
S00110317,78,74,4,1,3
S00110318,68,61,7,3,4
S00110319,52,51,1,1,0
S00110320,70,68,2,0,2
S00110321,41,41,0,0,0
S00110322,51,50,1,1,0
S00110323,59,59,0,0,0
S00110324,59,58,1,0,1
S00110325,56,53,3,0,3
S00110326,70,66,4,0,4
S00110327,63,59,4,3,1
S00110328,28,26,2,2,0
S00110329,49,38,11,0,11
S00110330,54,51,3,2,1
S00110331,75,74,1,0,1
S00110332,57,51,6,4,2
S00110333,56,56,0,0,0
S00110334,44,44,0,0,0
S00110335,42,41,1,0,1
S00110336,74,72,2,0,2
S00110337,61,61,0,0,0
S00110338,52,50,2,2,0
S00110339,46,43,3,2,1
S00110340,46,45,1,0,1
S00110341,67,61,6,6,0
S00110342,34,33,1,0,1
S00110343,36,36,0,0,0
S00110344,74,71,3,1,2
S00110345,64,64,0,0,0
S00110346,70,68,2,2,0
S00110347,56,50,6,5,1
S00110348,82,75,7,6,1
S00110349,52,52,0,0,0
S00110350,29,28,1,1,0
S00110351,58,56,2,0,2
S00110352,49,46,3,3,0
S00110353,35,31,4,0,4
S00110354,50,44,6,0,6
S00110355,51,49,2,0,2
S00110356,66,65,1,0,1
S00110357,68,61,7,1,6
S00110358,57,53,4,3,1
S00110359,61,60,1,0,1
S00110360,50,49,1,0,1
S00110361,72,72,0,0,0
S00110362,53,49,4,0,4
S00110363,61,56,5,1,4
S00110364,49,46,3,1,2
S00110365,64,61,3,2,1
S00110366,47,43,4,2,2
S00110367,47,46,1,0,1
S00110368,41,41,0,0,0
S00110369,43,43,0,0,0
S00110370,43,43,0,0,0
S00110371,56,53,3,0,3
S00110372,72,71,1,0,1
S00110373,32,31,1,0,1
S00110374,57,55,2,0,2
S00110375,45,43,2,0,2
S00110376,37,36,1,0,1
S00110377,41,38,3,0,3
S00110378,52,50,2,0,2
S00110379,60,60,0,0,0
S00110380,55,53,2,0,2
S00110381,68,67,1,0,1
S00110382,50,50,0,0,0
S00110383,39,36,3,1,2
S00110384,46,45,1,0,1
S00110385,54,51,3,0,3
S00110386,50,49,1,0,1
S00110387,44,43,1,0,1
S00110388,43,43,0,0,0
S00110389,46,41,5,0,5
S00110390,76,68,8,8,0
S00110391,39,39,0,0,0
S00110392,57,57,0,0,0
S00110393,45,45,0,0,0
S00110394,60,60,0,0,0
S00110395,68,63,5,4,1
S00110396,83,68,15,15,0
S00110397,39,35,4,3,1
S00110398,77,64,13,13,0
S00110399,78,68,10,9,1
S00110400,47,37,10,9,1
S00110401,68,53,15,13,2
S00110402,66,63,3,0,3
S00110403,31,24,7,5,2
S00110404,76,65,11,9,2
S00110405,49,43,6,3,3
S00110406,55,51,4,3,1
S00110407,44,37,7,2,5
S00110408,84,74,10,3,7
S00110409,61,57,4,2,2
S00110410,70,68,2,1,1
S00110411,41,41,0,0,0
S00110412,40,38,2,2,0
S00110413,46,43,3,2,1
S00110414,43,39,4,3,1
S00110415,56,53,3,2,1
S00110416,40,38,2,1,1
S00110417,53,51,2,2,0
S00110418,53,50,3,2,1
S00110419,42,42,0,0,0
S00110420,53,50,3,1,2
S00110421,45,40,5,5,0
S00110422,44,43,1,1,0
S00110423,41,38,3,1,2
S00110424,54,48,6,6,0
S00110425,64,60,4,4,0
S00110426,51,51,0,0,0
S00110427,45,44,1,0,1
S00110428,44,44,0,0,0
S00110429,50,47,3,3,0
S00110430,48,48,0,0,0
S00110431,66,65,1,0,1
S00110432,52,51,1,1,0
S00110433,49,47,2,1,1
S00110434,62,59,3,2,1
S00110435,40,40,0,0,0
S00110436,53,53,0,0,0
S00110437,68,63,5,0,5
S00110438,68,67,1,0,1
S00110439,42,40,2,0,2
S00110440,53,53,0,0,0
S00110441,43,43,0,0,0
S00110442,40,40,0,0,0
S00110443,58,58,0,0,0
S00110444,45,45,0,0,0
S00110445,60,58,2,2,0
S00110446,51,49,2,1,1
S00110447,41,41,0,0,0
S00110448,71,67,4,3,1
S00110449,76,73,3,2,1
S00110450,70,69,1,0,1
S00110451,64,62,2,1,1
S00110452,56,54,2,0,2
S00110453,50,49,1,0,1
S00110454,60,54,6,4,2
S00110455,67,63,4,2,2
S00110456,75,74,1,0,1
S00110457,64,62,2,1,1
S00110458,40,39,1,0,1
S00110459,53,52,1,0,1
S00110460,60,53,7,5,2
S00110461,41,40,1,1,0
S00110462,45,44,1,1,0
S00110463,52,52,0,0,0
S00110464,37,36,1,1,0
S00110465,50,46,4,4,0
S00110466,56,56,0,0,0
S00110467,71,71,0,0,0
S00110468,61,58,3,3,0
S00110469,52,46,6,6,0
S00110470,73,67,6,5,1
S00110471,59,56,3,1,2
S00110472,72,68,4,3,1
S00110473,72,62,10,6,4
S00110474,38,38,0,0,0
S00110475,53,52,1,0,1
S00110476,75,69,6,2,4
S00110477,79,77,2,0,2
S00110478,53,52,1,0,1
S00110479,43,38,5,3,2
S00110480,94,76,18,0,18
S00110481,70,65,5,1,4
S00110482,55,54,1,1,0
S00110483,64,61,3,0,3
S00110484,57,52,5,1,4
S00110485,52,47,5,0,5
S00110486,44,42,2,0,2
S00110487,55,53,2,0,2
S00110488,38,37,1,0,1
S00110489,42,40,2,1,1
S00110490,55,42,13,0,13
S00110491,50,47,3,0,3
S00110492,48,42,6,0,6
S00110493,77,68,9,0,9
S00110494,77,67,10,0,10
S00110495,60,58,2,0,2
S00110496,38,36,2,0,2
S00110497,48,40,8,0,8
S00110498,72,67,5,0,5
S00110499,46,45,1,0,1
S00110500,60,55,5,0,5
S00110501,34,32,2,0,2
S00110502,43,43,0,0,0
S00110503,57,53,4,1,3
S00110504,74,66,8,3,5
S00110505,65,56,9,2,7
S00110506,50,39,11,5,6
S00110507,72,69,3,3,0
S00110508,52,49,3,3,0
S00110509,62,57,5,4,1
S00110510,66,60,6,4,2
S00110511,62,62,0,0,0
S00110512,49,45,4,0,4
S00110513,75,72,3,0,3
S00110514,66,63,3,0,3
S00110515,50,48,2,0,2
S00110516,61,58,3,0,3
S00110517,42,38,4,0,4
S00110518,66,65,1,0,1
S00110519,39,35,4,4,0
S00110520,78,77,1,1,0
S00110521,64,63,1,1,0
S00110522,44,44,0,0,0
S00110523,60,59,1,0,1
S00110524,42,39,3,3,0
S00110525,47,43,4,0,4
S00110526,48,42,6,6,0
S00110527,54,53,1,0,1
S00110528,36,36,0,0,0
S00110529,57,55,2,1,1
S00110530,44,43,1,0,1
S00110531,51,43,8,0,8
S00110532,49,48,1,0,1
S00110533,41,38,3,0,3
S00110534,69,63,6,3,3
S00110535,44,43,1,0,1
S00110536,59,53,6,3,3
S00110537,88,79,9,6,3
S00110538,63,57,6,0,6
S00110539,62,58,4,2,2
S00110540,55,51,4,1,3
S00110541,52,41,11,5,6
S00110542,48,45,3,1,2
S00110543,64,59,5,4,1
S00110544,46,35,11,11,0
S00110545,42,41,1,1,0
S00110546,43,40,3,0,3
S00110547,43,42,1,0,1
S00110548,51,46,5,4,1
S00110549,40,38,2,2,0
S00110550,79,69,10,8,2
S00110551,51,45,6,3,3
S00110552,37,33,4,2,2
S00110553,51,49,2,1,1
S00110554,84,77,7,3,4
S00110555,38,38,0,0,0
S00110556,59,59,0,0,0
S00110557,42,42,0,0,0
S00110558,41,41,0,0,0
S00110559,54,53,1,1,0
S00110560,53,53,0,0,0
S00110561,76,74,2,0,2
S00110562,47,46,1,0,1
S00110563,44,44,0,0,0
S00110564,43,42,1,0,1
S00110565,44,44,0,0,0
S00110566,53,52,1,0,1
S00110567,71,71,0,0,0
S00110568,70,68,2,0,2
S00110569,47,45,2,0,2
S00110570,49,46,3,0,3
S00110571,43,42,1,0,1
S00110572,72,71,1,0,1
S00110573,58,58,0,0,0
S00110574,53,52,1,0,1
S00110575,66,61,5,0,5
S00110576,57,55,2,1,1
S00110577,52,50,2,0,2
S00110578,64,61,3,0,3
S00110579,58,56,2,1,1
S00110580,60,58,2,0,2
S00110581,73,67,6,0,6
S00110582,69,67,2,0,2
S00110583,54,53,1,0,1
S00110584,35,34,1,0,1
S00110585,75,67,8,3,5
S00110586,57,53,4,0,4
S00110587,55,55,0,0,0
S00110588,46,46,0,0,0
S00110589,59,59,0,0,0
S00110590,58,56,2,0,2
S00110591,55,53,2,0,2
S00110592,47,46,1,0,1
S00110593,56,53,3,0,3
S00110594,50,48,2,0,2
S00110595,72,65,7,1,6
S00110596,66,65,1,0,1
S00110597,53,52,1,0,1
S00110598,54,53,1,0,1
S00110599,43,41,2,0,2
S00110600,48,47,1,0,1
S00110601,54,51,3,1,2
S00110602,54,54,0,0,0
S00110603,67,67,0,0,0
S00110604,57,57,0,0,0
S00110605,40,37,3,0,3
S00110606,71,69,2,2,0
S00110607,60,55,5,5,0
S00110608,56,56,0,0,0
S00110609,45,44,1,1,0
S00110610,68,68,0,0,0
S00110611,61,61,0,0,0
S00110612,64,60,4,4,0
S00110613,53,47,6,6,0
S00110614,40,35,5,5,0
S00110615,64,48,16,5,11
S00110616,54,45,9,8,1
S00110617,44,44,0,0,0
S00110618,42,41,1,0,1
S00110619,63,59,4,2,2
S00110620,40,40,0,0,0
S00110621,51,51,0,0,0
S00110622,46,45,1,0,1
S00110623,41,34,7,4,3
S00110624,72,70,2,0,2
S00110625,37,37,0,0,0
S00110626,34,32,2,0,2
S00110627,44,44,0,0,0
S00110628,66,66,0,0,0
S00110629,29,28,1,0,1
S00110630,44,40,4,0,4
S00110631,50,46,4,4,0
S00110632,51,47,4,2,2
S00110633,51,50,1,0,1
S00110634,50,50,0,0,0
S00110635,47,45,2,0,2
S00110636,41,40,1,0,1
S00110637,55,55,0,0,0
S00110638,41,40,1,0,1
S00110639,38,38,0,0,0
S00110640,46,46,0,0,0
S00110641,51,51,0,0,0
S00110642,48,47,1,0,1
S00110643,27,27,0,0,0
S00110644,61,60,1,0,1
S00110645,46,46,0,0,0
S00110646,70,69,1,0,1
S00110647,53,52,1,0,1
S00110648,40,39,1,0,1
S00110649,48,48,0,0,0
S00110650,48,47,1,0,1
S00110651,58,57,1,0,1
S00110652,40,40,0,0,0
S00110653,40,39,1,0,1
S00110654,69,67,2,0,2
S00110655,58,57,1,0,1
S00110656,52,49,3,0,3
S00110657,55,53,2,0,2
S00110658,47,47,0,0,0
S00110659,55,51,4,0,4
S00110660,58,57,1,0,1
S00110661,55,49,6,0,6
S00110662,56,54,2,0,2
S00110663,56,55,1,0,1
S00110664,44,44,0,0,0
S00110665,53,53,0,0,0
S00110666,46,45,1,0,1
S00110667,59,57,2,0,2
S00110668,39,39,0,0,0
S00110669,60,60,0,0,0
S00110670,70,70,0,0,0
S00110671,44,44,0,0,0
S00110672,44,44,0,0,0
S00110673,46,46,0,0,0
S00110674,53,53,0,0,0
S00110675,66,66,0,0,0
S00110676,59,59,0,0,0
S00110677,46,46,0,0,0
S00110678,29,29,0,0,0
S00110679,57,57,0,0,0
S00110680,54,54,0,0,0
S00110681,60,59,1,0,1
S00110682,48,48,0,0,0
S00110683,60,60,0,0,0
S00110684,62,62,0,0,0
S00110685,44,44,0,0,0
S00110686,71,71,0,0,0
S00110687,69,67,2,0,2
S00110688,36,36,0,0,0
S00110689,64,64,0,0,0
S00110690,44,44,0,0,0
S00110691,71,71,0,0,0
S00110692,69,69,0,0,0
S00110693,50,50,0,0,0
S00110694,41,41,0,0,0
S00110695,50,50,0,0,0
S00110696,62,62,0,0,0
S00110697,73,71,2,0,2
S00110698,48,48,0,0,0
S00110699,66,66,0,0,0
S00110700,46,46,0,0,0
S00110701,44,43,1,0,1
S00110702,31,31,0,0,0
S00110703,57,57,0,0,0
S00110704,45,44,1,0,1
S00110705,51,51,0,0,0
S00110706,46,45,1,0,1
S00110707,56,56,0,0,0
S00110708,63,58,5,5,0
S00110709,53,53,0,0,0
S00110710,44,44,0,0,0
S00110711,43,41,2,2,0
S00110712,56,56,0,0,0
S00110713,56,56,0,0,0
S00110714,25,25,0,0,0
S00110715,54,52,2,2,0
S00110716,59,58,1,1,0
S00110717,40,38,2,2,0
S00110718,74,72,2,2,0
S00110719,44,43,1,1,0
S00110720,42,40,2,2,0
S00110721,49,49,0,0,0
S00110722,40,37,3,3,0
S00110723,59,57,2,2,0
S00110724,59,59,0,0,0
S00110725,56,50,6,4,2
S00110726,53,52,1,0,1
S00110727,56,56,0,0,0
S00110728,52,51,1,0,1
S00110729,34,33,1,0,1
S00110730,55,54,1,0,1
S00110731,52,50,2,0,2
S00110732,51,50,1,0,1
S00110733,23,23,0,0,0
S00110734,57,57,0,0,0
S00110735,65,63,2,0,2
S00110736,76,73,3,0,3
S00110737,65,63,2,0,2
S00110738,77,75,2,0,2
S00110739,58,58,0,0,0
S00110740,56,56,0,0,0
S00110741,44,42,2,0,2
S00110742,47,46,1,0,1
S00110743,44,43,1,0,1
S00110744,48,48,0,0,0
S00110745,42,42,0,0,0
S00110746,42,40,2,0,2
S00110747,57,54,3,1,2
S00110748,50,48,2,0,2
S00110749,44,44,0,0,0
S00110750,45,42,3,0,3
S00110751,81,78,3,1,2
S00110752,38,38,0,0,0
S00110753,46,45,1,0,1
S00110754,40,39,1,0,1
S00110755,48,48,0,0,0
S00110756,48,47,1,0,1
S00110757,53,49,4,0,4
S00110758,46,46,0,0,0
S00110759,52,52,0,0,0
S00110760,56,56,0,0,0
S00110761,49,49,0,0,0
S00110762,66,66,0,0,0
S00110763,66,66,0,0,0
S00110764,64,64,0,0,0
S00110765,52,52,0,0,0
S00110766,68,68,0,0,0
S00110767,54,54,0,0,0
S00110768,73,71,2,0,2
S00110769,61,58,3,0,3
S00110770,52,50,2,0,2
S00110771,41,40,1,0,1
S00110772,35,35,0,0,0
S00110773,41,40,1,0,1
S00110774,56,56,0,0,0
S00110775,48,48,0,0,0
S00110776,42,41,1,0,1
S00110777,50,50,0,0,0
S00110778,72,71,1,0,1
S00110779,48,47,1,0,1
S00110780,42,42,0,0,0
S00110781,63,60,3,0,3
S00110782,40,40,0,0,0
S00110783,43,43,0,0,0
S00110784,44,41,3,0,3
S00110785,49,47,2,0,2
S00110786,40,39,1,0,1
S00110787,45,45,0,0,0
S00110788,55,55,0,0,0
S00110789,55,55,0,0,0
S00110790,52,51,1,0,1
S00110791,64,64,0,0,0
S00110792,44,44,0,0,0
S00110793,57,53,4,0,4
S00110794,72,69,3,0,3
S00110795,54,51,3,0,3
S00110796,37,35,2,0,2
S00110797,44,44,0,0,0
S00110798,62,59,3,0,3
S00110799,48,48,0,0,0
S00110800,55,51,4,3,1
S00110801,53,49,4,3,1
S00110802,48,48,0,0,0
S00110803,43,42,1,0,1
S00110804,73,70,3,0,3
S00110805,64,62,2,0,2
S00110806,75,75,0,0,0
S00110807,70,66,4,2,2
S00110808,46,46,0,0,0
S00110809,54,52,2,1,1
S00110810,60,60,0,0,0
S00110811,47,44,3,0,3
S00110812,52,51,1,0,1
S00110813,46,46,0,0,0
S00110814,47,44,3,0,3
S00110815,45,44,1,0,1
S00110816,47,46,1,0,1
S00110817,41,40,1,0,1
S00110818,37,36,1,0,1
S00110819,37,37,0,0,0
S00110820,50,49,1,0,1
S00110821,46,46,0,0,0
S00110822,54,54,0,0,0
S00110823,58,57,1,0,1
S00110824,48,48,0,0,0
S00110825,62,61,1,1,0
S00110826,57,56,1,0,1
S00110827,39,39,0,0,0
S00110828,58,56,2,0,2
S00110829,56,56,0,0,0
S00110830,54,54,0,0,0
S00110831,79,77,2,0,2
S00110832,43,42,1,0,1
S00110833,44,43,1,0,1
S00110834,52,52,0,0,0
S00110835,53,53,0,0,0
S00110836,53,53,0,0,0
S00110837,45,44,1,0,1
S00110838,46,45,1,0,1
S00110839,85,82,3,0,3
S00110840,67,65,2,0,2
S00110841,82,73,9,0,9
S00110842,49,46,3,0,3
S00110843,50,50,0,0,0
S00110844,65,60,5,0,5
S00110845,61,55,6,0,6
S00110846,52,50,2,0,2
S00110847,48,46,2,0,2
S00110848,50,49,1,0,1
S00110849,53,52,1,0,1
S00110850,63,62,1,0,1
S00110851,42,41,1,1,0
S00110852,49,48,1,0,1
S00110853,45,44,1,0,1
S00110854,53,51,2,0,2
S00110855,45,45,0,0,0
S00110856,59,58,1,0,1
S00110857,42,40,2,0,2
S00110858,39,39,0,0,0
S00110859,64,61,3,1,2
S00110860,57,57,0,0,0
S00110861,75,68,7,2,5
S00110862,50,50,0,0,0
S00110863,58,27,31,31,0
S00110864,69,22,47,47,0
S00110865,121,49,72,70,2
S00110866,70,33,37,37,0
S00110867,95,48,47,46,1
S00110868,56,42,14,13,1
S00110869,50,50,0,0,0
S00110870,50,49,1,0,1
S00110871,66,66,0,0,0
S00110872,58,56,2,2,0
S00110873,74,72,2,0,2
S00110874,55,54,1,0,1
S00110875,46,46,0,0,0
S00110876,57,55,2,0,2
S00110877,56,54,2,0,2
S00110878,58,58,0,0,0
S00110879,56,55,1,0,1
S00110880,62,57,5,5,0
S00110881,68,64,4,0,4
S00110882,25,25,0,0,0
S00110883,29,29,0,0,0
S00110884,42,40,2,0,2
S00110885,26,25,1,1,0
S00110886,53,48,5,4,1
S00110887,33,29,4,1,3
S00110888,43,41,2,0,2
S00110889,55,51,4,2,2
S00110890,24,24,0,0,0
S00110891,62,60,2,0,2
S00110892,31,30,1,0,1
S00110893,50,48,2,1,1
S00110894,56,56,0,0,0
S00110895,42,35,7,3,4
S00110896,55,53,2,0,2
S00110897,53,53,0,0,0
S00110898,37,36,1,0,1
S00110899,59,50,9,3,6
S00110900,70,67,3,0,3
S00110901,35,35,0,0,0
S00110902,67,66,1,0,1
S00110903,68,66,2,0,2
S00110904,68,67,1,0,1
S00110905,42,41,1,0,1
S00110906,67,59,8,8,0
S00110907,72,70,2,1,1
S00110908,70,56,14,13,1
S00110909,96,57,39,37,2
S00110910,47,41,6,1,5
S00110911,45,41,4,0,4
S00110912,65,48,17,14,3
S00110913,50,38,12,12,0
S00110914,52,39,13,10,3
S00110915,60,43,17,17,0
S00110916,51,49,2,0,2
S00110917,50,43,7,4,3
S00110918,28,27,1,1,0
S00110919,49,41,8,6,2
S00110920,54,51,3,2,1
S00110921,63,47,16,9,7
S00110922,44,38,6,5,1
S00110923,40,34,6,3,3
S00110924,93,63,30,29,1
S00110925,59,50,9,7,2
S00110926,109,59,50,48,2
S00110927,50,42,8,6,2
S00110928,58,33,25,23,2
S00110929,43,43,0,0,0
S00110930,42,40,2,2,0
S00110931,37,29,8,7,1
S00110932,50,43,7,6,1
S00110933,78,72,6,1,5
S00110934,40,39,1,0,1
S00110935,63,52,11,9,2
S00110936,43,33,10,9,1
S00110937,54,50,4,3,1
S00110938,49,36,13,9,4
S00110939,44,42,2,2,0
S00110940,58,47,11,8,3
S00110941,49,47,2,1,1
S00110942,53,49,4,1,3
S00110943,44,41,3,0,3
S00110944,68,43,25,19,6
S00110945,70,65,5,3,2
S00110946,39,32,7,7,0
S00110947,47,47,0,0,0
S00110948,52,45,7,5,2
S00110949,71,61,10,8,2
S00110950,31,30,1,1,0
S00110951,74,42,32,31,1
S00110952,62,60,2,2,0
S00110953,31,29,2,0,2
S00110954,45,40,5,5,0
S00110955,52,34,18,16,2
S00110956,45,44,1,1,0
S00110957,69,48,21,20,1
S00110958,41,33,8,8,0
S00110959,67,56,11,11,0
S00110960,39,24,15,13,2
S00110961,56,36,20,20,0
S00110962,52,47,5,4,1
S00110963,66,61,5,4,1
S00110964,68,61,7,5,2
S00110965,23,20,3,3,0
S00110966,73,72,1,1,0
S00110967,47,43,4,1,3
S00110968,67,64,3,1,2
S00110969,61,54,7,1,6
S00110970,36,33,3,1,2
S00110971,53,50,3,1,2
S00110972,39,39,0,0,0
S00110973,24,24,0,0,0
S00110974,77,74,3,0,3
S00110975,82,75,7,2,5
S00110976,49,46,3,0,3
S00110977,37,36,1,0,1
S00110978,82,69,13,6,7
S00110979,64,62,2,0,2
S00110980,54,54,0,0,0
S00110981,54,53,1,0,1
S00110982,69,68,1,1,0
S00110983,73,69,4,0,4
S00110984,60,58,2,0,2
S00110985,86,56,30,28,2
S00110986,51,41,10,9,1
S00110987,59,48,11,7,4
S00110988,95,75,20,19,1
S00110989,33,27,6,3,3
S00110990,55,43,12,9,3
S00110991,77,70,7,5,2
S00110992,69,47,22,21,1
S00110993,56,43,13,13,0
S00110994,78,64,14,13,1
S00110995,81,59,22,20,2
S00110996,73,49,24,23,1
S00110997,77,73,4,0,4
S00110998,39,36,3,2,1
S00110999,50,48,2,0,2
S00111000,50,49,1,0,1
S00111001,52,50,2,0,2
S00111002,50,50,0,0,0
S00111003,73,73,0,0,0
S00111004,53,52,1,0,1
S00111005,76,74,2,1,1
S00111006,39,38,1,0,1
S00111007,70,66,4,1,3
S00111008,61,58,3,0,3
S00111009,65,60,5,1,4
S00111010,82,79,3,0,3
S00111011,51,51,0,0,0
S00111012,50,50,0,0,0
S00111013,60,60,0,0,0
S00111014,48,45,3,1,2
S00111015,37,36,1,1,0
S00111016,43,43,0,0,0
S00111017,73,69,4,1,3
S00111018,40,38,2,1,1
S00111019,58,54,4,1,3
S00111020,30,29,1,0,1
S00111021,54,52,2,0,2
S00111022,56,53,3,2,1
S00111023,71,69,2,0,2
S00111024,43,40,3,0,3
S00111025,75,75,0,0,0
S00111026,74,69,5,3,2
S00111027,58,58,0,0,0
S00111028,64,57,7,4,3
S00111029,61,59,2,0,2
S00111030,23,23,0,0,0
S00111031,78,73,5,2,3
S00111032,62,62,0,0,0
S00111033,55,54,1,0,1
S00111034,41,38,3,0,3
S00111035,51,51,0,0,0
S00111036,45,45,0,0,0
S00111037,78,75,3,0,3
S00111038,74,72,2,0,2
S00111039,40,38,2,0,2
S00111040,44,43,1,0,1
S00111041,66,62,4,0,4
S00111042,52,47,5,0,5
S00111043,69,67,2,1,1
S00111044,39,37,2,0,2
S00111045,50,43,7,0,7
S00111046,65,61,4,2,2
S00111047,67,66,1,0,1
S00111048,38,38,0,0,0
S00111049,66,64,2,0,2
S00111050,45,44,1,0,1
S00111051,58,55,3,0,3
S00111052,55,51,4,0,4
S00111053,75,74,1,0,1
S00111054,57,56,1,0,1
S00111055,42,42,0,0,0
S00111056,46,46,0,0,0
S00111057,36,36,0,0,0
S00111058,68,68,0,0,0
S00111059,69,68,1,0,1
S00111060,61,59,2,0,2
S00111061,35,35,0,0,0
S00111062,62,62,0,0,0
S00111063,35,35,0,0,0
S00111064,43,43,0,0,0
S00111065,53,53,0,0,0
S00111066,40,40,0,0,0
S00111067,44,44,0,0,0
S00111068,45,45,0,0,0
S00111069,57,55,2,0,2
S00111070,54,54,0,0,0
S00111071,56,56,0,0,0
S00111072,52,51,1,0,1
S00111073,44,41,3,0,3
S00111074,74,72,2,0,2
S00111075,49,47,2,0,2
S00111076,41,41,0,0,0
S00111077,67,66,1,0,1
S00111078,67,64,3,1,2
S00111079,51,49,2,0,2
S00111080,40,37,3,0,3
S00111081,47,46,1,1,0
S00111082,49,45,4,0,4
S00111083,77,76,1,0,1
S00111084,65,65,0,0,0
S00111085,43,43,0,0,0
S00111086,60,60,0,0,0
S00111087,77,76,1,0,1
S00111088,71,65,6,3,3
S00111089,47,45,2,0,2
S00111090,49,47,2,0,2
S00111091,46,45,1,0,1
S00111092,65,64,1,0,1
S00111093,47,46,1,0,1
S00111094,79,75,4,2,2
S00111095,43,41,2,1,1
S00111096,46,44,2,2,0
S00111097,50,49,1,1,0
S00111098,43,43,0,0,0
S00111099,38,38,0,0,0
S00111100,54,54,0,0,0
S00111101,52,50,2,1,1
S00111102,51,50,1,1,0
S00111103,43,42,1,1,0
S00111104,55,51,4,4,0
S00111105,60,60,0,0,0
S00111106,61,50,11,8,3
S00111107,58,58,0,0,0
S00111108,53,53,0,0,0
S00111109,41,38,3,2,1
S00111110,76,73,3,1,2
S00111111,76,75,1,1,0
S00111112,65,65,0,0,0
S00111113,51,50,1,0,1
S00111114,53,52,1,0,1
S00111115,41,37,4,1,3
S00111116,50,48,2,1,1
S00111117,44,42,2,0,2
S00111118,34,34,0,0,0
S00111119,24,24,0,0,0
S00111120,51,51,0,0,0
S00111121,49,48,1,0,1
S00111122,55,53,2,0,2
S00111123,42,41,1,0,1
S00111124,48,47,1,0,1
S00111125,62,61,1,0,1
S00111126,67,67,0,0,0
S00111127,53,48,5,0,5
S00111128,53,52,1,0,1
S00111129,47,46,1,0,1
S00111130,60,59,1,0,1
S00111131,60,60,0,0,0
S00111132,60,58,2,0,2
S00111133,47,41,6,6,0
S00111134,61,60,1,0,1
S00111135,54,53,1,1,0
S00111136,56,55,1,0,1
S00111137,65,65,0,0,0
S00111138,64,64,0,0,0
S00111139,57,57,0,0,0
S00111140,31,30,1,1,0
S00111141,47,45,2,2,0
S00111142,63,62,1,0,1
S00111143,49,49,0,0,0
S00111144,78,69,9,6,3
S00111145,21,21,0,0,0
S00111146,27,27,0,0,0
S00111147,33,27,6,0,6
S00111148,55,52,3,2,1
S00111149,74,68,6,4,2
S00111150,71,56,15,10,5
S00111151,70,66,4,4,0
S00111152,62,61,1,0,1
S00111153,54,50,4,2,2
S00111154,94,72,22,16,6
S00111155,49,42,7,6,1
S00111156,52,42,10,7,3
S00111157,49,41,8,7,1
S00111158,80,74,6,6,0
S00111159,72,63,9,4,5
S00111160,68,65,3,2,1
S00111161,67,63,4,4,0
S00111162,53,49,4,1,3
S00111163,61,55,6,6,0
S00111164,41,41,0,0,0
S00111165,81,72,9,8,1
S00111166,46,43,3,2,1
S00111167,55,51,4,3,1
S00111168,42,34,8,6,2
S00111169,49,45,4,4,0
S00111170,78,73,5,4,1
S00111171,33,28,5,0,5
S00111172,85,55,30,30,0
S00111173,60,56,4,4,0
S00111174,45,42,3,2,1
S00111175,43,41,2,1,1
S00111176,53,51,2,1,1
S00111177,76,74,2,1,1
S00111178,57,56,1,1,0
S00111179,47,46,1,0,1
S00111180,55,53,2,2,0
S00111181,68,64,4,1,3
S00111182,63,60,3,1,2
S00111183,57,57,0,0,0
S00111184,54,51,3,0,3
S00111185,44,37,7,5,2
S00111186,53,45,8,2,6
S00111187,69,59,10,7,3
S00111188,68,66,2,1,1
S00111189,52,49,3,2,1
S00111190,43,42,1,0,1
S00111191,72,71,1,0,1
S00111192,38,35,3,2,1
S00111193,59,50,9,7,2
S00111194,40,38,2,2,0
S00111195,44,41,3,0,3
S00111196,42,38,4,4,0
S00111197,49,46,3,0,3
S00111198,53,51,2,0,2
S00111199,37,37,0,0,0
S00111200,46,46,0,0,0
S00111201,63,62,1,0,1
S00111202,69,67,2,0,2
S00111203,72,66,6,2,4
S00111204,47,42,5,1,4
S00111205,47,42,5,0,5
S00111206,34,32,2,0,2
S00111207,60,53,7,0,7
S00111208,39,33,6,0,6
S00111209,54,50,4,2,2
S00111210,70,65,5,3,2
S00111211,134,38,96,2,94
S00111212,73,72,1,1,0
S00111213,47,46,1,1,0
S00111214,44,44,0,0,0
S00111215,57,57,0,0,0
S00111216,43,42,1,0,1
S00111217,53,52,1,0,1
S00111218,65,64,1,0,1
S00111219,66,65,1,0,1
S00111220,56,53,3,2,1
S00111221,26,26,0,0,0
S00111222,50,50,0,0,0
S00111223,45,42,3,2,1
S00111224,62,62,0,0,0
S00111225,50,50,0,0,0
S00111226,50,50,0,0,0
S00111227,47,47,0,0,0
S00111228,69,68,1,1,0
S00111229,67,65,2,0,2
S00111230,45,45,0,0,0
S00111231,47,46,1,0,1
S00111232,59,53,6,0,6
S00111233,40,40,0,0,0
S00111234,77,75,2,0,2
S00111235,47,43,4,1,3
S00111236,75,73,2,2,0
S00111237,45,45,0,0,0
S00111238,64,62,2,0,2
S00111239,53,50,3,2,1
S00111240,40,39,1,0,1
S00111241,58,57,1,0,1
S00111242,52,49,3,0,3
S00111243,22,22,0,0,0
S00111244,50,50,0,0,0
S00111245,43,42,1,1,0
S00111246,54,52,2,2,0
S00111247,39,35,4,4,0
S00111248,40,40,0,0,0
S00111249,42,40,2,1,1
S00111250,45,42,3,1,2
S00111251,52,49,3,2,1
S00111252,69,67,2,1,1
S00111253,52,49,3,0,3
S00111254,39,39,0,0,0
S00111255,66,64,2,1,1
S00111256,70,65,5,2,3
S00111257,52,49,3,0,3
S00111258,55,54,1,0,1
S00111259,52,47,5,0,5
S00111260,42,40,2,0,2
S00111261,50,46,4,0,4
S00111262,49,49,0,0,0
S00111263,47,47,0,0,0
S00111264,41,39,2,0,2
S00111265,76,75,1,0,1
S00111266,64,63,1,0,1
S00111267,38,38,0,0,0
S00111268,33,30,3,1,2
S00111269,38,35,3,1,2
S00111270,45,40,5,4,1
S00111271,68,55,13,6,7
S00111272,48,45,3,3,0
S00111273,37,37,0,0,0
S00111274,30,30,0,0,0
S00111275,42,38,4,3,1
S00111276,55,51,4,3,1
S00111277,50,50,0,0,0
S00111278,53,52,1,0,1
S00111279,42,42,0,0,0
S00111280,39,38,1,1,0
S00111281,31,30,1,1,0
S00111282,30,28,2,0,2
S00111283,86,67,19,7,12
S00111284,61,56,5,0,5
S00111285,38,36,2,2,0
S00111286,47,47,0,0,0
S00111287,54,48,6,4,2
S00111288,45,42,3,3,0
S00111289,50,49,1,0,1
S00111290,51,47,4,0,4
S00111291,59,56,3,0,3
S00111292,37,35,2,1,1
S00111293,49,49,0,0,0
S00111294,48,48,0,0,0
S00111295,46,44,2,1,1
S00111296,42,40,2,0,2
S00111297,37,36,1,1,0
S00111298,52,50,2,0,2
S00111299,46,44,2,1,1
S00111300,42,41,1,1,0
S00111301,54,52,2,0,2
S00111302,41,41,0,0,0
S00111303,30,30,0,0,0
S00111304,43,41,2,0,2
S00111305,27,27,0,0,0
S00111306,24,24,0,0,0
S00111307,51,47,4,2,2
S00111308,40,39,1,0,1
S00111309,71,71,0,0,0
S00111310,51,49,2,0,2
S00111311,48,47,1,1,0
S00111312,49,42,7,5,2
S00111313,50,44,6,0,6
S00111314,71,63,8,1,7
S00111315,36,36,0,0,0
S00111316,51,50,1,0,1
S00111317,44,38,6,0,6
S00111318,52,50,2,0,2
S00111319,61,61,0,0,0
S00111320,76,76,0,0,0
S00111321,69,67,2,2,0
S00111322,75,75,0,0,0
S00111323,37,37,0,0,0
S00111324,46,46,0,0,0
S00111325,48,47,1,0,1
S00111326,61,61,0,0,0
S00111327,68,68,0,0,0
S00111328,54,54,0,0,0
S00111329,32,32,0,0,0
S00111330,73,69,4,1,3
S00111331,42,42,0,0,0
S00111332,41,39,2,0,2
S00111333,55,55,0,0,0
S00111334,73,59,14,12,2
S00111335,76,70,6,3,3
S00111336,56,55,1,1,0
S00111337,50,47,3,1,2
S00111338,34,32,2,0,2
S00111339,66,61,5,1,4
S00111340,40,37,3,0,3
S00111341,50,48,2,0,2
S00111342,25,24,1,0,1
S00111343,56,54,2,0,2
S00111344,45,39,6,1,5
S00111345,27,26,1,0,1
S00111346,72,68,4,0,4
S00111347,50,48,2,0,2
S00111348,21,21,0,0,0
S00111349,59,58,1,0,1
S00111350,74,72,2,0,2
S00111351,35,33,2,0,2
S00111352,51,50,1,0,1
S00111353,25,22,3,0,3
S00111354,36,36,0,0,0
S00111355,58,57,1,0,1
S00111356,56,54,2,1,1
S00111357,27,27,0,0,0
S00111358,57,57,0,0,0
S00111359,45,43,2,1,1
S00111360,36,34,2,0,2
S00111361,61,61,0,0,0
S00111362,33,32,1,0,1
S00111363,49,49,0,0,0
S00111364,40,40,0,0,0
S00111365,23,22,1,0,1
S00111366,46,42,4,2,2
S00111367,37,35,2,0,2
S00111368,27,26,1,0,1
S00111369,49,49,0,0,0
S00111370,49,49,0,0,0
S00111371,51,48,3,0,3
S00111372,36,35,1,0,1
S00111373,52,47,5,0,5
S00111374,37,35,2,0,2
S00111375,53,50,3,0,3
S00111376,22,22,0,0,0
S00111377,52,51,1,0,1
S00111378,45,44,1,0,1
S00111379,44,39,5,3,2
S00111380,40,36,4,2,2
S00111381,71,61,10,0,10
S00111382,48,44,4,4,0
S00111383,46,46,0,0,0
S00111384,40,36,4,1,3
S00111385,53,50,3,2,1
S00111386,49,45,4,0,4
S00111387,56,53,3,0,3
S00111388,47,46,1,0,1
S00111389,51,49,2,0,2
S00111390,74,70,4,0,4
S00111391,29,29,0,0,0
S00111392,84,82,2,0,2
S00111393,53,50,3,2,1
S00111394,48,46,2,0,2
S00111395,58,57,1,0,1
S00111396,50,46,4,2,2
S00111397,76,66,10,5,5
S00111398,36,35,1,1,0
S00111399,40,37,3,3,0
S00111400,52,50,2,1,1
S00111401,49,48,1,1,0
S00111402,29,29,0,0,0
S00111403,47,46,1,1,0
S00111404,30,29,1,0,1
S00111405,60,60,0,0,0
S00111406,49,49,0,0,0
S00111407,74,74,0,0,0
S00111408,35,35,0,0,0
S00111409,28,28,0,0,0
S00111410,36,33,3,0,3
S00111411,30,30,0,0,0
S00111412,62,62,0,0,0
S00111413,27,27,0,0,0
S00111414,43,43,0,0,0
S00111415,66,66,0,0,0
S00111416,32,32,0,0,0
S00111417,24,24,0,0,0
S00111418,35,35,0,0,0
S00111419,24,24,0,0,0
S00111420,53,52,1,0,1
S00111421,40,40,0,0,0
S00111422,36,35,1,0,1
S00111423,32,32,0,0,0
S00111424,49,47,2,0,2
S00111425,53,52,1,0,1
S00111426,51,51,0,0,0
S00111427,52,51,1,0,1
S00111428,44,44,0,0,0
S00111429,52,52,0,0,0
S00111430,78,74,4,2,2
S00111431,42,40,2,2,0
S00111432,63,30,33,33,0
S00111433,224,59,165,163,2
S00111434,66,36,30,30,0
S00111435,45,43,2,1,1
S00111436,52,52,0,0,0
S00111437,76,75,1,0,1
S00111438,53,51,2,0,2
S00111439,32,31,1,0,1
S00111440,29,28,1,0,1
S00111441,43,36,7,3,4
S00111442,45,38,7,4,3
S00111443,56,50,6,1,5
S00111444,59,55,4,3,1
S00111445,57,41,16,15,1
S00111446,59,37,22,21,1
S00111447,33,33,0,0,0
S00111448,61,58,3,2,1
S00111449,65,61,4,3,1
S00111450,52,32,20,15,5
S00111451,40,39,1,0,1
S00111452,56,54,2,2,0
S00111453,47,44,3,0,3
S00111454,92,55,37,34,3
S00111455,69,67,2,2,0
S00111456,94,78,16,16,0
S00111457,29,29,0,0,0
S00111458,34,34,0,0,0
S00111459,45,43,2,2,0
S00111460,43,41,2,0,2
S00111461,50,49,1,0,1
S00111462,60,59,1,0,1
S00111463,24,22,2,0,2
S00111464,52,50,2,0,2
S00111465,40,39,1,0,1
S00111466,68,66,2,0,2
S00111467,55,52,3,0,3
S00111468,47,47,0,0,0
S00111469,34,33,1,0,1
S00111470,49,48,1,0,1
S00111471,38,33,5,3,2
S00111472,66,59,7,6,1
S00111473,70,67,3,1,2
S00111474,39,39,0,0,0
S00111475,39,39,0,0,0
S00111476,31,30,1,0,1
S00111477,46,41,5,3,2
S00111478,49,48,1,1,0
S00111479,29,29,0,0,0
S00111480,62,62,0,0,0
S00111481,52,52,0,0,0
S00111482,37,35,2,0,2
S00111483,48,44,4,0,4
S00111484,38,38,0,0,0
S00111485,22,21,1,0,1
S00111486,44,42,2,0,2
S00111487,28,24,4,4,0
S00111488,29,27,2,0,2
S00111489,42,42,0,0,0
S00111490,57,54,3,1,2
S00111491,62,60,2,0,2
S00111492,68,63,5,5,0
S00111493,56,52,4,4,0
S00111494,38,34,4,2,2
S00111495,25,25,0,0,0
S00111496,39,38,1,0,1
S00111497,44,42,2,0,2
S00111498,55,53,2,1,1
S00111499,53,52,1,1,0
S00111500,53,52,1,0,1
S00111501,38,38,0,0,0
S00111502,47,47,0,0,0
S00111503,64,44,20,20,0
S00111504,67,58,9,8,1
S00111505,76,66,10,9,1
S00111506,49,47,2,0,2
S00111507,54,47,7,4,3
S00111508,82,69,13,3,10
S00111509,43,42,1,0,1
S00111510,42,41,1,0,1
S00111511,63,60,3,0,3
S00111512,34,34,0,0,0
S00111513,25,25,0,0,0
S00111514,48,46,2,0,2
S00111515,71,69,2,0,2
S00111516,68,68,0,0,0
S00111517,86,80,6,0,6
S00111518,46,42,4,0,4
S00111519,72,71,1,0,1
S00111520,43,41,2,0,2
S00111521,63,63,0,0,0
S00111522,41,39,2,0,2
S00111523,46,44,2,0,2
S00111524,69,68,1,1,0
S00111525,40,38,2,1,1
S00111526,76,68,8,0,8
S00111527,33,31,2,1,1
S00111528,59,55,4,3,1
S00111529,43,43,0,0,0
S00111530,67,61,6,2,4
S00111531,70,67,3,1,2
S00111532,25,24,1,1,0
S00111533,47,43,4,1,3
S00111534,36,36,0,0,0
S00111535,45,44,1,0,1
S00111536,32,32,0,0,0
S00111537,42,42,0,0,0
S00111538,29,29,0,0,0
S00111539,22,22,0,0,0
S00111540,33,33,0,0,0
S00111541,62,62,0,0,0
S00111542,24,24,0,0,0
S00111543,59,55,4,0,4
S00111544,39,36,3,1,2
S00111545,46,45,1,0,1
S00111546,33,31,2,0,2
S00111547,62,61,1,0,1
S00111548,40,39,1,0,1
S00111549,55,49,6,6,0
S00111550,56,53,3,0,3
S00111551,52,50,2,1,1
S00111552,42,39,3,1,2
S00111553,39,38,1,0,1
S00111554,26,25,1,1,0
S00111555,52,50,2,2,0
S00111556,50,49,1,1,0
S00111557,81,79,2,0,2
S00111558,50,47,3,2,1
S00111559,38,33,5,4,1
S00111560,35,35,0,0,0
S00111561,45,45,0,0,0
S00111562,47,47,0,0,0
S00111563,34,34,0,0,0
S00111564,50,50,0,0,0
S00111565,36,36,0,0,0
S00111566,49,49,0,0,0
S00111567,35,35,0,0,0
S00111568,27,27,0,0,0
S00111569,55,55,0,0,0
S00111570,39,34,5,0,5
S00111571,55,54,1,0,1
S00111572,48,48,0,0,0
S00111573,31,30,1,0,1
S00111574,64,62,2,0,2
S00111575,25,25,0,0,0
S00111576,48,42,6,6,0
S00111577,47,38,9,9,0
S00111578,48,48,0,0,0
S00111579,38,37,1,0,1
S00111580,58,58,0,0,0
S00111581,32,32,0,0,0
S00111582,90,87,3,2,1
S00111583,43,42,1,0,1
S00111584,39,38,1,0,1
S00111585,52,48,4,2,2
S00111586,38,37,1,0,1
S00111587,28,27,1,1,0
S00111588,60,53,7,2,5
S00111589,56,52,4,2,2
S00111590,53,53,0,0,0
S00111591,37,37,0,0,0
S00111592,48,47,1,0,1
S00111593,35,35,0,0,0
S00111594,43,43,0,0,0
S00111595,43,43,0,0,0
S00111596,41,40,1,1,0
S00111597,41,40,1,1,0
S00111598,34,32,2,0,2
S00111599,56,56,0,0,0
S00111600,40,35,5,0,5
S00111601,46,45,1,0,1
S00111602,48,46,2,0,2
S00111603,44,44,0,0,0
S00111604,33,32,1,0,1
S00111605,62,57,5,2,3
S00111606,30,29,1,0,1
S00111607,60,60,0,0,0
S00111608,39,38,1,0,1
S00111609,43,38,5,4,1
S00111610,62,59,3,3,0
S00111611,38,38,0,0,0
S00111612,58,56,2,0,2
S00111613,26,24,2,2,0
S00111614,47,47,0,0,0
S00111615,38,38,0,0,0
S00111616,78,76,2,1,1
S00111617,32,30,2,2,0
S00111618,38,35,3,3,0
S00111619,56,54,2,1,1
S00111620,28,27,1,0,1
S00111621,56,54,2,2,0
S00111622,27,23,4,4,0
S00111623,59,46,13,13,0
S00111624,28,28,0,0,0
S00111625,56,56,0,0,0
S00111626,28,27,1,0,1
S00111627,55,53,2,0,2
S00111628,89,70,19,5,14
S00111629,54,53,1,0,1
S00111630,30,30,0,0,0
S00111631,38,37,1,0,1
S00111632,51,51,0,0,0
S00111633,38,36,2,0,2
S00111634,47,47,0,0,0
S00111635,33,32,1,0,1
S00111636,54,52,2,0,2
S00111637,49,49,0,0,0
S00111638,37,37,0,0,0
S00111639,38,36,2,0,2
S00111640,43,43,0,0,0
S00111641,33,32,1,0,1
S00111642,78,74,4,0,4
S00111643,31,31,0,0,0
S00111644,73,70,3,0,3
S00111645,73,71,2,0,2
S00111646,59,58,1,0,1
S00111647,50,50,0,0,0
S00111648,58,58,0,0,0
S00111649,34,34,0,0,0
S00111650,47,46,1,0,1
S00111651,67,67,0,0,0
S00111652,82,80,2,0,2
S00111653,29,29,0,0,0
S00111654,61,60,1,0,1
S00111655,82,82,0,0,0
S00111656,47,45,2,1,1
S00111657,80,80,0,0,0
S00111658,45,44,1,0,1
S00111659,44,41,3,1,2
S00111660,48,45,3,0,3
S00111661,47,46,1,0,1
S00111662,64,64,0,0,0
S00111663,56,56,0,0,0
S00111664,75,61,14,0,14
S00111665,50,49,1,1,0
S00111666,72,72,0,0,0
S00111667,77,72,5,0,5
S00111668,87,87,0,0,0
S00111669,62,58,4,0,4
S00111670,51,47,4,1,3
S00111671,78,77,1,0,1
S00111672,76,76,0,0,0
S00111673,56,55,1,0,1
S00111674,53,53,0,0,0
S00111675,70,70,0,0,0
S00111676,77,75,2,1,1
S00111677,65,64,1,0,1
S00111678,76,76,0,0,0
S00111679,59,59,0,0,0
S00111680,44,44,0,0,0
S00111681,44,44,0,0,0
S00111682,57,55,2,0,2
S00111683,63,63,0,0,0
S00111684,68,67,1,0,1
S00111685,74,74,0,0,0
S00111686,28,28,0,0,0
S00111687,86,86,0,0,0
S00111688,55,54,1,0,1
S00111689,33,29,4,1,3
S00111690,72,72,0,0,0
S00111691,70,70,0,0,0
S00111692,52,52,0,0,0
S00111693,103,100,3,0,3
S00111694,67,66,1,0,1
S00111695,71,71,0,0,0
S00111696,27,27,0,0,0
S00111697,55,54,1,0,1
S00111698,60,58,2,0,2
S00111699,28,27,1,1,0
S00111700,44,43,1,0,1
S00111701,40,40,0,0,0
S00111702,63,62,1,1,0
S00111703,38,38,0,0,0
S00111704,71,71,0,0,0
S00111705,49,49,0,0,0
S00111706,57,49,8,4,4
S00111707,34,34,0,0,0
S00111708,21,20,1,0,1
S00111709,63,62,1,1,0
S00111710,55,54,1,0,1
S00111711,74,66,8,2,6
S00111712,74,69,5,5,0
S00111713,34,34,0,0,0
S00111714,70,70,0,0,0
S00111715,37,36,1,1,0
S00111716,80,76,4,2,2
S00111717,74,65,9,0,9
S00111718,44,40,4,1,3
S00111719,46,43,3,0,3
S00111720,45,42,3,0,3
S00111721,40,37,3,1,2
S00111722,44,41,3,0,3
S00111723,42,42,0,0,0
S00111724,57,42,15,11,4
S00111725,51,50,1,0,1
S00111726,43,42,1,1,0
S00111727,61,53,8,7,1
S00111728,51,46,5,2,3
S00111729,66,59,7,4,3
S00111730,56,53,3,0,3
S00111731,26,26,0,0,0
S00111732,52,52,0,0,0
S00111733,68,62,6,3,3
S00111734,76,69,7,5,2
S00111735,65,57,8,6,2
S00111736,91,84,7,5,2
S00111737,76,72,4,3,1
S00111738,69,67,2,0,2
S00111739,75,72,3,1,2
S00111740,34,34,0,0,0
S00111741,46,45,1,0,1
S00111742,42,41,1,0,1
S00111743,31,31,0,0,0
S00111744,72,72,0,0,0
S00111745,68,68,0,0,0
S00111746,38,36,2,2,0
S00111747,35,35,0,0,0
S00111748,52,52,0,0,0
S00111749,37,37,0,0,0
S00111750,73,71,2,0,2
S00111751,44,44,0,0,0
S00111752,36,34,2,0,2
S00111753,21,21,0,0,0
S00111754,58,56,2,0,2
S00111755,31,30,1,0,1
S00111756,67,64,3,0,3
S00111757,46,45,1,0,1
S00111758,64,62,2,0,2
S00111759,38,36,2,2,0
S00111760,62,59,3,0,3
S00111761,55,53,2,0,2
S00111762,28,24,4,0,4
S00111763,57,57,0,0,0
S00111764,36,36,0,0,0
S00111765,67,65,2,0,2
S00111766,26,24,2,1,1
S00111767,46,46,0,0,0
S00111768,52,50,2,0,2
S00111769,48,46,2,1,1
S00111770,46,46,0,0,0
S00111771,26,26,0,0,0
S00111772,68,68,0,0,0
S00111773,48,46,2,2,0
S00111774,63,63,0,0,0
S00111775,42,41,1,0,1
S00111776,46,44,2,0,2
S00111777,52,51,1,0,1
S00111778,28,28,0,0,0
S00111779,34,34,0,0,0
S00111780,50,49,1,0,1
S00111781,37,36,1,0,1
S00111782,59,59,0,0,0
S00111783,37,37,0,0,0
S00111784,46,46,0,0,0
S00111785,34,34,0,0,0
S00111786,87,84,3,0,3
S00111787,75,70,5,0,5
S00111788,33,31,2,0,2
S00111789,22,21,1,0,1
S00111790,51,50,1,0,1
S00111791,66,65,1,0,1
S00111792,51,50,1,0,1
S00111793,30,30,0,0,0
S00111794,53,53,0,0,0
S00111795,44,41,3,0,3
S00111796,97,95,2,1,1
S00111797,63,63,0,0,0
S00111798,44,42,2,0,2
S00111799,34,34,0,0,0
S00111800,33,33,0,0,0
S00111801,52,52,0,0,0
S00111802,38,38,0,0,0
S00111803,69,68,1,0,1
S00111804,42,38,4,0,4
S00111805,54,50,4,0,4
S00111806,55,45,10,9,1
S00111807,58,57,1,1,0
S00111808,51,47,4,0,4
S00111809,33,33,0,0,0
S00111810,92,89,3,0,3
S00111811,49,48,1,0,1
S00111812,79,77,2,0,2
S00111813,75,70,5,5,0
S00111814,63,61,2,1,1
S00111815,65,54,11,11,0
S00111816,27,27,0,0,0
S00111817,29,29,0,0,0
S00111818,69,67,2,0,2
S00111819,63,63,0,0,0
S00111820,61,60,1,0,1
S00111821,72,72,0,0,0
S00111822,25,25,0,0,0
S00111823,63,63,0,0,0
S00111824,60,60,0,0,0
S00111825,82,82,0,0,0
S00111826,80,78,2,0,2
S00111827,44,42,2,0,2
S00111828,61,59,2,0,2
S00111829,43,43,0,0,0
S00111830,50,44,6,4,2
S00111831,58,50,8,7,1
S00111832,61,60,1,1,0
S00111833,51,51,0,0,0
S00111834,24,24,0,0,0
S00111835,69,69,0,0,0
S00111836,71,69,2,1,1
S00111837,63,60,3,2,1
S00111838,66,64,2,0,2
S00111839,38,38,0,0,0
S00111840,38,38,0,0,0
S00111841,77,74,3,0,3
S00111842,62,58,4,3,1
S00111843,45,44,1,0,1
S00111844,59,53,6,1,5
S00111845,50,42,8,4,4
S00111846,51,47,4,1,3
S00111847,41,39,2,0,2
S00111848,72,72,0,0,0
S00111849,49,49,0,0,0
S00111850,32,31,1,0,1
S00111851,54,50,4,1,3
S00111852,53,50,3,0,3
S00111853,32,31,1,0,1
S00111854,34,31,3,0,3
S00111855,65,64,1,0,1
S00111856,39,33,6,2,4
S00111857,44,35,9,5,4
S00111858,43,42,1,0,1
S00111859,24,24,0,0,0
S00111860,59,58,1,0,1
S00111861,55,50,5,1,4
S00111862,54,47,7,1,6
S00111863,42,41,1,1,0
S00111864,60,48,12,0,12
S00111865,48,48,0,0,0
S00111866,89,88,1,0,1
S00111867,30,30,0,0,0
S00111868,51,50,1,1,0
S00111869,28,27,1,1,0
S00111870,94,90,4,0,4
S00111871,38,37,1,0,1
S00111872,56,56,0,0,0
S00111873,72,71,1,0,1
S00111874,29,29,0,0,0
S00111875,29,29,0,0,0
S00111876,79,72,7,6,1
S00111877,38,36,2,0,2
S00111878,52,45,7,6,1
S00111879,74,74,0,0,0
S00111880,38,37,1,1,0
S00111881,66,63,3,3,0
S00111882,47,47,0,0,0
S00111883,52,52,0,0,0
S00111884,46,45,1,1,0
S00111885,44,44,0,0,0
S00111886,50,46,4,1,3
S00111887,64,59,5,1,4
S00111888,73,70,3,0,3
S00111889,60,55,5,0,5
S00111890,44,44,0,0,0
S00111891,53,49,4,0,4
S00111892,72,71,1,1,0
S00111893,41,38,3,0,3
S00111894,66,63,3,1,2
S00111895,61,54,7,7,0
S00111896,41,37,4,3,1
S00111897,36,33,3,0,3
S00111898,49,47,2,2,0
S00111899,62,61,1,0,1
S00111900,37,36,1,0,1
S00111901,26,25,1,0,1
S00111902,67,66,1,0,1
S00111903,35,32,3,0,3
S00111904,65,64,1,0,1
S00111905,38,37,1,1,0
S00111906,70,69,1,0,1
S00111907,39,39,0,0,0
S00111908,60,59,1,1,0
S00111909,28,27,1,0,1
S00111910,66,66,0,0,0
S00111911,51,51,0,0,0
S00111912,47,47,0,0,0
S00111913,33,32,1,0,1
S00111914,73,72,1,0,1
S00111915,39,38,1,0,1
S00111916,55,55,0,0,0
S00111917,30,29,1,0,1
S00111918,79,78,1,0,1
S00111919,82,82,0,0,0
S00111920,40,39,1,0,1
S00111921,37,36,1,1,0
S00111922,26,25,1,0,1
S00111923,61,60,1,0,1
S00111924,30,30,0,0,0
S00111925,34,32,2,0,2
S00111926,51,51,0,0,0
S00111927,62,62,0,0,0
S00111928,60,60,0,0,0
S00111929,29,29,0,0,0
S00111930,32,31,1,0,1
S00111931,56,56,0,0,0
S00111932,41,34,7,1,6
S00111933,70,64,6,3,3
S00111934,36,35,1,0,1
S00111935,55,55,0,0,0
S00111936,48,48,0,0,0
S00111937,60,59,1,1,0
S00111938,32,32,0,0,0
S00111939,46,42,4,2,2
S00111940,42,42,0,0,0
S00111941,40,40,0,0,0
S00111942,90,81,9,0,9
S00111943,47,45,2,0,2
S00111944,60,56,4,3,1
S00111945,59,59,0,0,0
S00111946,51,47,4,0,4
S00111947,77,72,5,0,5
S00111948,55,55,0,0,0
S00111949,48,44,4,0,4
S00111950,54,52,2,0,2
S00111951,44,42,2,0,2
S00111952,38,37,1,0,1
S00111953,32,30,2,1,1
S00111954,59,57,2,0,2
S00111955,48,45,3,0,3
S00111956,36,36,0,0,0
S00111957,57,56,1,0,1
S00111958,58,38,20,19,1
S00111959,34,33,1,0,1
S00111960,78,75,3,0,3
S00111961,58,55,3,0,3
S00111962,31,29,2,1,1
S00111963,60,60,0,0,0
S00111964,60,56,4,3,1
S00111965,38,34,4,2,2
S00111966,80,78,2,0,2
S00111967,88,86,2,0,2
S00111968,67,62,5,2,3
S00111969,53,50,3,0,3
S00111970,65,62,3,3,0
S00111971,50,46,4,4,0
S00111972,59,57,2,0,2
S00111973,60,60,0,0,0
S00111974,47,46,1,1,0
S00111975,44,44,0,0,0
S00111976,60,59,1,0,1
S00111977,39,39,0,0,0
S00111978,55,54,1,0,1
S00111979,33,33,0,0,0
S00111980,47,46,1,0,1
S00111981,60,59,1,0,1
S00111982,65,64,1,0,1
S00111983,60,60,0,0,0
S00111984,24,24,0,0,0
S00111985,65,65,0,0,0
S00111986,34,34,0,0,0
S00111987,55,54,1,0,1
S00111988,70,70,0,0,0
S00111989,54,54,0,0,0
S00111990,38,38,0,0,0
S00111991,71,70,1,0,1
S00111992,42,42,0,0,0
S00111993,27,27,0,0,0
S00111994,32,31,1,1,0
S00111995,59,59,0,0,0
S00111996,53,53,0,0,0
S00111997,59,59,0,0,0
S00111998,51,49,2,0,2
S00111999,74,74,0,0,0
S00112000,31,30,1,0,1
S00112001,75,74,1,0,1
S00112002,78,77,1,0,1
S00112003,44,43,1,0,1
S00112004,47,47,0,0,0
S00112005,40,40,0,0,0
S00112006,40,37,3,0,3
S00112007,46,46,0,0,0
S00112008,61,58,3,0,3
S00112009,45,45,0,0,0
S00112010,42,40,2,0,2
S00112011,46,46,0,0,0
S00112012,62,61,1,0,1
S00112013,41,40,1,0,1
S00112014,67,60,7,1,6
S00112015,40,40,0,0,0
S00112016,66,63,3,1,2
S00112017,36,36,0,0,0
S00112018,88,81,7,2,5
S00112019,36,35,1,0,1
S00112020,46,46,0,0,0
S00112021,46,45,1,0,1
S00112022,43,41,2,0,2
S00112023,39,38,1,0,1
S00112024,40,40,0,0,0
S00112025,54,50,4,0,4
S00112026,78,60,18,15,3
S00112027,30,28,2,1,1
S00112028,48,43,5,2,3
S00112029,57,54,3,2,1
S00112030,31,31,0,0,0
S00112031,53,50,3,3,0
S00112032,44,42,2,1,1
S00112033,38,36,2,2,0
S00112034,60,49,11,7,4
S00112035,54,40,14,11,3
S00112036,63,52,11,4,7
S00112037,66,55,11,10,1
S00112038,60,57,3,3,0
S00112039,58,54,4,3,1
S00112040,60,53,7,7,0
S00112041,53,47,6,4,2
S00112042,37,36,1,0,1
S00112043,57,56,1,0,1
S00112044,38,36,2,1,1
S00112045,54,51,3,0,3
S00112046,43,43,0,0,0
S00112047,57,56,1,1,0
S00112048,71,68,3,0,3
S00112049,56,53,3,0,3
S00112050,52,49,3,0,3
S00112051,36,36,0,0,0
S00112052,45,45,0,0,0
S00112053,59,56,3,0,3
S00112054,88,86,2,0,2
S00112055,33,32,1,0,1
S00112056,48,46,2,0,2
S00112057,46,45,1,1,0
S00112058,42,42,0,0,0
S00112059,59,57,2,2,0
S00112060,34,31,3,1,2
S00112061,78,74,4,1,3
S00112062,31,31,0,0,0
S00112063,28,27,1,0,1
S00112064,62,61,1,0,1
S00112065,74,62,12,2,10
S00112066,31,31,0,0,0
S00112067,34,32,2,0,2
S00112068,51,51,0,0,0
S00112069,52,50,2,0,2
S00112070,49,49,0,0,0
S00112071,33,33,0,0,0
S00112072,67,66,1,0,1
S00112073,33,33,0,0,0
S00112074,55,54,1,0,1
S00112075,85,84,1,0,1
S00112076,36,35,1,0,1
S00112077,40,39,1,0,1
S00112078,43,41,2,1,1
S00112079,45,42,3,0,3
S00112080,32,32,0,0,0
S00112081,56,54,2,1,1
S00112082,48,47,1,0,1
S00112083,41,39,2,2,0
S00112084,56,55,1,0,1
S00112085,28,27,1,0,1
S00112086,77,77,0,0,0
S00112087,37,36,1,1,0
S00112088,46,44,2,2,0
S00112089,51,50,1,1,0
S00112090,48,42,6,3,3
S00112091,35,32,3,2,1
S00112092,61,57,4,2,2
S00112093,51,41,10,9,1
S00112094,24,22,2,1,1
S00112095,44,40,4,2,2
S00112096,57,56,1,0,1
S00112097,42,38,4,3,1
S00112098,47,42,5,5,0
S00112099,78,70,8,4,4
S00112100,60,57,3,1,2
S00112101,53,48,5,0,5
S00112102,49,47,2,0,2
S00112103,37,35,2,1,1
S00112104,73,72,1,0,1
S00112105,49,48,1,1,0
S00112106,41,41,0,0,0
S00112107,48,46,2,1,1
S00112108,52,49,3,1,2
S00112109,41,40,1,0,1
S00112110,46,41,5,0,5
S00112111,37,35,2,1,1
S00112112,61,60,1,0,1
S00112113,80,69,11,8,3
S00112114,54,53,1,1,0
S00112115,46,42,4,2,2
S00112116,50,47,3,0,3
S00112117,86,79,7,4,3
S00112118,32,32,0,0,0
S00112119,40,39,1,1,0
S00112120,59,59,0,0,0
S00112121,74,72,2,0,2
S00112122,51,47,4,4,0
S00112123,53,52,1,0,1
S00112124,51,51,0,0,0
S00112125,34,33,1,0,1
S00112126,71,71,0,0,0
S00112127,78,78,0,0,0
S00112128,67,66,1,0,1
S00112129,71,70,1,0,1
S00112130,54,52,2,0,2
S00112131,30,30,0,0,0
S00112132,67,67,0,0,0
S00112133,41,41,0,0,0
S00112134,47,47,0,0,0
S00112135,44,44,0,0,0
S00112136,32,31,1,0,1
S00112137,71,71,0,0,0
S00112138,57,57,0,0,0
S00112139,29,28,1,0,1
S00112140,64,64,0,0,0
S00112141,49,49,0,0,0
S00112142,52,51,1,0,1
S00112143,61,61,0,0,0
S00112144,70,70,0,0,0
S00112145,61,61,0,0,0
S00112146,68,68,0,0,0
S00112147,60,59,1,0,1
S00112148,43,41,2,1,1
S00112149,40,39,1,0,1
S00112150,47,46,1,0,1
S00112151,27,25,2,0,2
S00112152,68,68,0,0,0
S00112153,72,67,5,0,5
S00112154,22,22,0,0,0
S00112155,94,74,20,2,18
S00112156,50,47,3,0,3
S00112157,46,46,0,0,0
S00112158,79,75,4,0,4
S00112159,62,58,4,1,3
S00112160,64,56,8,4,4
S00112161,68,65,3,2,1
S00112162,48,46,2,0,2
S00112163,71,65,6,3,3
S00112164,73,66,7,3,4
S00112165,55,55,0,0,0
S00112166,50,47,3,1,2
S00112167,52,48,4,0,4
S00112168,62,62,0,0,0
S00112169,71,71,0,0,0
S00112170,74,70,4,0,4
S00112171,88,85,3,2,1
S00112172,64,63,1,0,1
S00112173,64,64,0,0,0
S00112174,65,65,0,0,0
S00112175,83,77,6,3,3
S00112176,61,61,0,0,0
S00112177,40,38,2,1,1
S00112178,46,37,9,4,5
S00112179,46,46,0,0,0
S00112180,78,78,0,0,0
S00112181,43,43,0,0,0
S00112182,69,68,1,0,1
S00112183,88,88,0,0,0
S00112184,64,62,2,0,2
S00112185,56,55,1,0,1
S00112186,54,53,1,0,1
S00112187,46,43,3,0,3
S00112188,71,52,19,11,8
S00112189,71,66,5,1,4
S00112190,74,71,3,2,1
S00112191,80,72,8,0,8
S00112192,69,69,0,0,0
S00112193,66,65,1,0,1
S00112194,56,54,2,0,2
S00112195,44,40,4,0,4
S00112196,48,48,0,0,0
S00112197,40,40,0,0,0
S00112198,61,52,9,0,9
S00112199,78,75,3,0,3
S00112200,71,58,13,0,13
S00112201,71,71,0,0,0
S00112202,49,49,0,0,0
S00112203,71,69,2,0,2
S00112204,65,63,2,0,2
S00112205,45,45,0,0,0
S00112206,42,38,4,0,4
S00112207,41,40,1,1,0
S00112208,60,55,5,1,4
S00112209,39,39,0,0,0
S00112210,46,46,0,0,0
S00112211,56,50,6,0,6
S00112212,73,71,2,0,2
S00112213,68,67,1,0,1
S00112214,49,47,2,0,2
S00112215,46,45,1,0,1
S00112216,43,43,0,0,0
S00112217,44,42,2,1,1
S00112218,41,41,0,0,0
S00112219,49,49,0,0,0
S00112220,52,49,3,1,2
S00112221,47,46,1,0,1
S00112222,26,25,1,1,0
S00112223,54,54,0,0,0
S00112224,74,73,1,0,1
S00112225,82,68,14,0,14
S00112226,64,61,3,2,1
S00112227,71,57,14,0,14
S00112228,39,39,0,0,0
S00112229,48,47,1,0,1
S00112230,35,34,1,0,1
S00112231,59,58,1,1,0
S00112232,44,44,0,0,0
S00112233,34,34,0,0,0
S00112234,57,56,1,0,1
S00112235,45,44,1,0,1
S00112236,34,34,0,0,0
S00112237,52,52,0,0,0
S00112238,37,37,0,0,0
S00112239,51,41,10,1,9
S00112240,53,51,2,0,2
S00112241,48,42,6,0,6
S00112242,62,60,2,1,1
S00112243,72,72,0,0,0
S00112244,80,79,1,1,0
S00112245,73,72,1,0,1
S00112246,56,53,3,1,2
S00112247,96,96,0,0,0
S00112248,62,62,0,0,0
S00112249,41,41,0,0,0
S00112250,45,44,1,0,1
S00112251,37,37,0,0,0
S00112252,49,49,0,0,0
S00112253,67,66,1,0,1
S00112254,89,89,0,0,0
S00112255,44,44,0,0,0
S00112256,66,66,0,0,0
S00112257,51,45,6,0,6
S00112258,73,72,1,1,0
S00112259,44,44,0,0,0
S00112260,48,47,1,0,1
S00112261,60,55,5,0,5
S00112262,33,33,0,0,0
S00112263,63,48,15,0,15
S00112264,55,39,16,0,16
S00112265,70,51,19,0,19
S00112266,49,48,1,0,1
S00112267,49,47,2,0,2
S00112268,62,59,3,0,3
S00112269,56,54,2,0,2
S00112270,84,84,0,0,0
S00112271,88,88,0,0,0
S00112272,93,92,1,1,0
S00112273,105,101,4,4,0
S00112274,88,84,4,0,4
S00112275,119,40,79,0,79
S00112276,51,51,0,0,0
S00112277,29,29,0,0,0
S00112278,59,55,4,0,4
S00112279,78,78,0,0,0
S00112280,57,56,1,0,1
S00112281,34,34,0,0,0
S00112282,52,51,1,0,1
S00112283,38,37,1,0,1
S00112284,51,50,1,0,1
S00112285,52,52,0,0,0
S00112286,66,63,3,0,3
S00112287,39,39,0,0,0
S00112288,40,39,1,0,1
S00112289,56,56,0,0,0
S00112290,52,52,0,0,0
S00112291,45,43,2,0,2
S00112292,63,60,3,0,3
S00112293,64,63,1,0,1
S00112294,39,39,0,0,0
S00112295,52,51,1,0,1
S00112296,50,49,1,0,1
S00112297,43,41,2,0,2
S00112298,57,53,4,0,4
S00112299,75,75,0,0,0
S00112300,54,53,1,0,1
S00112301,55,54,1,1,0
S00112302,63,63,0,0,0
S00112303,57,56,1,1,0
S00112304,85,83,2,0,2
S00112305,61,61,0,0,0
S00112306,80,78,2,0,2
S00112307,26,26,0,0,0
S00112308,48,46,2,0,2
S00112309,41,41,0,0,0
S00112310,87,87,0,0,0
S00112311,53,52,1,0,1
S00112312,49,49,0,0,0
S00112313,51,51,0,0,0
S00112314,79,79,0,0,0
S00112315,35,35,0,0,0
S00112316,53,53,0,0,0
S00112317,53,53,0,0,0
S00112318,84,84,0,0,0
S00112319,51,51,0,0,0
S00112320,51,51,0,0,0
S00112321,49,49,0,0,0
S00112322,72,72,0,0,0
S00112323,71,71,0,0,0
S00112324,83,83,0,0,0
S00112325,65,65,0,0,0
S00112326,49,48,1,0,1
S00112327,65,65,0,0,0
S00112328,64,59,5,0,5
S00112329,64,59,5,1,4
S00112330,55,55,0,0,0
S00112331,75,73,2,0,2
S00112332,57,57,0,0,0
S00112333,63,63,0,0,0
S00112334,78,78,0,0,0
S00112335,105,104,1,0,1
S00112336,66,66,0,0,0
S00112337,47,47,0,0,0
S00112338,56,50,6,0,6
S00112339,62,62,0,0,0
S00112340,51,47,4,0,4
S00112341,59,59,0,0,0
S00112342,56,56,0,0,0
S00112343,50,49,1,0,1
S00112344,44,43,1,0,1
S00112345,62,60,2,0,2
S00112346,41,40,1,0,1
S00112347,48,47,1,0,1
S00112348,77,77,0,0,0
S00112349,45,42,3,0,3
S00112350,48,44,4,0,4
S00112351,87,86,1,0,1
S00112352,74,74,0,0,0
S00112353,64,63,1,0,1
S00112354,76,74,2,0,2
S00112355,52,49,3,0,3
S00112356,77,77,0,0,0
S00112357,76,76,0,0,0
S00112358,69,69,0,0,0
S00112359,77,77,0,0,0
S00112360,29,29,0,0,0
S00112361,64,62,2,0,2
S00112362,78,74,4,0,4
S00112363,52,49,3,0,3
S00112364,64,61,3,0,3
S00112365,40,38,2,1,1
S00112366,23,23,0,0,0
S00112367,74,73,1,0,1
S00112368,49,46,3,0,3
S00112369,37,34,3,1,2
S00112370,74,72,2,1,1
S00112371,41,41,0,0,0
S00112372,67,65,2,0,2
S00112373,44,42,2,1,1
S00112374,49,47,2,0,2
S00112375,32,32,0,0,0
S00112376,65,65,0,0,0
S00112377,41,40,1,0,1
S00112378,62,61,1,0,1
S00112379,59,59,0,0,0
S00112380,65,64,1,1,0
S00112381,47,46,1,0,1
S00112382,36,35,1,0,1
S00112383,46,44,2,1,1
S00112384,55,54,1,0,1
S00112385,52,52,0,0,0
S00112386,42,42,0,0,0
S00112387,55,53,2,0,2
S00112388,51,50,1,1,0
S00112389,63,63,0,0,0
S00112390,50,50,0,0,0
S00112391,23,22,1,0,1
S00112392,29,29,0,0,0
S00112393,53,52,1,0,1
S00112394,41,40,1,0,1
S00112395,77,74,3,0,3
S00112396,52,51,1,0,1
S00112397,61,60,1,0,1
S00112398,70,70,0,0,0
S00112399,70,67,3,1,2
S00112400,50,50,0,0,0
S00112401,52,51,1,1,0
S00112402,63,61,2,1,1
S00112403,46,46,0,0,0
S00112404,49,48,1,0,1
S00112405,39,36,3,0,3
S00112406,49,49,0,0,0
S00112407,46,45,1,0,1
S00112408,72,71,1,0,1
S00112409,58,58,0,0,0
S00112410,64,63,1,0,1
S00112411,56,55,1,0,1
S00112412,56,54,2,0,2
S00112413,55,54,1,0,1
S00112414,40,39,1,0,1
S00112415,71,68,3,0,3
S00112416,60,56,4,3,1
S00112417,39,30,9,0,9
S00112418,72,68,4,0,4
S00112419,61,60,1,0,1
S00112420,63,37,26,3,23
S00112421,98,91,7,2,5
S00112422,46,42,4,2,2
S00112423,61,58,3,2,1
S00112424,32,30,2,0,2
S00112425,49,44,5,1,4
S00112426,70,61,9,6,3
S00112427,67,64,3,0,3
S00112428,51,48,3,0,3
S00112429,51,49,2,1,1
S00112430,60,50,10,1,9
S00112431,43,39,4,1,3
S00112432,83,59,24,3,21
S00112433,70,68,2,2,0
S00112434,90,87,3,0,3
S00112435,75,73,2,2,0
S00112436,43,42,1,0,1
S00112437,40,39,1,0,1
S00112438,57,54,3,0,3
S00112439,77,74,3,1,2
S00112440,69,68,1,0,1
S00112441,36,36,0,0,0
S00112442,47,47,0,0,0
S00112443,57,57,0,0,0
S00112444,58,58,0,0,0
S00112445,40,40,0,0,0
S00112446,74,69,5,0,5
S00112447,71,71,0,0,0
S00112448,48,47,1,0,1
S00112449,31,31,0,0,0
S00112450,48,46,2,1,1
S00112451,51,51,0,0,0
S00112452,43,42,1,0,1
S00112453,70,69,1,0,1
S00112454,41,35,6,0,6
S00112455,78,76,2,1,1
S00112456,72,70,2,0,2
S00112457,40,39,1,0,1
S00112458,60,59,1,0,1
S00112459,47,44,3,0,3
S00112460,86,86,0,0,0
S00112461,64,64,0,0,0
S00112462,42,42,0,0,0
S00112463,51,51,0,0,0
S00112464,50,49,1,0,1
S00112465,46,43,3,0,3
S00112466,51,51,0,0,0
S00112467,57,53,4,0,4
S00112468,48,48,0,0,0
S00112469,76,75,1,0,1
S00112470,49,47,2,1,1
S00112471,56,55,1,0,1
S00112472,56,55,1,1,0
S00112473,90,89,1,0,1
S00112474,77,76,1,0,1
S00112475,61,59,2,0,2
S00112476,77,76,1,0,1
S00112477,68,66,2,0,2
S00112478,53,53,0,0,0
S00112479,64,63,1,0,1
S00112480,71,71,0,0,0
S00112481,67,65,2,2,0
S00112482,31,31,0,0,0
S00112483,54,54,0,0,0
S00112484,48,48,0,0,0
S00112485,70,68,2,0,2
S00112486,40,38,2,0,2
S00112487,60,59,1,0,1
S00112488,49,44,5,0,5
S00112489,50,49,1,0,1
S00112490,88,87,1,0,1
S00112491,54,51,3,0,3
S00112492,54,53,1,0,1
S00112493,56,55,1,0,1
S00112494,74,71,3,0,3
S00112495,51,49,2,0,2
S00112496,49,49,0,0,0
S00112497,69,66,3,0,3
S00112498,54,51,3,2,1
S00112499,69,69,0,0,0
S00112500,67,62,5,0,5
S00112501,63,63,0,0,0
S00112502,79,77,2,0,2
S00112503,68,67,1,0,1
S00112504,56,54,2,0,2
S00112505,54,54,0,0,0
S00112506,45,45,0,0,0
S00112507,30,29,1,0,1
S00112508,55,54,1,1,0
S00112509,73,71,2,0,2
S00112510,46,46,0,0,0
S00112511,81,79,2,0,2
S00112512,64,61,3,1,2
S00112513,88,78,10,1,9
S00112514,58,58,0,0,0
S00112515,71,69,2,0,2
S00112516,67,65,2,0,2
S00112517,55,54,1,1,0
S00112518,62,61,1,0,1
S00112519,77,75,2,2,0
S00112520,54,52,2,0,2
S00112521,63,62,1,0,1
S00112522,28,26,2,0,2
S00112523,70,70,0,0,0
S00112524,30,27,3,0,3
S00112525,56,55,1,0,1
S00112526,32,32,0,0,0
S00112527,67,60,7,0,7
S00112528,56,52,4,0,4
S00112529,64,62,2,0,2
S00112530,60,59,1,0,1
S00112531,74,74,0,0,0
S00112532,54,52,2,0,2
S00112533,63,60,3,1,2
S00112534,34,30,4,0,4
S00112535,48,44,4,1,3
S00112536,53,53,0,0,0
S00112537,40,39,1,1,0
S00112538,40,37,3,0,3
S00112539,22,22,0,0,0
S00112540,41,40,1,0,1
S00112541,22,21,1,0,1
S00112542,72,70,2,0,2
S00112543,59,58,1,1,0
S00112544,27,27,0,0,0
S00112545,56,56,0,0,0
S00112546,74,71,3,0,3
S00112547,44,43,1,0,1
S00112548,61,61,0,0,0
S00112549,38,38,0,0,0
S00112550,33,30,3,0,3
S00112551,33,32,1,0,1
S00112552,45,43,2,1,1
S00112553,49,47,2,1,1
S00112554,54,50,4,0,4
S00112555,30,27,3,0,3
S00112556,46,46,0,0,0
S00112557,60,60,0,0,0
S00112558,45,45,0,0,0
S00112559,34,34,0,0,0
S00112560,49,49,0,0,0
S00112561,50,48,2,0,2
S00112562,76,74,2,1,1
S00112563,71,69,2,0,2
S00112564,75,74,1,1,0
S00112565,53,52,1,1,0
S00112566,44,42,2,1,1
S00112567,40,40,0,0,0
S00112568,74,74,0,0,0
S00112569,61,58,3,0,3
S00112570,48,46,2,1,1
S00112571,61,61,0,0,0
S00112572,56,55,1,1,0
S00112573,44,44,0,0,0
S00112574,46,45,1,1,0
S00112575,39,39,0,0,0
S00112576,79,78,1,0,1
S00112577,32,31,1,1,0
S00112578,57,52,5,0,5
S00112579,74,71,3,0,3
S00112580,72,71,1,1,0
S00112581,64,64,0,0,0
S00112582,34,32,2,0,2
S00112583,48,45,3,2,1
S00112584,73,72,1,0,1
S00112585,45,45,0,0,0
S00112586,49,45,4,1,3
S00112587,68,68,0,0,0
S00112588,69,68,1,1,0
S00112589,29,29,0,0,0
S00112590,35,35,0,0,0
S00112591,42,42,0,0,0
S00112592,57,56,1,1,0
S00112593,74,70,4,0,4
S00112594,65,65,0,0,0
S00112595,83,78,5,1,4
S00112596,45,44,1,1,0
S00112597,54,52,2,1,1
S00112598,43,43,0,0,0
S00112599,38,38,0,0,0
S00112600,34,32,2,1,1
S00112601,55,54,1,0,1
S00112602,81,76,5,0,5
S00112603,53,47,6,0,6
S00112604,45,42,3,2,1
S00112605,47,46,1,0,1
S00112606,43,43,0,0,0
S00112607,44,43,1,0,1
S00112608,74,72,2,0,2
S00112609,74,73,1,0,1
S00112610,46,41,5,1,4
S00112611,77,77,0,0,0
S00112612,72,70,2,0,2
S00112613,74,70,4,0,4
S00112614,63,61,2,0,2
S00112615,75,73,2,1,1
S00112616,63,62,1,0,1
S00112617,72,68,4,0,4
S00112618,43,43,0,0,0
S00112619,42,42,0,0,0
S00112620,64,64,0,0,0
S00112621,51,49,2,0,2
S00112622,32,32,0,0,0
S00112623,49,49,0,0,0
S00112624,65,65,0,0,0
S00112625,56,55,1,1,0
S00112626,42,41,1,0,1
S00112627,57,52,5,2,3
S00112628,57,57,0,0,0
S00112629,40,40,0,0,0
S00112630,41,40,1,1,0
S00112631,54,52,2,0,2
S00112632,28,26,2,1,1
S00112633,56,53,3,0,3
S00112634,56,51,5,0,5
S00112635,61,60,1,0,1
S00112636,51,49,2,1,1
S00112637,76,75,1,1,0
S00112638,57,55,2,0,2
S00112639,69,68,1,1,0
S00112640,57,55,2,0,2
S00112641,47,44,3,0,3
S00112642,48,47,1,0,1
S00112643,24,24,0,0,0
S00112644,61,57,4,0,4
S00112645,56,55,1,0,1
S00112646,48,45,3,0,3
S00112647,57,54,3,1,2
S00112648,55,54,1,0,1
S00112649,47,45,2,0,2
S00112650,44,43,1,0,1
S00112651,59,59,0,0,0
S00112652,74,74,0,0,0
S00112653,56,56,0,0,0
S00112654,55,54,1,0,1
S00112655,40,39,1,0,1
S00112656,49,49,0,0,0
S00112657,42,42,0,0,0
S00112658,41,41,0,0,0
S00112659,61,58,3,0,3
S00112660,77,75,2,0,2
S00112661,66,65,1,1,0
S00112662,64,63,1,0,1
S00112663,48,47,1,1,0
S00112664,45,45,0,0,0
S00112665,58,52,6,1,5
S00112666,31,30,1,1,0
S00112667,46,46,0,0,0
S00112668,40,38,2,0,2
S00112669,41,40,1,0,1
S00112670,54,47,7,1,6
S00112671,57,54,3,0,3
S00112672,47,46,1,0,1
S00112673,67,64,3,1,2
S00112674,45,42,3,0,3
S00112675,69,67,2,1,1
S00112676,50,49,1,0,1
S00112677,64,63,1,0,1
S00112678,34,34,0,0,0
S00112679,39,39,0,0,0
S00112680,52,51,1,1,0
S00112681,33,29,4,0,4
S00112682,36,34,2,2,0
S00112683,64,62,2,2,0
S00112684,53,51,2,0,2
S00112685,76,72,4,0,4
S00112686,66,62,4,1,3
S00112687,46,44,2,1,1
S00112688,25,25,0,0,0
S00112689,62,61,1,0,1
S00112690,49,46,3,1,2
S00112691,64,63,1,1,0
S00112692,63,60,3,0,3
S00112693,37,36,1,0,1
S00112694,72,71,1,0,1
S00112695,74,70,4,0,4
S00112696,59,59,0,0,0
S00112697,41,41,0,0,0
S00112698,50,50,0,0,0
S00112699,45,44,1,0,1
S00112700,45,43,2,0,2
S00112701,43,43,0,0,0
S00112702,23,23,0,0,0
S00112703,37,37,0,0,0
S00112704,70,67,3,0,3
S00112705,46,45,1,0,1
S00112706,52,50,2,0,2
S00112707,39,39,0,0,0
S00112708,58,58,0,0,0
S00112709,43,42,1,0,1
S00112710,52,52,0,0,0
S00112711,46,46,0,0,0
S00112712,45,43,2,0,2
S00112713,47,46,1,0,1
S00112714,35,35,0,0,0
S00112715,43,43,0,0,0
S00112716,52,50,2,0,2
S00112717,51,48,3,1,2
S00112718,41,40,1,0,1
S00112719,49,47,2,0,2
S00112720,52,51,1,0,1
S00112721,49,49,0,0,0
S00112722,46,45,1,0,1
S00112723,66,64,2,0,2
S00112724,38,38,0,0,0
S00112725,43,43,0,0,0
S00112726,40,40,0,0,0
S00112727,67,64,3,1,2
S00112728,65,63,2,0,2
S00112729,61,60,1,0,1
S00112730,47,44,3,0,3
S00112731,58,58,0,0,0
S00112732,74,74,0,0,0
S00112733,47,46,1,0,1
S00112734,58,58,0,0,0
S00112735,67,66,1,0,1
S00112736,61,58,3,0,3
S00112737,46,46,0,0,0
S00112738,49,47,2,0,2
S00112739,60,60,0,0,0
S00112740,46,46,0,0,0
S00112741,35,34,1,0,1
S00112742,75,75,0,0,0
S00112743,50,50,0,0,0
S00112744,75,69,6,0,6
S00112745,25,25,0,0,0
S00112746,61,60,1,0,1
S00112747,46,46,0,0,0
S00112748,45,45,0,0,0
S00112749,41,41,0,0,0
S00112750,48,47,1,0,1
S00112751,66,64,2,0,2
S00112752,76,72,4,1,3
S00112753,63,63,0,0,0
S00112754,70,68,2,0,2
S00112755,63,62,1,0,1
S00112756,45,44,1,0,1
S00112757,28,27,1,0,1
S00112758,39,37,2,1,1
S00112759,50,49,1,0,1
S00112760,46,45,1,0,1
S00112761,72,72,0,0,0
S00112762,53,50,3,0,3
S00112763,35,34,1,0,1
S00112764,30,30,0,0,0
S00112765,27,27,0,0,0
S00112766,75,75,0,0,0
S00112767,44,44,0,0,0
S00112768,49,48,1,0,1
S00112769,43,40,3,0,3
S00112770,46,45,1,0,1
S00112771,49,48,1,0,1
S00112772,49,49,0,0,0
S00112773,56,56,0,0,0
S00112774,51,49,2,0,2
S00112775,46,45,1,0,1
S00112776,47,46,1,0,1
S00112777,55,53,2,0,2
S00112778,50,48,2,0,2
S00112779,32,30,2,0,2
S00112780,61,56,5,0,5
S00112781,47,47,0,0,0
S00112782,47,47,0,0,0
S00112783,60,59,1,0,1
S00112784,65,64,1,0,1
S00112785,47,47,0,0,0
S00112786,45,44,1,0,1
S00112787,49,49,0,0,0
S00112788,79,75,4,0,4
S00112789,70,69,1,0,1
S00112790,70,65,5,0,5
S00112791,64,60,4,0,4
S00112792,61,59,2,0,2
S00112793,43,41,2,0,2
S00112794,40,40,0,0,0
S00112795,39,36,3,0,3
S00112796,53,53,0,0,0
S00112797,84,83,1,1,0
S00112798,46,46,0,0,0
S00112799,49,47,2,0,2
S00112800,45,45,0,0,0
S00112801,52,51,1,0,1
S00112802,52,51,1,0,1
S00112803,53,52,1,0,1
S00112804,50,50,0,0,0
S00112805,51,51,0,0,0
S00112806,47,47,0,0,0
S00112807,55,55,0,0,0
S00112808,45,43,2,0,2
S00112809,51,50,1,0,1
S00112810,52,51,1,0,1
S00112811,60,59,1,0,1
S00112812,44,40,4,1,3
S00112813,48,47,1,0,1
S00112814,73,70,3,0,3
S00112815,51,50,1,0,1
S00112816,76,76,0,0,0
S00112817,44,40,4,0,4
S00112818,42,42,0,0,0
S00112819,58,57,1,0,1
S00112820,49,49,0,0,0
S00112821,42,40,2,0,2
S00112822,53,51,2,0,2
S00112823,43,42,1,0,1
S00112824,77,77,0,0,0
S00112825,30,27,3,0,3
S00112826,40,40,0,0,0
S00112827,45,45,0,0,0
S00112828,48,46,2,0,2
S00112829,45,44,1,0,1
S00112830,85,82,3,0,3
S00112831,62,62,0,0,0
S00112832,62,58,4,0,4
S00112833,42,42,0,0,0
S00112834,39,39,0,0,0
S00112835,73,72,1,0,1
S00112836,65,63,2,0,2
S00112837,43,43,0,0,0
S00112838,49,48,1,0,1
S00112839,42,42,0,0,0
S00112840,43,42,1,0,1
S00112841,55,54,1,0,1
S00112842,49,49,0,0,0
S00112843,52,51,1,0,1
S00112844,46,45,1,0,1
S00112845,44,42,2,0,2
S00112846,71,70,1,0,1
S00112847,43,40,3,0,3
S00112848,72,67,5,0,5
S00112849,71,70,1,0,1
S00112850,43,43,0,0,0
S00112851,41,40,1,0,1
S00112852,42,40,2,0,2
S00112853,66,66,0,0,0
S00112854,41,41,0,0,0
S00112855,46,46,0,0,0
S00112856,59,58,1,0,1
S00112857,42,42,0,0,0
S00112858,58,58,0,0,0
S00112859,62,61,1,1,0
S00112860,82,80,2,0,2
S00112861,43,43,0,0,0
S00112862,71,68,3,0,3
S00112863,59,58,1,0,1
S00112864,76,76,0,0,0
S00112865,53,50,3,0,3
S00112866,62,61,1,0,1
S00112867,52,52,0,0,0
S00112868,52,52,0,0,0
S00112869,42,42,0,0,0
S00112870,64,64,0,0,0
S00112871,75,75,0,0,0
S00112872,68,67,1,0,1
S00112873,44,43,1,0,1
S00112874,45,45,0,0,0
S00112875,68,68,0,0,0
S00112876,71,69,2,0,2
S00112877,69,69,0,0,0
S00112878,77,77,0,0,0
S00112879,71,71,0,0,0
S00112880,53,51,2,0,2
S00112881,40,40,0,0,0
S00112882,69,68,1,0,1
S00112883,59,59,0,0,0
S00112884,54,52,2,0,2
S00112885,39,38,1,0,1
S00112886,50,48,2,0,2
S00112887,50,50,0,0,0
S00112888,48,46,2,0,2
S00112889,40,40,0,0,0
S00112890,30,30,0,0,0
S00112891,29,28,1,0,1
S00112892,21,20,1,0,1
S00112893,64,64,0,0,0
S00112894,60,60,0,0,0
S00112895,37,37,0,0,0
S00112896,34,33,1,0,1
S00112897,44,43,1,0,1
S00112898,41,40,1,0,1
S00112899,49,48,1,0,1
S00112900,29,29,0,0,0
S00112901,29,28,1,0,1
S00112902,80,80,0,0,0
S00112903,31,31,0,0,0
S00112904,48,47,1,0,1
S00112905,46,46,0,0,0
S00112906,51,51,0,0,0
S00112907,49,49,0,0,0
S00112908,48,48,0,0,0
S00112909,46,46,0,0,0
S00112910,40,40,0,0,0
S00112911,38,37,1,1,0
S00112912,36,36,0,0,0
S00112913,20,20,0,0,0
S00112914,29,29,0,0,0
S00112915,72,70,2,0,2
S00112916,65,65,0,0,0
S00112917,73,73,0,0,0
S00112918,66,63,3,0,3
S00112919,58,58,0,0,0
S00112920,45,44,1,0,1
S00112921,58,57,1,0,1
S00112922,73,73,0,0,0
S00112923,76,76,0,0,0
S00112924,70,70,0,0,0
S00112925,59,59,0,0,0
S00112926,61,57,4,0,4
S00112927,63,61,2,0,2
S00112928,78,77,1,0,1
S00112929,46,46,0,0,0
S00112930,54,54,0,0,0
S00112931,71,68,3,0,3
S00112932,43,38,5,0,5
S00112933,47,47,0,0,0
S00112934,80,77,3,0,3
S00112935,70,67,3,0,3
S00112936,30,29,1,0,1
S00112937,58,56,2,0,2
S00112938,51,51,0,0,0
S00112939,68,68,0,0,0
S00112940,62,58,4,2,2
S00112941,48,48,0,0,0
S00112942,57,57,0,0,0
S00112943,48,47,1,0,1
S00112944,44,44,0,0,0
S00112945,46,46,0,0,0
S00112946,76,76,0,0,0
S00112947,70,70,0,0,0
S00112948,50,49,1,0,1
S00112949,42,42,0,0,0
S00112950,47,46,1,1,0
S00112951,45,44,1,0,1
S00112952,76,73,3,0,3
S00112953,47,47,0,0,0
S00112954,57,54,3,0,3
S00112955,42,42,0,0,0
S00112956,43,43,0,0,0
S00112957,46,46,0,0,0
S00112958,52,52,0,0,0
S00112959,48,48,0,0,0
S00112960,44,44,0,0,0
S00112961,48,47,1,0,1
S00112962,68,66,2,0,2
S00112963,74,73,1,0,1
S00112964,61,61,0,0,0
S00112965,73,72,1,0,1
S00112966,45,45,0,0,0
S00112967,52,52,0,0,0
S00112968,45,45,0,0,0
S00112969,48,46,2,0,2
S00112970,45,44,1,0,1
S00112971,58,54,4,0,4
S00112972,53,52,1,1,0
S00112973,55,55,0,0,0
S00112974,51,51,0,0,0
S00112975,52,51,1,0,1
S00112976,44,44,0,0,0
S00112977,38,38,0,0,0
S00112978,51,51,0,0,0
S00112979,56,53,3,0,3
S00112980,41,39,2,1,1
S00112981,63,61,2,0,2
S00112982,59,57,2,0,2
S00112983,61,59,2,0,2
S00112984,53,53,0,0,0
S00112985,37,37,0,0,0
S00112986,53,51,2,1,1
S00112987,68,68,0,0,0
S00112988,39,38,1,0,1
S00112989,41,40,1,0,1
S00112990,57,56,1,0,1
S00112991,58,57,1,0,1
S00112992,42,42,0,0,0
S00112993,55,53,2,0,2
S00112994,49,49,0,0,0
S00112995,63,63,0,0,0
S00112996,57,55,2,0,2
S00112997,58,56,2,0,2
S00112998,70,69,1,0,1
S00112999,48,47,1,0,1
S00113000,49,48,1,0,1
S00113001,56,55,1,0,1
S00113002,79,75,4,1,3
S00113003,69,69,0,0,0
S00113004,49,48,1,0,1
S00113005,47,46,1,0,1
S00113006,50,48,2,0,2
S00113007,47,46,1,0,1
S00113008,53,51,2,0,2
S00113009,41,40,1,0,1
S00113010,46,46,0,0,0
S00113011,33,33,0,0,0
S00113012,56,55,1,0,1
S00113013,42,42,0,0,0
S00113014,63,60,3,0,3
S00113015,90,90,0,0,0
S00113016,58,58,0,0,0
S00113017,49,47,2,0,2
S00113018,51,49,2,1,1
S00113019,36,36,0,0,0
S00113020,71,69,2,1,1
S00113021,54,54,0,0,0
S00113022,52,52,0,0,0
S00113023,69,69,0,0,0
S00113024,46,46,0,0,0
S00113025,78,75,3,0,3
S00113026,31,31,0,0,0
S00113027,47,47,0,0,0
S00113028,40,40,0,0,0
S00113029,57,56,1,0,1
S00113030,63,61,2,0,2
S00113031,50,49,1,0,1
S00113032,57,56,1,1,0
S00113033,39,39,0,0,0
S00113034,61,61,0,0,0
S00113035,47,47,0,0,0
S00113036,50,49,1,0,1
S00113037,51,51,0,0,0
S00113038,41,37,4,0,4
S00113039,72,71,1,0,1
S00113040,63,61,2,0,2
S00113041,76,74,2,0,2
S00113042,64,64,0,0,0
S00113043,73,73,0,0,0
S00113044,72,71,1,0,1
S00113045,43,43,0,0,0
S00113046,41,41,0,0,0
S00113047,50,50,0,0,0
S00113048,65,64,1,0,1
S00113049,45,44,1,0,1
S00113050,47,46,1,1,0
S00113051,50,50,0,0,0
S00113052,47,46,1,0,1
S00113053,43,43,0,0,0
S00113054,66,66,0,0,0
S00113055,40,40,0,0,0
S00113056,41,41,0,0,0
S00113057,44,44,0,0,0
S00113058,63,62,1,0,1
S00113059,42,40,2,0,2
S00113060,47,47,0,0,0
S00113061,53,52,1,1,0
S00113062,41,41,0,0,0
S00113063,44,43,1,0,1
S00113064,49,49,0,0,0
S00113065,49,48,1,0,1
S00113066,67,67,0,0,0
S00113067,62,60,2,0,2
S00113068,71,66,5,0,5
S00113069,63,61,2,0,2
S00113070,72,71,1,0,1
S00113071,69,69,0,0,0
S00113072,51,50,1,0,1
S00113073,52,48,4,0,4
S00113074,46,46,0,0,0
S00113075,74,72,2,0,2
S00113076,59,58,1,0,1
S00113077,65,64,1,0,1
S00113078,73,72,1,0,1
S00113079,61,59,2,0,2
S00113080,47,45,2,0,2
S00113081,52,52,0,0,0
S00113082,57,56,1,0,1
S00113083,41,41,0,0,0
S00113084,27,26,1,0,1
S00113085,54,52,2,0,2
S00113086,36,34,2,0,2
S00113087,49,49,0,0,0
S00113088,72,69,3,0,3
S00113089,67,67,0,0,0
S00113090,34,34,0,0,0
S00113091,26,26,0,0,0
S00113092,43,41,2,0,2
S00113093,67,66,1,0,1
S00113094,65,63,2,0,2
S00113095,30,30,0,0,0
S00113096,43,42,1,0,1
S00113097,56,56,0,0,0
S00113098,21,21,0,0,0
S00113099,39,39,0,0,0
S00113100,27,27,0,0,0
S00113101,54,52,2,0,2
S00113102,61,60,1,0,1
S00113103,41,41,0,0,0
S00113104,56,56,0,0,0
S00113105,48,48,0,0,0
S00113106,45,45,0,0,0
S00113107,30,30,0,0,0
S00113108,35,35,0,0,0
S00113109,58,58,0,0,0
S00113110,36,35,1,0,1
S00113111,48,48,0,0,0
S00113112,71,70,1,0,1
S00113113,59,58,1,0,1
S00113114,56,56,0,0,0
S00113115,53,53,0,0,0
S00113116,28,28,0,0,0
S00113117,36,35,1,0,1
S00113118,52,43,9,5,4
S00113119,55,54,1,0,1
S00113120,24,24,0,0,0
S00113121,23,23,0,0,0
S00113122,32,32,0,0,0
S00113123,23,23,0,0,0
S00113124,68,66,2,0,2
S00113125,24,24,0,0,0
S00113126,37,37,0,0,0
S00113127,20,20,0,0,0
S00113128,65,65,0,0,0
S00113129,48,48,0,0,0
S00113130,84,84,0,0,0
S00113131,58,58,0,0,0
S00113132,35,34,1,0,1
S00113133,35,35,0,0,0
S00113134,48,48,0,0,0
S00113135,76,76,0,0,0
S00113136,39,39,0,0,0
S00113137,74,73,1,1,0
S00113138,45,45,0,0,0
S00113139,37,35,2,1,1
S00113140,66,66,0,0,0
S00113141,63,62,1,0,1
S00113142,53,51,2,0,2
S00113143,50,48,2,0,2
S00113144,59,58,1,1,0
S00113145,41,41,0,0,0
S00113146,51,49,2,0,2
S00113147,52,52,0,0,0
S00113148,61,59,2,2,0
S00113149,43,43,0,0,0
S00113150,36,36,0,0,0
S00113151,44,42,2,0,2
S00113152,53,52,1,0,1
S00113153,55,54,1,0,1
S00113154,35,33,2,0,2
S00113155,66,62,4,0,4
S00113156,63,63,0,0,0
S00113157,56,52,4,0,4
S00113158,55,51,4,0,4
S00113159,45,44,1,0,1
S00113160,60,56,4,1,3
S00113161,69,67,2,0,2
S00113162,68,67,1,1,0
S00113163,63,61,2,0,2
S00113164,60,57,3,0,3
S00113165,49,48,1,0,1
S00113166,41,41,0,0,0
S00113167,59,57,2,0,2
S00113168,57,55,2,0,2
S00113169,59,55,4,0,4
S00113170,78,72,6,0,6
S00113171,65,60,5,0,5
S00113172,83,76,7,0,7
S00113173,75,71,4,0,4
S00113174,22,21,1,0,1
S00113175,77,77,0,0,0
S00113176,81,81,0,0,0
S00113177,72,70,2,0,2
S00113178,60,60,0,0,0
S00113179,50,50,0,0,0
S00113180,61,60,1,0,1
S00113181,37,37,0,0,0
S00113182,70,69,1,0,1
S00113183,44,44,0,0,0
S00113184,32,32,0,0,0
S00113185,54,53,1,0,1
S00113186,38,37,1,0,1
S00113187,56,54,2,0,2
S00113188,58,57,1,0,1
S00113189,49,48,1,0,1
S00113190,72,72,0,0,0
S00113191,26,25,1,0,1
S00113192,60,54,6,1,5
S00113193,67,66,1,0,1
S00113194,39,39,0,0,0
S00113195,42,42,0,0,0
S00113196,44,44,0,0,0
S00113197,43,41,2,0,2
S00113198,37,37,0,0,0
S00113199,61,61,0,0,0
S00113200,69,69,0,0,0
S00113201,40,40,0,0,0
S00113202,38,38,0,0,0
S00113203,39,39,0,0,0
S00113204,64,64,0,0,0
S00113205,45,45,0,0,0
S00113206,60,58,2,1,1
S00113207,33,31,2,1,1
S00113208,51,51,0,0,0
S00113209,47,45,2,0,2
S00113210,71,67,4,0,4
S00113211,42,41,1,0,1
S00113212,40,37,3,0,3
S00113213,40,39,1,0,1
S00113214,71,71,0,0,0
S00113215,53,50,3,0,3
S00113216,40,39,1,0,1
S00113217,64,62,2,0,2
S00113218,49,48,1,0,1
S00113219,45,45,0,0,0
S00113220,47,46,1,0,1
S00113221,50,49,1,0,1
S00113222,64,63,1,1,0
S00113223,49,48,1,0,1
S00113224,71,67,4,0,4
S00113225,65,62,3,0,3
S00113226,42,39,3,0,3
S00113227,47,46,1,0,1
S00113228,47,46,1,0,1
S00113229,64,63,1,0,1
S00113230,72,68,4,0,4
S00113231,72,70,2,0,2
S00113232,66,63,3,0,3
S00113233,52,51,1,0,1
S00113234,62,60,2,0,2
S00113235,76,73,3,0,3
S00113236,70,69,1,0,1
S00113237,27,27,0,0,0
S00113238,37,36,1,0,1
S00113239,63,63,0,0,0
S00113240,48,48,0,0,0
S00113241,44,42,2,0,2
S00113242,66,64,2,0,2
S00113243,56,56,0,0,0
S00113244,76,72,4,0,4
S00113245,56,54,2,0,2
S00113246,57,55,2,0,2
S00113247,42,42,0,0,0
S00113248,56,56,0,0,0
S00113249,61,61,0,0,0
S00113250,51,50,1,0,1
S00113251,57,57,0,0,0
S00113252,51,51,0,0,0
S00113253,38,38,0,0,0
S00113254,55,55,0,0,0
S00113255,52,51,1,1,0
S00113256,80,79,1,0,1
S00113257,60,60,0,0,0
S00113258,62,61,1,0,1
S00113259,43,43,0,0,0
S00113260,39,39,0,0,0
S00113261,80,80,0,0,0
S00113262,41,41,0,0,0
S00113263,45,45,0,0,0
S00113264,34,34,0,0,0
S00113265,42,41,1,0,1
S00113266,45,45,0,0,0
S00113267,45,44,1,0,1
S00113268,75,75,0,0,0
S00113269,65,64,1,0,1
S00113270,57,57,0,0,0
S00113271,64,64,0,0,0
S00113272,65,65,0,0,0
S00113273,43,43,0,0,0
S00113274,34,32,2,0,2
S00113275,62,62,0,0,0
S00113276,60,60,0,0,0
S00113277,34,34,0,0,0
S00113278,56,56,0,0,0
S00113279,68,68,0,0,0
S00113280,69,66,3,0,3
S00113281,77,76,1,0,1
S00113282,34,33,1,0,1
S00113283,57,56,1,0,1
S00113284,44,44,0,0,0
S00113285,53,53,0,0,0
S00113286,34,34,0,0,0
S00113287,49,48,1,0,1
S00113288,68,67,1,0,1
S00113289,49,49,0,0,0
S00113290,69,69,0,0,0
S00113291,33,33,0,0,0
S00113292,66,66,0,0,0
S00113293,68,68,0,0,0
S00113294,48,48,0,0,0
S00113295,48,45,3,0,3
S00113296,67,63,4,0,4
S00113297,67,66,1,0,1
S00113298,56,54,2,0,2
S00113299,57,56,1,0,1
S00113300,47,45,2,0,2
S00113301,52,51,1,0,1
S00113302,49,48,1,0,1
S00113303,48,48,0,0,0
S00113304,40,40,0,0,0
S00113305,35,35,0,0,0
S00113306,55,51,4,1,3
S00113307,70,68,2,0,2
S00113308,71,68,3,0,3
S00113309,59,59,0,0,0
S00113310,60,58,2,0,2
S00113311,85,85,0,0,0
S00113312,68,68,0,0,0
S00113313,48,47,1,0,1
S00113314,43,41,2,0,2
S00113315,44,44,0,0,0
S00113316,62,57,5,0,5
S00113317,87,86,1,0,1
S00113318,51,51,0,0,0
S00113319,60,58,2,0,2
S00113320,89,86,3,0,3
S00113321,61,57,4,0,4
S00113322,59,57,2,0,2
S00113323,45,44,1,0,1
S00113324,49,46,3,0,3
S00113325,59,58,1,0,1
S00113326,59,59,0,0,0
S00113327,48,44,4,0,4
S00113328,82,77,5,0,5
S00113329,68,58,10,0,10
S00113330,57,57,0,0,0
S00113331,44,44,0,0,0
S00113332,39,39,0,0,0
S00113333,76,74,2,0,2
S00113334,39,39,0,0,0
S00113335,55,54,1,0,1
S00113336,68,66,2,0,2
S00113337,57,57,0,0,0
S00113338,56,56,0,0,0
S00113339,45,45,0,0,0
S00113340,67,67,0,0,0
S00113341,27,27,0,0,0
S00113342,25,22,3,0,3
S00113343,26,25,1,0,1
S00113344,52,52,0,0,0
S00113345,57,57,0,0,0
S00113346,58,58,0,0,0
S00113347,53,53,0,0,0
S00113348,54,54,0,0,0
S00113349,75,74,1,0,1
S00113350,55,55,0,0,0
S00113351,65,65,0,0,0
S00113352,44,44,0,0,0
S00113353,77,73,4,0,4
S00113354,88,84,4,0,4
S00113355,26,25,1,0,1
S00113356,55,55,0,0,0
S00113357,73,70,3,0,3
S00113358,63,63,0,0,0
S00113359,62,62,0,0,0
S00113360,75,75,0,0,0
S00113361,64,64,0,0,0
S00113362,33,33,0,0,0
S00113363,64,63,1,0,1
S00113364,40,40,0,0,0
S00113365,39,39,0,0,0
S00113366,56,56,0,0,0
S00113367,59,58,1,0,1
S00113368,67,67,0,0,0
S00113369,55,54,1,1,0
S00113370,58,58,0,0,0
S00113371,68,67,1,0,1
S00113372,67,67,0,0,0
S00113373,30,30,0,0,0
S00113374,46,46,0,0,0
S00113375,60,60,0,0,0
S00113376,41,41,0,0,0
S00113377,48,48,0,0,0
S00113378,38,38,0,0,0
S00113379,32,32,0,0,0
S00113380,30,30,0,0,0
S00113381,67,67,0,0,0
S00113382,42,41,1,0,1
S00113383,40,38,2,0,2
S00113384,64,63,1,0,1
S00113385,76,76,0,0,0
S00113386,73,73,0,0,0
S00113387,79,79,0,0,0
S00113388,65,65,0,0,0
S00113389,52,52,0,0,0
S00113390,42,41,1,0,1
S00113391,51,51,0,0,0
S00113392,59,59,0,0,0
S00113393,65,63,2,0,2
S00113394,51,48,3,1,2
S00113395,38,37,1,0,1
S00113396,58,56,2,0,2
S00113397,50,49,1,0,1
S00113398,56,55,1,0,1
S00113399,62,60,2,0,2
S00113400,58,58,0,0,0
S00113401,59,59,0,0,0
S00113402,54,54,0,0,0
S00113403,49,49,0,0,0
S00113404,58,58,0,0,0
S00113405,71,71,0,0,0
S00113406,60,59,1,1,0
S00113407,42,40,2,0,2
S00113408,57,57,0,0,0
S00113409,52,50,2,0,2
S00113410,51,50,1,0,1
S00113411,47,47,0,0,0
S00113412,41,41,0,0,0
S00113413,59,58,1,0,1
S00113414,43,43,0,0,0
S00113415,43,43,0,0,0
S00113416,42,41,1,0,1
S00113417,58,58,0,0,0
S00113418,61,57,4,0,4
S00113419,33,33,0,0,0
S00113420,49,49,0,0,0
S00113421,48,48,0,0,0
S00113422,30,30,0,0,0
S00113423,60,60,0,0,0
S00113424,55,55,0,0,0
S00113425,71,71,0,0,0
S00113426,44,43,1,0,1
S00113427,43,42,1,0,1
S00113428,43,43,0,0,0
S00113429,49,45,4,0,4
S00113430,49,47,2,0,2
S00113431,73,73,0,0,0
S00113432,62,60,2,0,2
S00113433,51,50,1,0,1
S00113434,40,40,0,0,0
S00113435,43,43,0,0,0
S00113436,44,44,0,0,0
S00113437,48,48,0,0,0
S00113438,76,75,1,0,1
S00113439,44,44,0,0,0
S00113440,45,44,1,0,1
S00113441,30,30,0,0,0
S00113442,71,71,0,0,0
S00113443,68,68,0,0,0
S00113444,48,48,0,0,0
S00113445,41,40,1,0,1
S00113446,26,26,0,0,0
S00113447,69,69,0,0,0
S00113448,58,57,1,0,1
S00113449,50,50,0,0,0
S00113450,74,68,6,1,5
S00113451,64,62,2,0,2
S00113452,35,35,0,0,0
S00113453,60,59,1,0,1
S00113454,41,41,0,0,0
S00113455,40,39,1,0,1
S00113456,56,55,1,0,1
S00113457,44,44,0,0,0
S00113458,42,42,0,0,0
S00113459,42,41,1,0,1
S00113460,69,67,2,0,2
S00113461,50,48,2,0,2
S00113462,57,56,1,0,1
S00113463,58,58,0,0,0
S00113464,42,42,0,0,0
S00113465,59,59,0,0,0
S00113466,60,60,0,0,0
S00113467,56,56,0,0,0
S00113468,25,25,0,0,0
S00113469,65,65,0,0,0
S00113470,77,77,0,0,0
S00113471,65,65,0,0,0
S00113472,42,41,1,0,1
S00113473,27,27,0,0,0
S00113474,66,66,0,0,0
S00113475,48,47,1,0,1
S00113476,49,49,0,0,0
S00113477,44,44,0,0,0
S00113478,53,53,0,0,0
S00113479,49,47,2,0,2
S00113480,60,59,1,0,1
S00113481,66,64,2,0,2
S00113482,36,36,0,0,0
S00113483,64,63,1,0,1
S00113484,53,53,0,0,0
S00113485,37,36,1,0,1
S00113486,38,37,1,0,1
S00113487,56,53,3,0,3
S00113488,58,57,1,0,1
S00113489,45,44,1,0,1
S00113490,41,41,0,0,0
S00113491,54,53,1,0,1
S00113492,58,55,3,0,3
S00113493,64,63,1,1,0
S00113494,66,66,0,0,0
S00113495,66,66,0,0,0
S00113496,48,48,0,0,0
S00113497,64,63,1,0,1
S00113498,55,55,0,0,0
S00113499,54,53,1,0,1
S00113500,24,24,0,0,0
S00113501,56,55,1,0,1
S00113502,53,53,0,0,0
S00113503,47,47,0,0,0
S00113504,61,61,0,0,0
S00113505,72,72,0,0,0
S00113506,41,41,0,0,0
S00113507,65,65,0,0,0
S00113508,67,67,0,0,0
S00113509,37,37,0,0,0
S00113510,67,67,0,0,0
S00113511,63,63,0,0,0
S00113512,79,78,1,0,1
S00113513,67,67,0,0,0
S00113514,36,36,0,0,0
S00113515,43,43,0,0,0
S00113516,50,50,0,0,0
S00113517,54,54,0,0,0
S00113518,60,59,1,0,1
S00113519,39,39,0,0,0
S00113520,32,32,0,0,0
S00113521,44,44,0,0,0
S00113522,52,51,1,0,1
S00113523,69,69,0,0,0
S00113524,52,52,0,0,0
S00113525,50,50,0,0,0
S00113526,51,48,3,0,3
S00113527,42,42,0,0,0
S00113528,69,67,2,0,2
S00113529,66,65,1,0,1
S00113530,43,43,0,0,0
S00113531,73,69,4,0,4
S00113532,51,47,4,0,4
S00113533,71,70,1,0,1
S00113534,56,53,3,0,3
S00113535,56,55,1,0,1
S00113536,59,58,1,0,1
S00113537,48,48,0,0,0
S00113538,61,61,0,0,0
S00113539,71,71,0,0,0
S00113540,57,51,6,0,6
S00113541,46,46,0,0,0
S00113542,91,91,0,0,0
S00113543,51,51,0,0,0
S00113544,45,45,0,0,0
S00113545,57,56,1,0,1
S00113546,53,53,0,0,0
S00113547,60,59,1,0,1
S00113548,77,77,0,0,0
S00113549,73,73,0,0,0
S00113550,54,54,0,0,0
S00113551,36,36,0,0,0
S00113552,47,47,0,0,0
S00113553,65,64,1,0,1
S00113554,41,40,1,0,1
S00113555,77,76,1,0,1
S00113556,48,48,0,0,0
S00113557,56,55,1,0,1
S00113558,45,44,1,0,1
S00113559,76,75,1,0,1
S00113560,72,72,0,0,0
S00113561,32,32,0,0,0
S00113562,48,48,0,0,0
S00113563,58,58,0,0,0
S00113564,56,56,0,0,0
S00113565,30,30,0,0,0
S00113566,45,45,0,0,0
S00113567,65,64,1,0,1
S00113568,68,68,0,0,0
S00113569,58,58,0,0,0
S00113570,55,55,0,0,0
S00113571,64,63,1,0,1
S00113572,75,73,2,0,2
S00113573,59,57,2,0,2
S00113574,70,70,0,0,0
S00113575,61,60,1,0,1
S00113576,43,40,3,0,3
S00113577,40,40,0,0,0
S00113578,28,28,0,0,0
S00113579,67,67,0,0,0
S00113580,68,67,1,0,1
S00113581,58,55,3,0,3
S00113582,49,49,0,0,0
S00113583,46,45,1,0,1
S00113584,40,40,0,0,0
S00113585,41,41,0,0,0
S00113586,68,66,2,0,2
S00113587,67,65,2,0,2
S00113588,68,67,1,0,1
S00113589,73,71,2,1,1
S00113590,58,58,0,0,0
S00113591,54,54,0,0,0
S00113592,69,69,0,0,0
S00113593,65,63,2,0,2
S00113594,80,78,2,0,2
S00113595,62,61,1,0,1
S00113596,47,46,1,0,1
S00113597,49,49,0,0,0
S00113598,54,52,2,0,2
S00113599,61,56,5,0,5
S00113600,32,30,2,0,2
S00113601,55,49,6,0,6
S00113602,26,25,1,0,1
S00113603,77,71,6,1,5
S00113604,51,49,2,0,2
S00113605,77,77,0,0,0
S00113606,65,64,1,0,1
S00113607,49,49,0,0,0
S00113608,49,45,4,0,4
S00113609,89,85,4,0,4
S00113610,48,47,1,0,1
S00113611,39,39,0,0,0
S00113612,54,53,1,0,1
S00113613,45,45,0,0,0
S00113614,49,49,0,0,0
S00113615,52,52,0,0,0
S00113616,41,41,0,0,0
S00113617,41,41,0,0,0
S00113618,58,57,1,0,1
S00113619,46,46,0,0,0
S00113620,38,38,0,0,0
S00113621,63,62,1,0,1
S00113622,74,73,1,0,1
S00113623,53,52,1,0,1
S00113624,43,42,1,0,1
S00113625,58,58,0,0,0
S00113626,45,44,1,0,1
S00113627,48,48,0,0,0
S00113628,47,47,0,0,0
S00113629,59,59,0,0,0
S00113630,50,48,2,0,2
S00113631,54,54,0,0,0
S00113632,53,53,0,0,0
S00113633,69,69,0,0,0
S00113634,35,35,0,0,0
S00113635,57,56,1,0,1
S00113636,62,61,1,0,1
S00113637,52,52,0,0,0
S00113638,43,42,1,0,1
S00113639,75,74,1,0,1
S00113640,48,48,0,0,0
S00113641,55,55,0,0,0
S00113642,53,53,0,0,0
S00113643,47,47,0,0,0
S00113644,69,65,4,0,4
S00113645,52,51,1,0,1
S00113646,41,41,0,0,0
S00113647,63,63,0,0,0
S00113648,52,52,0,0,0
S00113649,58,58,0,0,0
S00113650,44,44,0,0,0
S00113651,44,43,1,0,1
S00113652,57,57,0,0,0
S00113653,53,53,0,0,0
S00113654,72,71,1,0,1
S00113655,176,62,114,0,114
S00113656,68,68,0,0,0
S00113657,40,40,0,0,0
S00113658,36,35,1,0,1
S00113659,61,59,2,0,2
S00113660,63,62,1,0,1
S00113661,76,76,0,0,0
S00113662,45,45,0,0,0
S00113663,62,51,11,0,11
S00113664,57,56,1,1,0
S00113665,47,47,0,0,0
S00113666,65,65,0,0,0
S00113667,40,40,0,0,0
S00113668,42,42,0,0,0
S00113669,61,61,0,0,0
S00113670,51,50,1,0,1
S00113671,74,74,0,0,0
S00113672,65,65,0,0,0
S00113673,59,56,3,0,3
S00113674,38,38,0,0,0
S00113675,76,75,1,0,1
S00113676,69,69,0,0,0
S00113677,41,41,0,0,0
S00113678,52,52,0,0,0
S00113679,59,59,0,0,0
S00113680,43,43,0,0,0
S00113681,43,42,1,0,1
S00113682,41,41,0,0,0
S00113683,76,69,7,0,7
S00113684,59,58,1,0,1
S00113685,62,62,0,0,0
S00113686,59,53,6,1,5
S00113687,21,20,1,0,1
S00113688,41,41,0,0,0
S00113689,73,72,1,0,1
S00113690,42,42,0,0,0
S00113691,42,41,1,1,0
S00113692,60,59,1,0,1
S00113693,56,54,2,0,2
S00113694,67,67,0,0,0
S00113695,45,45,0,0,0
S00113696,35,34,1,0,1
S00113697,63,61,2,0,2
S00113698,58,57,1,0,1
S00113699,50,50,0,0,0
S00113700,47,46,1,0,1
S00113701,63,59,4,0,4
S00113702,55,54,1,0,1
S00113703,60,59,1,0,1
S00113704,48,46,2,0,2
S00113705,48,47,1,0,1
S00113706,51,51,0,0,0
S00113707,49,49,0,0,0
S00113708,59,56,3,0,3
S00113709,65,65,0,0,0
S00113710,53,52,1,0,1
S00113711,53,53,0,0,0
S00113712,50,48,2,0,2
S00113713,80,80,0,0,0
S00113714,49,46,3,0,3
S00113715,41,38,3,0,3
S00113716,53,53,0,0,0
S00113717,55,52,3,0,3
S00113718,29,29,0,0,0
S00113719,76,73,3,0,3
S00113720,52,52,0,0,0
S00113721,58,58,0,0,0
S00113722,56,51,5,2,3
S00113723,68,68,0,0,0
S00113724,64,56,8,0,8
S00113725,50,50,0,0,0
S00113726,54,53,1,0,1
S00113727,54,54,0,0,0
S00113728,56,53,3,0,3
S00113729,85,79,6,0,6
S00113730,52,52,0,0,0
S00113731,36,35,1,0,1
S00113732,48,48,0,0,0
S00113733,58,55,3,0,3
S00113734,82,77,5,0,5
S00113735,59,56,3,0,3
S00113736,73,71,2,0,2
S00113737,79,79,0,0,0
S00113738,54,54,0,0,0
S00113739,39,39,0,0,0
S00113740,78,77,1,0,1
S00113741,70,68,2,0,2
S00113742,55,47,8,0,8
S00113743,78,76,2,1,1
S00113744,82,77,5,0,5
S00113745,75,72,3,0,3
S00113746,75,75,0,0,0
S00113747,40,40,0,0,0
S00113748,75,74,1,0,1
S00113749,55,55,0,0,0
S00113750,65,64,1,0,1
S00113751,41,37,4,0,4
S00113752,74,73,1,0,1
S00113753,50,50,0,0,0
S00113754,59,57,2,0,2
S00113755,32,32,0,0,0
S00113756,68,67,1,0,1
S00113757,39,37,2,0,2
S00113758,51,51,0,0,0
S00113759,94,94,0,0,0
S00113760,49,48,1,0,1
S00113761,48,48,0,0,0
S00113762,69,69,0,0,0
S00113763,40,40,0,0,0
S00113764,76,74,2,0,2
S00113765,78,76,2,0,2
S00113766,68,67,1,0,1
S00113767,91,50,41,0,41
S00113768,43,43,0,0,0
S00113769,60,58,2,0,2
S00113770,77,77,0,0,0
S00113771,60,59,1,0,1
S00113772,44,44,0,0,0
S00113773,41,41,0,0,0
S00113774,71,70,1,0,1
S00113775,47,44,3,0,3
S00113776,49,49,0,0,0
S00113777,23,23,0,0,0
S00113778,31,31,0,0,0
S00113779,46,45,1,0,1
S00113780,49,49,0,0,0
S00113781,39,36,3,0,3
S00113782,50,48,2,0,2
S00113783,79,79,0,0,0
S00113784,29,29,0,0,0
S00113785,55,55,0,0,0
S00113786,41,41,0,0,0
S00113787,79,66,13,0,13
S00113788,55,54,1,0,1
S00113789,30,30,0,0,0
S00113790,71,69,2,0,2
S00113791,56,56,0,0,0
S00113792,26,26,0,0,0
S00113793,60,60,0,0,0
S00113794,52,50,2,0,2
S00113795,53,52,1,0,1
S00113796,46,45,1,0,1
S00113797,51,49,2,0,2
S00113798,70,70,0,0,0
S00113799,47,47,0,0,0
S00113800,41,41,0,0,0
S00113801,40,36,4,0,4
S00113802,41,40,1,0,1
S00113803,53,53,0,0,0
S00113804,48,46,2,0,2
S00113805,41,39,2,0,2
S00113806,60,60,0,0,0
S00113807,61,59,2,0,2
S00113808,67,64,3,0,3
S00113809,62,62,0,0,0
S00113810,42,42,0,0,0
S00113811,43,43,0,0,0
S00113812,68,67,1,0,1
S00113813,46,46,0,0,0
S00113814,44,44,0,0,0
S00113815,40,39,1,0,1
S00113816,73,72,1,0,1
S00113817,53,53,0,0,0
S00113818,72,71,1,0,1
S00113819,55,52,3,0,3
S00113820,31,31,0,0,0
S00113821,45,45,0,0,0
S00113822,69,69,0,0,0
S00113823,75,66,9,0,9
S00113824,75,69,6,1,5
S00113825,55,54,1,0,1
S00113826,66,64,2,0,2
S00113827,48,48,0,0,0
S00113828,47,46,1,0,1
S00113829,40,40,0,0,0
S00113830,48,48,0,0,0
S00113831,56,56,0,0,0
S00113832,58,58,0,0,0
S00113833,41,41,0,0,0
S00113834,52,52,0,0,0
S00113835,37,33,4,0,4
S00113836,45,43,2,0,2
S00113837,40,40,0,0,0
S00113838,71,67,4,0,4
S00113839,76,59,17,0,17
S00113840,39,33,6,1,5
S00113841,69,58,11,0,11
S00113842,61,44,17,0,17
S00113843,67,56,11,0,11
S00113844,68,58,10,0,10
S00113845,70,54,16,0,16
S00113846,68,60,8,0,8
S00113847,57,48,9,0,9
S00113848,45,45,0,0,0
S00113849,50,47,3,0,3
S00113850,45,44,1,0,1
S00113851,43,33,10,0,10
S00113852,52,51,1,0,1
S00113853,40,36,4,0,4
S00113854,65,65,0,0,0
S00113855,46,46,0,0,0
S00113856,47,47,0,0,0
S00113857,36,35,1,0,1
S00113858,47,45,2,0,2
S00113859,59,57,2,0,2
S00113860,39,38,1,0,1
S00113861,32,32,0,0,0
S00113862,74,74,0,0,0
S00113863,77,76,1,0,1
S00113864,60,59,1,0,1
S00113865,53,52,1,0,1
S00113866,75,73,2,0,2
S00113867,58,57,1,0,1
S00113868,47,47,0,0,0
S00113869,73,73,0,0,0
S00113870,60,60,0,0,0
S00113871,69,69,0,0,0
S00113872,64,62,2,0,2
S00113873,43,36,7,0,7
S00113874,36,36,0,0,0
S00113875,48,46,2,0,2
S00113876,47,47,0,0,0
S00113877,23,23,0,0,0
S00113878,77,72,5,0,5
S00113879,53,53,0,0,0
S00113880,64,63,1,0,1
S00113881,43,43,0,0,0
S00113882,56,56,0,0,0
S00113883,42,42,0,0,0
S00113884,42,41,1,0,1
S00113885,50,49,1,0,1
S00113886,48,47,1,0,1
S00113887,55,53,2,0,2
S00113888,43,43,0,0,0
S00113889,54,54,0,0,0
S00113890,49,48,1,0,1
S00113891,47,47,0,0,0
S00113892,32,31,1,0,1
S00113893,56,56,0,0,0
S00113894,48,48,0,0,0
S00113895,78,76,2,0,2
S00113896,35,35,0,0,0
S00113897,71,70,1,0,1
S00113898,42,42,0,0,0
S00113899,46,46,0,0,0
S00113900,39,38,1,0,1
S00113901,50,50,0,0,0
S00113902,33,33,0,0,0
S00113903,58,57,1,0,1
S00113904,43,43,0,0,0
S00113905,49,49,0,0,0
S00113906,66,64,2,0,2
S00113907,34,34,0,0,0
S00113908,64,59,5,0,5
S00113909,31,31,0,0,0
S00113910,36,34,2,0,2
S00113911,32,32,0,0,0
S00113912,43,43,0,0,0
S00113913,53,49,4,0,4
S00113914,61,60,1,0,1
S00113915,60,59,1,0,1
S00113916,47,47,0,0,0
S00113917,62,62,0,0,0
S00113918,66,66,0,0,0
S00113919,40,38,2,0,2
S00113920,60,56,4,0,4
S00113921,52,44,8,0,8
S00113922,40,37,3,0,3
S00113923,45,45,0,0,0
S00113924,52,49,3,1,2
S00113925,41,40,1,0,1
S00113926,76,66,10,0,10
S00113927,62,57,5,0,5
S00113928,63,63,0,0,0
S00113929,49,49,0,0,0
S00113930,43,43,0,0,0
S00113931,74,74,0,0,0
S00113932,70,70,0,0,0
S00113933,53,52,1,0,1
S00113934,49,47,2,0,2
S00113935,47,46,1,0,1
S00113936,61,60,1,0,1
S00113937,56,56,0,0,0
S00113938,49,46,3,0,3
S00113939,36,35,1,0,1
S00113940,71,70,1,0,1
S00113941,67,67,0,0,0
S00113942,62,60,2,0,2
S00113943,49,48,1,0,1
S00113944,57,56,1,0,1
S00113945,48,46,2,0,2
S00113946,55,52,3,0,3
S00113947,56,56,0,0,0
S00113948,57,53,4,0,4
S00113949,50,50,0,0,0
S00113950,49,48,1,0,1
S00113951,49,49,0,0,0
S00113952,50,49,1,1,0
S00113953,51,51,0,0,0
S00113954,45,40,5,0,5
S00113955,43,41,2,0,2
S00113956,61,59,2,0,2
S00113957,54,54,0,0,0
S00113958,78,69,9,0,9
S00113959,60,55,5,0,5
S00113960,33,33,0,0,0
S00113961,76,76,0,0,0
S00113962,58,55,3,0,3
S00113963,67,67,0,0,0
S00113964,70,70,0,0,0
S00113965,73,73,0,0,0
S00113966,66,65,1,0,1
S00113967,70,70,0,0,0
S00113968,67,67,0,0,0
S00113969,60,59,1,0,1
S00113970,63,62,1,0,1
S00113971,67,67,0,0,0
S00113972,41,41,0,0,0
S00113973,85,73,12,0,12
S00113974,72,72,0,0,0
S00113975,56,56,0,0,0
S00113976,46,46,0,0,0
S00113977,46,45,1,0,1
S00113978,77,77,0,0,0
S00113979,52,52,0,0,0
S00113980,75,74,1,0,1
S00113981,55,55,0,0,0
S00113982,51,49,2,0,2
S00113983,55,53,2,0,2
S00113984,66,66,0,0,0
S00113985,56,55,1,0,1
S00113986,47,46,1,0,1
S00113987,48,48,0,0,0
S00113988,46,46,0,0,0
S00113989,42,41,1,0,1
S00113990,49,46,3,0,3
S00113991,45,43,2,0,2
S00113992,43,43,0,0,0
S00113993,40,40,0,0,0
S00113994,73,71,2,0,2
S00113995,40,39,1,0,1
S00113996,59,54,5,0,5
S00113997,40,40,0,0,0
S00113998,47,47,0,0,0
S00113999,50,48,2,0,2
S00114000,50,47,3,0,3
S00114001,48,47,1,0,1
S00114002,41,41,0,0,0
S00114003,46,46,0,0,0
S00114004,50,50,0,0,0
S00114005,58,58,0,0,0
S00114006,63,60,3,0,3
S00114007,42,41,1,0,1
S00114008,46,45,1,0,1
S00114009,78,76,2,0,2
S00114010,39,38,1,0,1
S00114011,68,67,1,0,1
S00114012,61,58,3,0,3
S00114013,54,53,1,0,1
S00114014,39,37,2,0,2
S00114015,68,66,2,0,2
S00114016,77,76,1,0,1
S00114017,69,69,0,0,0
S00114018,36,34,2,0,2
S00114019,30,30,0,0,0
S00114020,59,58,1,0,1
S00114021,50,49,1,0,1
S00114022,40,40,0,0,0
S00114023,27,25,2,0,2
S00114024,23,22,1,0,1
S00114025,53,52,1,0,1
S00114026,64,64,0,0,0
S00114027,59,56,3,0,3
S00114028,64,61,3,0,3
S00114029,47,46,1,0,1
S00114030,53,51,2,0,2
S00114031,43,41,2,0,2
S00114032,45,42,3,0,3
S00114033,47,46,1,0,1
S00114034,32,32,0,0,0
S00114035,58,57,1,0,1
S00114036,42,42,0,0,0
S00114037,60,58,2,0,2
S00114038,65,64,1,0,1
S00114039,57,57,0,0,0
S00114040,49,48,1,0,1
S00114041,46,45,1,0,1
S00114042,89,87,2,0,2
S00114043,79,78,1,0,1
S00114044,52,52,0,0,0
S00114045,73,72,1,0,1
S00114046,78,75,3,0,3
S00114047,28,28,0,0,0
S00114048,51,51,0,0,0
S00114049,27,27,0,0,0
S00114050,76,75,1,0,1
S00114051,59,59,0,0,0
S00114052,42,42,0,0,0
S00114053,51,51,0,0,0
S00114054,45,45,0,0,0
S00114055,57,57,0,0,0
S00114056,50,50,0,0,0
S00114057,41,41,0,0,0
S00114058,67,66,1,0,1
S00114059,34,34,0,0,0
S00114060,32,31,1,0,1
S00114061,43,42,1,0,1
S00114062,40,39,1,0,1
S00114063,45,44,1,0,1
S00114064,44,44,0,0,0
S00114065,54,52,2,0,2
S00114066,65,65,0,0,0
S00114067,45,45,0,0,0
S00114068,56,55,1,0,1
S00114069,47,47,0,0,0
S00114070,45,45,0,0,0
S00114071,74,73,1,0,1
S00114072,66,66,0,0,0
S00114073,70,68,2,0,2
S00114074,47,47,0,0,0
S00114075,78,76,2,0,2
S00114076,27,27,0,0,0
S00114077,62,62,0,0,0
S00114078,57,56,1,0,1
S00114079,50,50,0,0,0
S00114080,52,51,1,0,1
S00114081,53,52,1,0,1
S00114082,45,45,0,0,0
S00114083,66,64,2,0,2
S00114084,58,57,1,0,1
S00114085,61,61,0,0,0
S00114086,62,62,0,0,0
S00114087,35,33,2,0,2
S00114088,63,59,4,0,4
S00114089,65,64,1,0,1
S00114090,53,53,0,0,0
S00114091,49,49,0,0,0
S00114092,74,53,21,0,21
S00114093,75,74,1,0,1
S00114094,60,60,0,0,0
S00114095,37,35,2,0,2
S00114096,56,56,0,0,0
S00114097,42,42,0,0,0
S00114098,26,26,0,0,0
S00114099,61,61,0,0,0
S00114100,38,37,1,0,1
S00114101,41,41,0,0,0
S00114102,48,47,1,0,1
S00114103,46,46,0,0,0
S00114104,49,49,0,0,0
S00114105,43,43,0,0,0
S00114106,53,52,1,1,0
S00114107,65,64,1,0,1
S00114108,60,59,1,0,1
S00114109,71,70,1,0,1
S00114110,34,34,0,0,0
S00114111,46,46,0,0,0
S00114112,52,51,1,1,0
S00114113,67,63,4,4,0
S00114114,56,56,0,0,0
S00114115,57,54,3,3,0
S00114116,73,72,1,0,1
S00114117,46,46,0,0,0
S00114118,44,44,0,0,0
S00114119,45,44,1,0,1
S00114120,46,45,1,0,1
S00114121,46,45,1,0,1
S00114122,61,61,0,0,0
S00114123,43,43,0,0,0
S00114124,36,36,0,0,0
S00114125,43,42,1,0,1
S00114126,74,70,4,0,4
S00114127,66,64,2,1,1
S00114128,58,57,1,0,1
S00114129,72,72,0,0,0
S00114130,73,73,0,0,0
S00114131,78,74,4,0,4
S00114132,67,67,0,0,0
S00114133,64,64,0,0,0
S00114134,56,55,1,0,1
S00114135,36,36,0,0,0
S00114136,54,54,0,0,0
S00114137,76,76,0,0,0
S00114138,49,49,0,0,0
S00114139,52,52,0,0,0
S00114140,48,46,2,0,2
S00114141,78,78,0,0,0
S00114142,48,48,0,0,0
S00114143,49,47,2,0,2
S00114144,28,28,0,0,0
S00114145,51,48,3,0,3
S00114146,48,46,2,0,2
S00114147,65,64,1,0,1
S00114148,60,58,2,0,2
S00114149,52,51,1,0,1
S00114150,45,43,2,0,2
S00114151,47,46,1,0,1
S00114152,64,63,1,0,1
S00114153,65,63,2,0,2
S00114154,43,40,3,0,3
S00114155,53,52,1,0,1
S00114156,48,47,1,0,1
S00114157,44,43,1,0,1
S00114158,44,43,1,0,1
S00114159,47,47,0,0,0
S00114160,49,49,0,0,0
S00114161,49,49,0,0,0
S00114162,46,45,1,0,1
S00114163,51,51,0,0,0
S00114164,50,49,1,0,1
S00114165,43,43,0,0,0
S00114166,40,39,1,0,1
S00114167,49,49,0,0,0
S00114168,66,65,1,0,1
S00114169,53,51,2,0,2
S00114170,47,47,0,0,0
S00114171,39,39,0,0,0
S00114172,40,40,0,0,0
S00114173,54,52,2,0,2
S00114174,52,43,9,0,9
S00114175,39,39,0,0,0
S00114176,69,69,0,0,0
S00114177,34,34,0,0,0
S00114178,50,49,1,1,0
S00114179,89,89,0,0,0
S00114180,43,41,2,0,2
S00114181,78,77,1,0,1
S00114182,24,24,0,0,0
S00114183,63,63,0,0,0
S00114184,54,53,1,0,1
S00114185,46,46,0,0,0
S00114186,27,25,2,0,2
S00114187,44,43,1,0,1
S00114188,38,37,1,0,1
S00114189,43,43,0,0,0
S00114190,48,48,0,0,0
S00114191,24,24,0,0,0
S00114192,29,29,0,0,0
S00114193,27,27,0,0,0
S00114194,57,57,0,0,0
S00114195,60,60,0,0,0
S00114196,50,50,0,0,0
S00114197,60,59,1,0,1
S00114198,40,40,0,0,0
S00114199,26,25,1,0,1
S00114200,36,33,3,0,3
S00114201,37,36,1,0,1
S00114202,29,25,4,0,4
S00114203,68,67,1,0,1
S00114204,39,39,0,0,0
S00114205,59,56,3,0,3
S00114206,28,27,1,0,1
S00114207,44,43,1,0,1
S00114208,53,52,1,0,1
S00114209,54,54,0,0,0
S00114210,30,30,0,0,0
S00114211,50,50,0,0,0
S00114212,35,35,0,0,0
S00114213,55,55,0,0,0
S00114214,47,47,0,0,0
S00114215,48,46,2,0,2
S00114216,40,40,0,0,0
S00114217,29,29,0,0,0
S00114218,71,70,1,0,1
S00114219,73,73,0,0,0
S00114220,30,30,0,0,0
S00114221,48,48,0,0,0
S00114222,46,46,0,0,0
S00114223,50,50,0,0,0
S00114224,68,68,0,0,0
S00114225,72,71,1,0,1
S00114226,49,48,1,0,1
S00114227,69,65,4,0,4
S00114228,61,61,0,0,0
S00114229,68,68,0,0,0
S00114230,45,45,0,0,0
S00114231,66,66,0,0,0
S00114232,38,35,3,0,3
S00114233,66,66,0,0,0
S00114234,47,47,0,0,0
S00114235,48,47,1,0,1
S00114236,55,54,1,0,1
S00114237,66,65,1,0,1
S00114238,45,45,0,0,0
S00114239,38,38,0,0,0
S00114240,66,65,1,1,0
S00114241,35,35,0,0,0
S00114242,77,76,1,0,1
S00114243,35,35,0,0,0
S00114244,108,108,0,0,0
S00114245,43,41,2,0,2
S00114246,78,77,1,0,1
S00114247,61,61,0,0,0
S00114248,42,42,0,0,0
S00114249,59,58,1,0,1
S00114250,64,64,0,0,0
S00114251,52,52,0,0,0
S00114252,42,41,1,0,1
S00114253,53,53,0,0,0
S00114254,42,41,1,0,1
S00114255,43,43,0,0,0
S00114256,83,83,0,0,0
S00114257,52,51,1,0,1
S00114258,73,71,2,0,2
S00114259,65,63,2,0,2
S00114260,60,60,0,0,0
S00114261,58,58,0,0,0
S00114262,33,33,0,0,0
S00114263,72,72,0,0,0
S00114264,42,42,0,0,0
S00114265,62,61,1,0,1
S00114266,55,55,0,0,0
S00114267,59,58,1,0,1
S00114268,63,61,2,0,2
S00114269,47,46,1,0,1
S00114270,64,63,1,0,1
S00114271,60,60,0,0,0
S00114272,42,41,1,0,1
S00114273,41,38,3,3,0
S00114274,72,72,0,0,0
S00114275,37,37,0,0,0
S00114276,65,65,0,0,0
S00114277,71,70,1,0,1
S00114278,58,58,0,0,0
S00114279,48,48,0,0,0
S00114280,55,54,1,0,1
S00114281,34,34,0,0,0
S00114282,37,37,0,0,0
S00114283,26,26,0,0,0
S00114284,31,31,0,0,0
S00114285,51,51,0,0,0
S00114286,31,30,1,0,1
S00114287,49,49,0,0,0
S00114288,61,61,0,0,0
S00114289,60,60,0,0,0
S00114290,78,77,1,0,1
S00114291,61,61,0,0,0
S00114292,60,59,1,0,1
S00114293,25,24,1,0,1
S00114294,35,35,0,0,0
S00114295,45,44,1,0,1
S00114296,35,34,1,0,1
S00114297,31,29,2,0,2
S00114298,46,45,1,0,1
S00114299,78,73,5,0,5
S00114300,53,52,1,0,1
S00114301,46,45,1,0,1
S00114302,35,35,0,0,0
S00114303,53,53,0,0,0
S00114304,31,31,0,0,0
S00114305,56,56,0,0,0
S00114306,61,59,2,0,2
S00114307,45,45,0,0,0
S00114308,36,36,0,0,0
S00114309,71,71,0,0,0
S00114310,54,52,2,0,2
S00114311,66,60,6,0,6
S00114312,68,67,1,0,1
S00114313,38,38,0,0,0
S00114314,34,31,3,0,3
S00114315,66,65,1,0,1
S00114316,60,59,1,0,1
S00114317,65,65,0,0,0
S00114318,55,55,0,0,0
S00114319,65,64,1,0,1
S00114320,54,54,0,0,0
S00114321,69,68,1,0,1
S00114322,56,56,0,0,0
S00114323,45,42,3,0,3
S00114324,51,46,5,0,5
S00114325,52,50,2,0,2
S00114326,55,54,1,0,1
S00114327,60,59,1,0,1
S00114328,39,38,1,0,1
S00114329,54,52,2,0,2
S00114330,50,49,1,0,1
S00114331,46,44,2,1,1
S00114332,54,54,0,0,0
S00114333,48,46,2,0,2
S00114334,28,28,0,0,0
S00114335,49,49,0,0,0
S00114336,74,74,0,0,0
S00114337,35,34,1,0,1
S00114338,65,63,2,0,2
S00114339,60,60,0,0,0
S00114340,37,37,0,0,0
S00114341,57,55,2,0,2
S00114342,62,59,3,0,3
S00114343,56,55,1,0,1
S00114344,74,74,0,0,0
S00114345,41,38,3,0,3
S00114346,57,57,0,0,0
S00114347,43,41,2,0,2
S00114348,55,55,0,0,0
S00114349,59,57,2,0,2
S00114350,52,52,0,0,0
S00114351,33,30,3,0,3
S00114352,42,42,0,0,0
S00114353,55,54,1,0,1
S00114354,81,72,9,2,7
S00114355,67,66,1,0,1
S00114356,81,75,6,0,6
S00114357,51,50,1,1,0
S00114358,55,54,1,0,1
S00114359,69,67,2,0,2
S00114360,41,40,1,0,1
S00114361,56,56,0,0,0
S00114362,72,67,5,0,5
S00114363,71,67,4,0,4
S00114364,75,74,1,0,1
S00114365,42,42,0,0,0
S00114366,55,55,0,0,0
S00114367,86,86,0,0,0
S00114368,59,57,2,1,1
S00114369,70,69,1,0,1
S00114370,54,54,0,0,0
S00114371,52,50,2,0,2
S00114372,49,49,0,0,0
S00114373,31,31,0,0,0
S00114374,45,43,2,0,2
S00114375,58,57,1,0,1
S00114376,61,61,0,0,0
S00114377,65,65,0,0,0
S00114378,67,66,1,0,1
S00114379,63,63,0,0,0
S00114380,45,44,1,0,1
S00114381,38,38,0,0,0
S00114382,52,52,0,0,0
S00114383,20,20,0,0,0
S00114384,53,50,3,0,3
S00114385,59,56,3,0,3
S00114386,40,38,2,0,2
S00114387,65,65,0,0,0
S00114388,85,85,0,0,0
S00114389,65,65,0,0,0
S00114390,57,56,1,0,1
S00114391,76,76,0,0,0
S00114392,55,55,0,0,0
S00114393,36,36,0,0,0
S00114394,44,42,2,0,2
S00114395,54,54,0,0,0
S00114396,76,72,4,0,4
S00114397,39,29,10,0,10
S00114398,56,56,0,0,0
S00114399,48,48,0,0,0
S00114400,68,68,0,0,0
S00114401,80,78,2,0,2
S00114402,24,24,0,0,0
S00114403,40,40,0,0,0
S00114404,56,56,0,0,0
S00114405,26,25,1,0,1
S00114406,41,41,0,0,0
S00114407,41,40,1,0,1
S00114408,39,38,1,0,1
S00114409,80,73,7,0,7
S00114410,64,63,1,0,1
S00114411,91,90,1,0,1
S00114412,60,58,2,0,2
S00114413,44,42,2,0,2
S00114414,57,55,2,0,2
S00114415,42,38,4,0,4
S00114416,56,54,2,0,2
S00114417,48,48,0,0,0
S00114418,48,47,1,0,1
S00114419,28,28,0,0,0
S00114420,73,71,2,0,2
S00114421,47,46,1,0,1
S00114422,41,41,0,0,0
S00114423,70,67,3,0,3
S00114424,61,59,2,0,2
S00114425,72,72,0,0,0
S00114426,45,44,1,0,1
S00114427,25,25,0,0,0
S00114428,42,42,0,0,0
S00114429,34,34,0,0,0
S00114430,59,58,1,0,1
S00114431,54,52,2,0,2
S00114432,29,29,0,0,0
S00114433,62,59,3,0,3
S00114434,72,71,1,1,0
S00114435,57,56,1,1,0
S00114436,69,66,3,0,3
S00114437,80,75,5,0,5
S00114438,37,37,0,0,0
S00114439,49,45,4,0,4
S00114440,40,38,2,0,2
S00114441,54,53,1,0,1
S00114442,67,66,1,0,1
S00114443,55,52,3,1,2
S00114444,53,52,1,0,1
S00114445,47,45,2,0,2
S00114446,50,49,1,0,1
S00114447,47,46,1,0,1
S00114448,75,67,8,1,7
S00114449,70,69,1,0,1
S00114450,51,49,2,0,2
S00114451,56,53,3,1,2
S00114452,49,49,0,0,0
S00114453,57,54,3,0,3
S00114454,39,39,0,0,0
S00114455,80,79,1,0,1
S00114456,73,71,2,0,2
S00114457,49,47,2,0,2
S00114458,41,41,0,0,0
S00114459,45,42,3,0,3
S00114460,53,52,1,0,1
S00114461,44,43,1,0,1
S00114462,45,43,2,0,2
S00114463,64,60,4,0,4
S00114464,48,45,3,0,3
S00114465,58,55,3,0,3
S00114466,40,40,0,0,0
S00114467,60,57,3,0,3
S00114468,49,47,2,0,2
S00114469,43,43,0,0,0
S00114470,71,71,0,0,0
S00114471,43,43,0,0,0
S00114472,35,35,0,0,0
S00114473,52,51,1,0,1
S00114474,34,32,2,0,2
S00114475,47,47,0,0,0
S00114476,48,46,2,0,2
S00114477,75,73,2,0,2
S00114478,50,49,1,0,1
S00114479,33,32,1,0,1
S00114480,39,39,0,0,0
S00114481,94,92,2,1,1
S00114482,33,33,0,0,0
S00114483,54,54,0,0,0
S00114484,52,51,1,0,1
S00114485,63,62,1,0,1
S00114486,62,61,1,0,1
S00114487,47,47,0,0,0
S00114488,52,51,1,0,1
S00114489,82,78,4,0,4
S00114490,92,87,5,0,5
S00114491,65,59,6,0,6
S00114492,61,61,0,0,0
S00114493,54,51,3,0,3
S00114494,45,41,4,0,4
S00114495,71,69,2,0,2
S00114496,59,56,3,0,3
S00114497,62,62,0,0,0
S00114498,58,55,3,1,2
S00114499,44,43,1,1,0
S00114500,40,40,0,0,0
S00114501,43,42,1,0,1
S00114502,47,46,1,0,1
S00114503,52,50,2,0,2
S00114504,68,68,0,0,0
S00114505,66,62,4,0,4
S00114506,54,49,5,1,4
S00114507,54,51,3,0,3
S00114508,63,60,3,0,3
S00114509,70,68,2,0,2
S00114510,70,68,2,0,2
S00114511,74,73,1,0,1
S00114512,66,65,1,0,1
S00114513,86,84,2,0,2
S00114514,44,44,0,0,0
S00114515,73,71,2,0,2
S00114516,48,46,2,0,2
S00114517,65,63,2,0,2
S00114518,99,98,1,0,1
S00114519,72,72,0,0,0
S00114520,40,39,1,0,1
S00114521,76,74,2,0,2
S00114522,48,48,0,0,0
S00114523,77,77,0,0,0
S00114524,62,61,1,0,1
S00114525,71,69,2,0,2
S00114526,54,54,0,0,0
S00114527,67,65,2,0,2
S00114528,49,45,4,1,3
S00114529,34,34,0,0,0
S00114530,48,47,1,0,1
S00114531,60,58,2,0,2
S00114532,56,54,2,0,2
S00114533,43,42,1,0,1
S00114534,48,45,3,0,3
S00114535,78,75,3,0,3
S00114536,66,61,5,0,5
S00114537,54,52,2,0,2
S00114538,71,71,0,0,0
S00114539,40,40,0,0,0
S00114540,50,48,2,0,2
S00114541,44,43,1,0,1
S00114542,43,42,1,0,1
S00114543,63,63,0,0,0
S00114544,67,65,2,0,2
S00114545,59,59,0,0,0
S00114546,26,25,1,0,1
S00114547,81,73,8,0,8
S00114548,66,65,1,0,1
S00114549,62,62,0,0,0
S00114550,61,60,1,0,1
S00114551,64,61,3,0,3
S00114552,73,47,26,0,26
S00114553,58,56,2,0,2
S00114554,55,54,1,0,1
S00114555,44,43,1,0,1
S00114556,54,54,0,0,0
S00114557,42,39,3,0,3
S00114558,54,53,1,0,1
S00114559,49,49,0,0,0
S00114560,54,54,0,0,0
S00114561,47,46,1,0,1
S00114562,49,46,3,0,3
S00114563,53,53,0,0,0
S00114564,52,52,0,0,0
S00114565,49,49,0,0,0
S00114566,69,68,1,1,0
S00114567,64,63,1,1,0
S00114568,77,77,0,0,0
S00114569,77,73,4,0,4
S00114570,38,37,1,0,1
S00114571,51,49,2,0,2
S00114572,54,53,1,0,1
S00114573,36,34,2,0,2
S00114574,73,71,2,0,2
S00114575,51,51,0,0,0
S00114576,46,44,2,1,1
S00114577,51,50,1,0,1
S00114578,53,53,0,0,0
S00114579,56,53,3,2,1
S00114580,43,41,2,0,2
S00114581,66,63,3,1,2
S00114582,44,44,0,0,0
S00114583,55,54,1,0,1
S00114584,54,52,2,0,2
S00114585,47,44,3,0,3
S00114586,45,45,0,0,0
S00114587,56,53,3,0,3
S00114588,56,54,2,0,2
S00114589,47,44,3,0,3
S00114590,58,54,4,0,4
S00114591,52,50,2,0,2
S00114592,47,47,0,0,0
S00114593,49,48,1,1,0
S00114594,28,28,0,0,0
S00114595,31,30,1,0,1
S00114596,62,59,3,0,3
S00114597,49,48,1,1,0
S00114598,56,55,1,0,1
S00114599,65,63,2,0,2
S00114600,43,42,1,0,1
S00114601,76,75,1,0,1
S00114602,48,48,0,0,0
S00114603,41,41,0,0,0
S00114604,49,48,1,0,1
S00114605,54,49,5,0,5
S00114606,59,54,5,0,5
S00114607,60,58,2,0,2
S00114608,31,31,0,0,0
S00114609,25,25,0,0,0
S00114610,55,55,0,0,0
S00114611,60,60,0,0,0
S00114612,72,69,3,0,3
S00114613,41,41,0,0,0
S00114614,30,30,0,0,0
S00114615,42,42,0,0,0
S00114616,44,41,3,0,3
S00114617,64,61,3,1,2
S00114618,50,49,1,0,1
S00114619,40,36,4,1,3
S00114620,52,51,1,0,1
S00114621,54,54,0,0,0
S00114622,57,57,0,0,0
S00114623,74,68,6,0,6
S00114624,35,35,0,0,0
S00114625,25,24,1,0,1
S00114626,44,44,0,0,0
S00114627,80,80,0,0,0
S00114628,44,44,0,0,0
S00114629,45,45,0,0,0
S00114630,37,35,2,0,2
S00114631,43,40,3,0,3
S00114632,63,62,1,0,1
S00114633,55,53,2,0,2
S00114634,68,62,6,0,6
S00114635,72,69,3,0,3
S00114636,72,69,3,0,3
S00114637,50,48,2,0,2
S00114638,45,42,3,0,3
S00114639,53,49,4,1,3
S00114640,43,43,0,0,0
S00114641,31,31,0,0,0
S00114642,51,45,6,0,6
S00114643,68,68,0,0,0
S00114644,60,60,0,0,0
S00114645,36,35,1,0,1
S00114646,59,56,3,0,3
S00114647,65,65,0,0,0
S00114648,51,50,1,0,1
S00114649,31,31,0,0,0
S00114650,73,73,0,0,0
S00114651,52,52,0,0,0
S00114652,71,70,1,0,1
S00114653,56,56,0,0,0
S00114654,30,29,1,0,1
S00114655,59,59,0,0,0
S00114656,71,70,1,0,1
S00114657,77,73,4,0,4
S00114658,50,48,2,0,2
S00114659,37,35,2,0,2
S00114660,34,31,3,0,3
S00114661,66,66,0,0,0
S00114662,55,53,2,1,1
S00114663,37,37,0,0,0
S00114664,45,45,0,0,0
S00114665,65,64,1,0,1
S00114666,48,47,1,0,1
S00114667,72,71,1,0,1
S00114668,51,49,2,0,2
S00114669,73,71,2,1,1
S00114670,66,65,1,0,1
S00114671,52,52,0,0,0
S00114672,47,46,1,0,1
S00114673,50,50,0,0,0
S00114674,39,39,0,0,0
S00114675,75,72,3,1,2
S00114676,32,32,0,0,0
S00114677,57,57,0,0,0
S00114678,47,46,1,0,1
S00114679,43,43,0,0,0
S00114680,36,36,0,0,0
S00114681,51,41,10,0,10
S00114682,58,54,4,1,3
S00114683,23,23,0,0,0
S00114684,67,66,1,0,1
S00114685,57,55,2,0,2
S00114686,72,72,0,0,0
S00114687,24,24,0,0,0
S00114688,55,55,0,0,0
S00114689,46,45,1,0,1
S00114690,44,43,1,0,1
S00114691,24,24,0,0,0
S00114692,49,48,1,0,1
S00114693,52,50,2,0,2
S00114694,36,35,1,0,1
S00114695,48,48,0,0,0
S00114696,67,67,0,0,0
S00114697,66,66,0,0,0
S00114698,61,61,0,0,0
S00114699,61,60,1,0,1
S00114700,48,46,2,0,2
S00114701,64,63,1,0,1
S00114702,60,60,0,0,0
S00114703,58,56,2,0,2
S00114704,54,53,1,0,1
S00114705,66,66,0,0,0
S00114706,66,65,1,0,1
S00114707,52,49,3,0,3
S00114708,46,46,0,0,0
S00114709,41,36,5,0,5
S00114710,81,77,4,0,4
S00114711,68,61,7,0,7
S00114712,36,34,2,0,2
S00114713,46,44,2,0,2
S00114714,64,59,5,0,5
S00114715,74,67,7,1,6
S00114716,70,70,0,0,0
S00114717,61,59,2,0,2
S00114718,44,43,1,0,1
S00114719,42,36,6,0,6
S00114720,96,52,44,0,44
S00114721,50,36,14,0,14
S00114722,58,56,2,0,2
S00114723,72,65,7,0,7
S00114724,75,69,6,0,6
S00114725,84,81,3,0,3
S00114726,47,46,1,0,1
S00114727,43,43,0,0,0
S00114728,42,42,0,0,0
S00114729,67,64,3,0,3
S00114730,56,53,3,1,2
S00114731,57,57,0,0,0
S00114732,59,54,5,0,5
S00114733,78,75,3,0,3
S00114734,64,60,4,0,4
S00114735,51,51,0,0,0
S00114736,48,48,0,0,0
S00114737,42,40,2,0,2
S00114738,40,40,0,0,0
S00114739,73,70,3,0,3
S00114740,58,57,1,0,1
S00114741,48,46,2,0,2
S00114742,48,46,2,0,2
S00114743,40,40,0,0,0
S00114744,65,64,1,0,1
S00114745,75,71,4,0,4
S00114746,47,43,4,2,2
S00114747,44,43,1,0,1
S00114748,64,62,2,0,2
S00114749,56,51,5,0,5
S00114750,52,51,1,1,0
S00114751,41,41,0,0,0
S00114752,81,77,4,0,4
S00114753,80,78,2,0,2
S00114754,59,56,3,0,3
S00114755,55,55,0,0,0
S00114756,48,46,2,0,2
S00114757,47,45,2,0,2
S00114758,40,39,1,0,1
S00114759,61,56,5,0,5
S00114760,47,47,0,0,0
S00114761,40,38,2,0,2
S00114762,71,68,3,0,3
S00114763,42,42,0,0,0
S00114764,57,55,2,0,2
S00114765,88,88,0,0,0
S00114766,74,72,2,0,2
S00114767,39,39,0,0,0
S00114768,42,42,0,0,0
S00114769,70,70,0,0,0
S00114770,49,49,0,0,0
S00114771,49,49,0,0,0
S00114772,50,49,1,0,1
S00114773,32,32,0,0,0
S00114774,53,52,1,0,1
S00114775,77,77,0,0,0
S00114776,49,46,3,0,3
S00114777,58,57,1,0,1
S00114778,49,43,6,0,6
S00114779,79,76,3,0,3
S00114780,67,64,3,0,3
S00114781,71,70,1,0,1
S00114782,64,63,1,0,1
S00114783,75,74,1,0,1
S00114784,57,54,3,1,2
S00114785,50,49,1,0,1
S00114786,82,79,3,1,2
S00114787,57,53,4,0,4
S00114788,40,40,0,0,0
S00114789,47,47,0,0,0
S00114790,48,48,0,0,0
S00114791,72,70,2,0,2
S00114792,51,50,1,0,1
S00114793,31,31,0,0,0
S00114794,69,65,4,0,4
S00114795,70,69,1,0,1
S00114796,71,71,0,0,0
S00114797,67,66,1,0,1
S00114798,47,44,3,0,3
S00114799,56,56,0,0,0
S00114800,48,46,2,0,2
S00114801,44,41,3,0,3
S00114802,69,68,1,0,1
S00114803,65,64,1,0,1
S00114804,72,72,0,0,0
S00114805,71,69,2,0,2
S00114806,61,55,6,1,5
S00114807,80,80,0,0,0
S00114808,50,49,1,0,1
S00114809,46,46,0,0,0
S00114810,55,55,0,0,0
S00114811,42,42,0,0,0
S00114812,50,47,3,0,3
S00114813,51,51,0,0,0
S00114814,48,45,3,1,2
S00114815,50,50,0,0,0
S00114816,82,81,1,0,1
S00114817,64,62,2,0,2
S00114818,62,62,0,0,0
S00114819,60,59,1,0,1
S00114820,42,42,0,0,0
S00114821,49,48,1,0,1
S00114822,81,79,2,0,2
S00114823,56,56,0,0,0
S00114824,32,32,0,0,0
S00114825,48,47,1,0,1
S00114826,57,54,3,0,3
S00114827,71,71,0,0,0
S00114828,27,27,0,0,0
S00114829,32,32,0,0,0
S00114830,48,47,1,0,1
S00114831,68,67,1,0,1
S00114832,72,72,0,0,0
S00114833,64,64,0,0,0
S00114834,65,65,0,0,0
S00114835,63,62,1,0,1
S00114836,56,54,2,0,2
S00114837,59,40,19,0,19
S00114838,55,47,8,0,8
S00114839,48,48,0,0,0
S00114840,48,48,0,0,0
S00114841,48,47,1,0,1
S00114842,54,54,0,0,0
S00114843,31,31,0,0,0
S00114844,60,60,0,0,0
S00114845,50,50,0,0,0
S00114846,45,45,0,0,0
S00114847,46,45,1,0,1
S00114848,34,32,2,0,2
S00114849,29,28,1,0,1
S00114850,77,77,0,0,0
S00114851,72,72,0,0,0
S00114852,70,69,1,0,1
S00114853,34,34,0,0,0
S00114854,46,46,0,0,0
S00114855,65,65,0,0,0
S00114856,52,52,0,0,0
S00114857,30,29,1,0,1
S00114858,75,74,1,0,1
S00114859,78,76,2,0,2
S00114860,68,67,1,0,1
S00114861,32,32,0,0,0
S00114862,52,52,0,0,0
S00114863,44,44,0,0,0
S00114864,55,54,1,0,1
S00114865,72,72,0,0,0
S00114866,48,47,1,0,1
S00114867,75,57,18,2,16
S00114868,59,52,7,0,7
S00114869,47,34,13,0,13
S00114870,111,47,64,1,63
S00114871,74,72,2,0,2
S00114872,45,43,2,0,2
S00114873,62,57,5,0,5
S00114874,67,66,1,0,1
S00114875,47,46,1,0,1
S00114876,43,39,4,0,4
S00114877,65,64,1,0,1
S00114878,56,56,0,0,0
S00114879,67,64,3,0,3
S00114880,40,40,0,0,0
S00114881,55,52,3,0,3
S00114882,54,53,1,0,1
S00114883,38,37,1,0,1
S00114884,41,40,1,0,1
S00114885,70,65,5,0,5
S00114886,50,49,1,0,1
S00114887,44,43,1,1,0
S00114888,40,40,0,0,0
S00114889,28,28,0,0,0
S00114890,50,50,0,0,0
S00114891,66,66,0,0,0
S00114892,63,63,0,0,0
S00114893,25,25,0,0,0
S00114894,31,30,1,0,1
S00114895,46,46,0,0,0
S00114896,60,60,0,0,0
S00114897,56,54,2,1,1
S00114898,78,76,2,0,2
S00114899,44,44,0,0,0
S00114900,38,36,2,0,2
S00114901,67,66,1,0,1
S00114902,49,49,0,0,0
S00114903,53,53,0,0,0
S00114904,70,70,0,0,0
S00114905,62,62,0,0,0
S00114906,74,74,0,0,0
S00114907,47,46,1,0,1
S00114908,45,44,1,0,1
S00114909,50,49,1,0,1
S00114910,40,40,0,0,0
S00114911,73,69,4,0,4
S00114912,45,43,2,0,2
S00114913,53,52,1,0,1
S00114914,57,56,1,0,1
S00114915,47,43,4,1,3
S00114916,30,30,0,0,0
S00114917,76,67,9,0,9
S00114918,41,41,0,0,0
S00114919,60,59,1,0,1
S00114920,63,59,4,1,3
S00114921,52,51,1,0,1
S00114922,47,44,3,0,3
S00114923,51,51,0,0,0
S00114924,53,53,0,0,0
S00114925,43,43,0,0,0
S00114926,61,61,0,0,0
S00114927,46,44,2,0,2
S00114928,49,49,0,0,0
S00114929,53,53,0,0,0
S00114930,46,44,2,0,2
S00114931,43,42,1,0,1
S00114932,50,49,1,0,1
S00114933,61,61,0,0,0
S00114934,43,41,2,0,2
S00114935,67,64,3,0,3
S00114936,42,41,1,0,1
S00114937,36,35,1,0,1
S00114938,53,53,0,0,0
S00114939,55,49,6,0,6
S00114940,43,42,1,0,1
S00114941,53,52,1,0,1
S00114942,54,52,2,0,2
S00114943,48,43,5,1,4
S00114944,52,52,0,0,0
S00114945,46,45,1,1,0
S00114946,49,49,0,0,0
S00114947,60,60,0,0,0
S00114948,38,37,1,0,1
S00114949,37,37,0,0,0
S00114950,51,51,0,0,0
S00114951,49,48,1,0,1
S00114952,49,49,0,0,0
S00114953,89,84,5,1,4
S00114954,75,74,1,0,1
S00114955,66,65,1,0,1
S00114956,46,46,0,0,0
S00114957,63,61,2,0,2
S00114958,30,30,0,0,0
S00114959,43,43,0,0,0
S00114960,37,37,0,0,0
S00114961,70,66,4,1,3
S00114962,44,42,2,0,2
S00114963,54,52,2,1,1
S00114964,63,59,4,0,4
S00114965,45,45,0,0,0
S00114966,35,35,0,0,0
S00114967,52,51,1,0,1
S00114968,55,51,4,0,4
S00114969,69,69,0,0,0
S00114970,53,53,0,0,0
S00114971,48,48,0,0,0
S00114972,40,40,0,0,0
S00114973,55,55,0,0,0
S00114974,58,58,0,0,0
S00114975,48,45,3,0,3
S00114976,73,71,2,0,2
S00114977,77,69,8,0,8
S00114978,67,66,1,0,1
S00114979,51,51,0,0,0
S00114980,54,51,3,0,3
S00114981,50,49,1,0,1
S00114982,56,55,1,0,1
S00114983,58,58,0,0,0
S00114984,72,70,2,0,2
S00114985,48,46,2,0,2
S00114986,49,49,0,0,0
S00114987,52,50,2,0,2
S00114988,37,35,2,0,2
S00114989,67,58,9,0,9
S00114990,58,56,2,0,2
S00114991,61,57,4,0,4
S00114992,54,46,8,1,7
S00114993,44,42,2,0,2
S00114994,72,72,0,0,0
S00114995,68,66,2,0,2
S00114996,48,48,0,0,0
S00114997,42,42,0,0,0
S00114998,46,46,0,0,0
S00114999,66,64,2,1,1
S00115000,51,49,2,0,2
S00115001,48,48,0,0,0
S00115002,40,40,0,0,0
S00115003,72,67,5,0,5
S00115004,39,38,1,1,0
S00115005,41,41,0,0,0
S00115006,63,57,6,0,6
S00115007,59,59,0,0,0
S00115008,73,70,3,0,3
S00115009,91,89,2,0,2
S00115010,40,39,1,0,1
S00115011,46,45,1,0,1
S00115012,42,42,0,0,0
S00115013,45,42,3,1,2
S00115014,42,42,0,0,0
S00115015,67,67,0,0,0
S00115016,50,50,0,0,0
S00115017,67,67,0,0,0
S00115018,67,66,1,0,1
S00115019,79,76,3,0,3
S00115020,57,53,4,0,4
S00115021,56,55,1,0,1
S00115022,57,57,0,0,0
S00115023,41,41,0,0,0
S00115024,43,43,0,0,0
S00115025,53,53,0,0,0
S00115026,49,48,1,0,1
S00115027,50,50,0,0,0
S00115028,46,46,0,0,0
S00115029,47,47,0,0,0
S00115030,22,22,0,0,0
S00115031,34,34,0,0,0
S00115032,47,47,0,0,0
S00115033,45,44,1,0,1
S00115034,76,76,0,0,0
S00115035,69,69,0,0,0
S00115036,48,48,0,0,0
S00115037,40,40,0,0,0
S00115038,53,52,1,0,1
S00115039,57,57,0,0,0
S00115040,40,40,0,0,0
S00115041,40,39,1,0,1
S00115042,61,60,1,0,1
S00115043,44,44,0,0,0
S00115044,52,51,1,0,1
S00115045,65,61,4,0,4
S00115046,45,44,1,0,1
S00115047,42,41,1,0,1
S00115048,69,67,2,0,2
S00115049,40,40,0,0,0
S00115050,32,29,3,0,3
S00115051,52,52,0,0,0
S00115052,40,40,0,0,0
S00115053,36,35,1,0,1
S00115054,54,53,1,0,1
S00115055,44,44,0,0,0
S00115056,56,54,2,0,2
S00115057,32,31,1,0,1
S00115058,49,48,1,0,1
S00115059,40,40,0,0,0
S00115060,41,41,0,0,0
S00115061,65,65,0,0,0
S00115062,36,36,0,0,0
S00115063,43,41,2,0,2
S00115064,70,68,2,0,2
S00115065,77,76,1,0,1
S00115066,71,70,1,0,1
S00115067,50,50,0,0,0
S00115068,63,62,1,0,1
S00115069,54,54,0,0,0
S00115070,35,35,0,0,0
S00115071,51,49,2,0,2
S00115072,51,51,0,0,0
S00115073,42,40,2,0,2
S00115074,81,79,2,0,2
S00115075,56,56,0,0,0
S00115076,54,53,1,0,1
S00115077,57,56,1,0,1
S00115078,28,28,0,0,0
S00115079,68,66,2,0,2
S00115080,50,49,1,0,1
S00115081,22,22,0,0,0
S00115082,23,21,2,0,2
S00115083,40,39,1,0,1
S00115084,45,43,2,0,2
S00115085,53,52,1,0,1
S00115086,44,44,0,0,0
S00115087,33,33,0,0,0
S00115088,42,42,0,0,0
S00115089,62,62,0,0,0
S00115090,51,51,0,0,0
S00115091,40,39,1,0,1
S00115092,38,37,1,0,1
S00115093,64,64,0,0,0
S00115094,40,40,0,0,0
S00115095,44,44,0,0,0
S00115096,77,73,4,0,4
S00115097,45,45,0,0,0
S00115098,49,46,3,0,3
S00115099,43,43,0,0,0
S00115100,51,51,0,0,0
S00115101,52,52,0,0,0
S00115102,49,49,0,0,0
S00115103,61,60,1,0,1
S00115104,40,40,0,0,0
S00115105,36,36,0,0,0
S00115106,45,45,0,0,0
S00115107,53,53,0,0,0
S00115108,32,32,0,0,0
S00115109,62,62,0,0,0
S00115110,71,71,0,0,0
S00115111,44,44,0,0,0
S00115112,52,50,2,0,2
S00115113,48,48,0,0,0
S00115114,48,47,1,0,1
S00115115,56,55,1,0,1
S00115116,39,38,1,0,1
S00115117,53,53,0,0,0
S00115118,43,43,0,0,0
S00115119,55,55,0,0,0
S00115120,40,40,0,0,0
S00115121,61,60,1,0,1
S00115122,48,48,0,0,0
S00115123,41,41,0,0,0
S00115124,63,63,0,0,0
S00115125,40,40,0,0,0
S00115126,57,55,2,0,2
S00115127,74,74,0,0,0
S00115128,65,61,4,0,4
S00115129,65,63,2,0,2
S00115130,65,63,2,0,2
S00115131,46,44,2,0,2
S00115132,44,44,0,0,0
S00115133,56,56,0,0,0
S00115134,73,73,0,0,0
S00115135,48,48,0,0,0
S00115136,59,59,0,0,0
S00115137,30,30,0,0,0
S00115138,42,42,0,0,0
S00115139,60,60,0,0,0
S00115140,73,73,0,0,0
S00115141,71,71,0,0,0
S00115142,57,57,0,0,0
S00115143,32,32,0,0,0
S00115144,49,48,1,0,1
S00115145,65,65,0,0,0
S00115146,66,66,0,0,0
S00115147,56,55,1,0,1
S00115148,62,62,0,0,0
S00115149,59,59,0,0,0
S00115150,55,55,0,0,0
S00115151,50,50,0,0,0
S00115152,47,47,0,0,0
S00115153,77,76,1,0,1
S00115154,49,49,0,0,0
S00115155,63,63,0,0,0
S00115156,78,77,1,0,1
S00115157,76,76,0,0,0
S00115158,46,46,0,0,0
S00115159,22,22,0,0,0
S00115160,48,48,0,0,0
S00115161,73,73,0,0,0
S00115162,45,44,1,0,1
S00115163,26,26,0,0,0
S00115164,33,33,0,0,0
S00115165,77,76,1,0,1
S00115166,60,60,0,0,0
S00115167,62,61,1,0,1
S00115168,64,64,0,0,0
S00115169,72,71,1,0,1
S00115170,69,69,0,0,0
S00115171,66,65,1,0,1
S00115172,30,30,0,0,0
S00115173,43,43,0,0,0
S00115174,32,32,0,0,0
S00115175,51,50,1,0,1
S00115176,60,59,1,0,1
S00115177,41,40,1,0,1
S00115178,83,81,2,0,2
S00115179,42,40,2,0,2
S00115180,48,46,2,0,2
S00115181,48,47,1,0,1
S00115182,45,45,0,0,0
S00115183,26,26,0,0,0
S00115184,67,67,0,0,0
S00115185,57,57,0,0,0
S00115186,61,61,0,0,0
S00115187,58,57,1,0,1
S00115188,44,44,0,0,0
S00115189,54,54,0,0,0
S00115190,73,72,1,1,0
S00115191,42,41,1,0,1
S00115192,76,76,0,0,0
S00115193,61,61,0,0,0
S00115194,71,70,1,0,1
S00115195,60,60,0,0,0
S00115196,45,45,0,0,0
S00115197,47,47,0,0,0
S00115198,43,43,0,0,0
S00115199,51,51,0,0,0
S00115200,68,67,1,0,1
S00115201,55,55,0,0,0
S00115202,59,59,0,0,0
S00115203,37,37,0,0,0
S00115204,56,56,0,0,0
S00115205,33,33,0,0,0
S00115206,47,47,0,0,0
S00115207,35,35,0,0,0
S00115208,24,23,1,0,1
S00115209,68,67,1,0,1
S00115210,71,71,0,0,0
S00115211,53,52,1,0,1
S00115212,44,44,0,0,0
S00115213,50,48,2,0,2
S00115214,67,67,0,0,0
S00115215,46,46,0,0,0
S00115216,55,55,0,0,0
S00115217,78,77,1,0,1
S00115218,46,46,0,0,0
S00115219,41,41,0,0,0
S00115220,50,50,0,0,0
S00115221,40,40,0,0,0
S00115222,66,66,0,0,0
S00115223,48,48,0,0,0
S00115224,38,38,0,0,0
S00115225,33,33,0,0,0
S00115226,48,48,0,0,0
S00115227,50,50,0,0,0
S00115228,43,43,0,0,0
S00115229,61,61,0,0,0
S00115230,32,32,0,0,0
S00115231,29,29,0,0,0
S00115232,24,24,0,0,0
S00115233,55,53,2,0,2
S00115234,48,45,3,0,3
S00115235,40,40,0,0,0
S00115236,64,64,0,0,0
S00115237,47,45,2,0,2
S00115238,50,47,3,0,3
S00115239,47,46,1,0,1
S00115240,42,42,0,0,0
S00115241,46,46,0,0,0
S00115242,52,50,2,0,2
S00115243,55,54,1,0,1
S00115244,74,74,0,0,0
S00115245,72,71,1,0,1
S00115246,52,52,0,0,0
S00115247,50,48,2,0,2
S00115248,43,43,0,0,0
S00115249,47,46,1,0,1
S00115250,40,39,1,0,1
S00115251,53,52,1,0,1
S00115252,46,46,0,0,0
S00115253,49,48,1,0,1
S00115254,48,46,2,0,2
S00115255,40,37,3,0,3
S00115256,50,47,3,0,3
S00115257,53,53,0,0,0
S00115258,39,37,2,0,2
S00115259,60,58,2,0,2
S00115260,55,54,1,0,1
S00115261,48,48,0,0,0
S00115262,54,45,9,0,9
S00115263,43,40,3,0,3
S00115264,66,66,0,0,0
S00115265,62,62,0,0,0
S00115266,54,54,0,0,0
S00115267,49,46,3,0,3
S00115268,56,52,4,0,4
S00115269,46,42,4,0,4
S00115270,43,42,1,0,1
S00115271,36,32,4,0,4
S00115272,36,34,2,0,2
S00115273,52,48,4,0,4
S00115274,70,59,11,0,11
S00115275,93,90,3,1,2
S00115276,47,42,5,0,5
S00115277,72,68,4,0,4
S00115278,68,66,2,0,2
S00115279,35,33,2,0,2
S00115280,48,46,2,0,2
S00115281,75,75,0,0,0
S00115282,88,85,3,0,3
S00115283,57,56,1,0,1
S00115284,47,46,1,1,0
S00115285,65,63,2,0,2
S00115286,63,63,0,0,0
S00115287,77,76,1,0,1
S00115288,54,51,3,0,3
S00115289,74,72,2,0,2
S00115290,53,52,1,0,1
S00115291,73,53,20,0,20
S00115292,71,64,7,0,7
S00115293,66,66,0,0,0
S00115294,37,37,0,0,0
S00115295,47,42,5,0,5
S00115296,75,67,8,0,8
S00115297,42,41,1,0,1
S00115298,68,65,3,0,3
S00115299,73,72,1,0,1
S00115300,43,42,1,0,1
S00115301,70,65,5,0,5
S00115302,52,51,1,0,1
S00115303,70,70,0,0,0
S00115304,46,43,3,0,3
S00115305,48,44,4,0,4
S00115306,49,47,2,0,2
S00115307,34,31,3,0,3
S00115308,70,69,1,0,1
S00115309,72,70,2,0,2
S00115310,50,42,8,0,8
S00115311,44,44,0,0,0
S00115312,67,65,2,0,2
S00115313,41,41,0,0,0
S00115314,53,53,0,0,0
S00115315,66,64,2,0,2
S00115316,35,35,0,0,0
S00115317,109,27,82,0,82
S00115318,27,27,0,0,0
S00115319,50,50,0,0,0
S00115320,55,54,1,1,0
S00115321,55,55,0,0,0
S00115322,40,38,2,0,2
S00115323,72,70,2,0,2
S00115324,56,55,1,0,1
S00115325,51,49,2,0,2
S00115326,80,76,4,0,4
S00115327,75,70,5,1,4
S00115328,78,74,4,0,4
S00115329,49,48,1,0,1
S00115330,40,40,0,0,0
S00115331,41,40,1,0,1
S00115332,53,51,2,0,2
S00115333,59,59,0,0,0
S00115334,84,67,17,0,17
S00115335,77,75,2,0,2
S00115336,52,52,0,0,0
S00115337,62,62,0,0,0
S00115338,89,89,0,0,0
S00115339,57,57,0,0,0
S00115340,61,59,2,0,2
S00115341,74,73,1,0,1
S00115342,46,43,3,0,3
S00115343,65,58,7,0,7
S00115344,70,69,1,0,1
S00115345,74,73,1,0,1
S00115346,42,42,0,0,0
S00115347,61,61,0,0,0
S00115348,38,38,0,0,0
S00115349,59,59,0,0,0
S00115350,54,54,0,0,0
S00115351,70,70,0,0,0
S00115352,61,61,0,0,0
S00115353,61,60,1,0,1
S00115354,74,74,0,0,0
S00115355,52,44,8,0,8
S00115356,31,31,0,0,0
S00115357,52,47,5,0,5
S00115358,52,52,0,0,0
S00115359,31,30,1,0,1
S00115360,58,56,2,0,2
S00115361,49,47,2,0,2
S00115362,69,69,0,0,0
S00115363,65,65,0,0,0
S00115364,83,81,2,0,2
S00115365,46,45,1,0,1
S00115366,60,60,0,0,0
S00115367,42,41,1,0,1
S00115368,53,50,3,0,3
S00115369,43,41,2,0,2
S00115370,53,52,1,0,1
S00115371,67,67,0,0,0
S00115372,54,54,0,0,0
S00115373,48,47,1,0,1
S00115374,61,60,1,0,1
S00115375,49,49,0,0,0
S00115376,47,47,0,0,0
S00115377,48,47,1,0,1
S00115378,48,48,0,0,0
S00115379,53,52,1,0,1
S00115380,49,47,2,0,2
S00115381,42,42,0,0,0
S00115382,51,51,0,0,0
S00115383,57,57,0,0,0
S00115384,39,38,1,0,1
S00115385,78,77,1,0,1
S00115386,59,59,0,0,0
S00115387,53,52,1,0,1
S00115388,61,59,2,0,2
S00115389,44,44,0,0,0
S00115390,63,61,2,0,2
S00115391,56,55,1,0,1
S00115392,56,56,0,0,0
S00115393,48,44,4,0,4
S00115394,52,52,0,0,0
S00115395,84,84,0,0,0
S00115396,64,63,1,0,1
S00115397,65,65,0,0,0
S00115398,51,50,1,0,1
S00115399,51,51,0,0,0
S00115400,46,46,0,0,0
S00115401,72,72,0,0,0
S00115402,52,52,0,0,0
S00115403,55,54,1,0,1
S00115404,36,36,0,0,0
S00115405,37,36,1,0,1
S00115406,55,54,1,0,1
S00115407,51,51,0,0,0
S00115408,72,72,0,0,0
S00115409,42,41,1,0,1
S00115410,31,30,1,0,1
S00115411,63,62,1,0,1
S00115412,33,33,0,0,0
S00115413,33,33,0,0,0
S00115414,36,36,0,0,0
S00115415,75,73,2,0,2
S00115416,44,44,0,0,0
S00115417,49,47,2,0,2
S00115418,48,48,0,0,0
S00115419,62,62,0,0,0
S00115420,36,35,1,0,1
S00115421,33,32,1,0,1
S00115422,27,27,0,0,0
S00115423,83,83,0,0,0
S00115424,75,74,1,0,1
S00115425,37,37,0,0,0
S00115426,53,53,0,0,0
S00115427,53,53,0,0,0
S00115428,45,45,0,0,0
S00115429,65,64,1,1,0
S00115430,50,49,1,0,1
S00115431,50,48,2,0,2
S00115432,54,54,0,0,0
S00115433,72,72,0,0,0
S00115434,72,72,0,0,0
S00115435,44,44,0,0,0
S00115436,42,40,2,0,2
S00115437,57,57,0,0,0
S00115438,53,52,1,0,1
S00115439,43,42,1,0,1
S00115440,59,58,1,0,1
S00115441,62,62,0,0,0
S00115442,44,41,3,0,3
S00115443,77,76,1,0,1
S00115444,41,41,0,0,0
S00115445,43,42,1,0,1
S00115446,64,62,2,0,2
S00115447,47,47,0,0,0
S00115448,47,46,1,0,1
S00115449,42,41,1,0,1
S00115450,63,62,1,0,1
S00115451,48,46,2,0,2
S00115452,51,49,2,0,2
S00115453,52,51,1,1,0
S00115454,51,51,0,0,0
S00115455,46,45,1,0,1
S00115456,53,53,0,0,0
S00115457,77,76,1,0,1
S00115458,52,52,0,0,0
S00115459,43,43,0,0,0
S00115460,65,64,1,0,1
S00115461,62,62,0,0,0
S00115462,74,72,2,0,2
S00115463,61,60,1,0,1
S00115464,56,54,2,0,2
S00115465,50,49,1,0,1
S00115466,48,47,1,0,1
S00115467,50,50,0,0,0
S00115468,36,34,2,0,2
S00115469,53,53,0,0,0
S00115470,56,55,1,0,1
S00115471,49,49,0,0,0
S00115472,73,73,0,0,0
S00115473,61,59,2,0,2
S00115474,64,63,1,0,1
S00115475,50,45,5,0,5
S00115476,51,51,0,0,0
S00115477,53,52,1,0,1
S00115478,35,35,0,0,0
S00115479,60,59,1,0,1
S00115480,54,53,1,0,1
S00115481,60,54,6,0,6
S00115482,41,38,3,0,3
S00115483,71,66,5,0,5
S00115484,61,59,2,0,2
S00115485,62,61,1,0,1
S00115486,74,73,1,0,1
S00115487,73,72,1,0,1
S00115488,73,71,2,0,2
S00115489,70,66,4,0,4
S00115490,44,44,0,0,0
S00115491,55,53,2,0,2
S00115492,48,47,1,0,1
S00115493,55,51,4,0,4
S00115494,49,48,1,0,1
S00115495,46,46,0,0,0
S00115496,60,60,0,0,0
S00115497,68,68,0,0,0
S00115498,67,65,2,0,2
S00115499,42,42,0,0,0
S00115500,56,55,1,0,1
S00115501,42,42,0,0,0
S00115502,64,59,5,0,5
S00115503,46,46,0,0,0
S00115504,48,48,0,0,0
S00115505,46,44,2,0,2
S00115506,36,35,1,0,1
S00115507,52,50,2,0,2
S00115508,43,43,0,0,0
S00115509,49,49,0,0,0
S00115510,37,37,0,0,0
S00115511,46,44,2,0,2
S00115512,61,61,0,0,0
S00115513,62,58,4,0,4
S00115514,53,51,2,0,2
S00115515,63,62,1,0,1
S00115516,54,52,2,0,2
S00115517,49,48,1,0,1
S00115518,53,52,1,0,1
S00115519,39,38,1,0,1
S00115520,53,52,1,0,1
S00115521,41,39,2,0,2
S00115522,57,57,0,0,0
S00115523,49,49,0,0,0
S00115524,46,46,0,0,0
S00115525,57,57,0,0,0
S00115526,48,47,1,0,1
S00115527,61,58,3,0,3
S00115528,24,24,0,0,0
S00115529,74,74,0,0,0
S00115530,72,72,0,0,0
S00115531,44,43,1,0,1
S00115532,54,54,0,0,0
S00115533,42,41,1,0,1
S00115534,60,60,0,0,0
S00115535,45,44,1,0,1
S00115536,49,48,1,0,1
S00115537,53,53,0,0,0
S00115538,51,50,1,0,1
S00115539,59,59,0,0,0
S00115540,41,39,2,0,2
S00115541,57,57,0,0,0
S00115542,54,54,0,0,0
S00115543,25,25,0,0,0
S00115544,60,48,12,0,12
S00115545,40,29,11,0,11
S00115546,40,33,7,0,7
S00115547,64,59,5,0,5
S00115548,49,49,0,0,0
S00115549,39,32,7,0,7
S00115550,51,51,0,0,0
S00115551,52,51,1,0,1
S00115552,47,46,1,0,1
S00115553,66,66,0,0,0
S00115554,59,58,1,0,1
S00115555,43,41,2,0,2
S00115556,56,56,0,0,0
S00115557,46,45,1,0,1
S00115558,38,36,2,0,2
S00115559,46,44,2,0,2
S00115560,47,47,0,0,0
S00115561,41,40,1,0,1
S00115562,48,43,5,0,5
S00115563,74,74,0,0,0
S00115564,75,72,3,0,3
S00115565,62,62,0,0,0
S00115566,58,56,2,1,1
S00115567,79,79,0,0,0
S00115568,29,29,0,0,0
S00115569,49,47,2,0,2
S00115570,74,74,0,0,0
S00115571,73,73,0,0,0
S00115572,80,80,0,0,0
S00115573,49,49,0,0,0
S00115574,41,38,3,1,2
S00115575,73,71,2,0,2
S00115576,54,53,1,0,1
S00115577,64,64,0,0,0
S00115578,64,64,0,0,0
S00115579,46,44,2,0,2
S00115580,51,50,1,0,1
S00115581,59,59,0,0,0
S00115582,47,47,0,0,0
S00115583,50,49,1,0,1
S00115584,40,40,0,0,0
S00115585,55,55,0,0,0
S00115586,57,57,0,0,0
S00115587,48,48,0,0,0
S00115588,76,74,2,0,2
S00115589,71,71,0,0,0
S00115590,43,43,0,0,0
S00115591,61,60,1,0,1
S00115592,67,66,1,0,1
S00115593,50,50,0,0,0
S00115594,52,52,0,0,0
S00115595,40,40,0,0,0
S00115596,52,52,0,0,0
S00115597,64,59,5,0,5
S00115598,41,40,1,0,1
S00115599,54,54,0,0,0
S00115600,69,69,0,0,0
S00115601,41,41,0,0,0
S00115602,76,76,0,0,0
S00115603,53,38,15,0,15
S00115604,54,49,5,0,5
S00115605,54,42,12,0,12
S00115606,64,55,9,0,9
S00115607,45,33,12,0,12
S00115608,102,76,26,0,26
S00115609,42,42,0,0,0
S00115610,29,29,0,0,0
S00115611,49,49,0,0,0
S00115612,76,75,1,0,1
S00115613,58,57,1,0,1
S00115614,48,48,0,0,0
S00115615,46,46,0,0,0
S00115616,52,52,0,0,0
S00115617,42,42,0,0,0
S00115618,44,44,0,0,0
S00115619,51,49,2,0,2
S00115620,48,48,0,0,0
S00115621,53,53,0,0,0
S00115622,49,48,1,0,1
S00115623,48,48,0,0,0
S00115624,44,44,0,0,0
S00115625,70,70,0,0,0
S00115626,66,65,1,0,1
S00115627,50,50,0,0,0
S00115628,48,47,1,0,1
S00115629,43,42,1,0,1
S00115630,64,63,1,0,1
S00115631,67,67,0,0,0
S00115632,59,59,0,0,0
S00115633,46,46,0,0,0
S00115634,59,58,1,0,1
S00115635,63,61,2,0,2
S00115636,52,51,1,0,1
S00115637,51,50,1,0,1
S00115638,53,52,1,0,1
S00115639,57,57,0,0,0
S00115640,56,56,0,0,0
S00115641,40,39,1,1,0
S00115642,87,84,3,0,3
S00115643,63,61,2,0,2
S00115644,48,46,2,1,1
S00115645,26,25,1,0,1
S00115646,43,43,0,0,0
S00115647,50,49,1,0,1
S00115648,51,50,1,0,1
S00115649,50,49,1,0,1
S00115650,33,33,0,0,0
S00115651,56,56,0,0,0
S00115652,39,39,0,0,0
S00115653,53,52,1,0,1
S00115654,26,26,0,0,0
S00115655,56,56,0,0,0
S00115656,52,51,1,0,1
S00115657,46,46,0,0,0
S00115658,76,76,0,0,0
S00115659,40,40,0,0,0
S00115660,42,42,0,0,0
S00115661,49,49,0,0,0
S00115662,47,47,0,0,0
S00115663,36,36,0,0,0
S00115664,60,60,0,0,0
S00115665,67,65,2,0,2
S00115666,49,49,0,0,0
S00115667,22,22,0,0,0
S00115668,58,58,0,0,0
S00115669,43,43,0,0,0
S00115670,69,66,3,0,3
S00115671,70,68,2,0,2
S00115672,77,77,0,0,0
S00115673,64,63,1,0,1
S00115674,56,55,1,0,1
S00115675,31,31,0,0,0
S00115676,46,46,0,0,0
S00115677,63,63,0,0,0
S00115678,58,57,1,0,1
S00115679,74,72,2,0,2
S00115680,47,47,0,0,0
S00115681,73,71,2,0,2
S00115682,61,61,0,0,0
S00115683,57,56,1,0,1
S00115684,49,49,0,0,0
S00115685,44,43,1,0,1
S00115686,71,71,0,0,0
S00115687,51,50,1,0,1
S00115688,34,34,0,0,0
S00115689,56,56,0,0,0
S00115690,44,44,0,0,0
S00115691,62,62,0,0,0
S00115692,76,75,1,0,1
S00115693,60,58,2,0,2
S00115694,56,55,1,0,1
S00115695,46,46,0,0,0
S00115696,45,45,0,0,0
S00115697,53,53,0,0,0
S00115698,48,48,0,0,0
S00115699,41,41,0,0,0
S00115700,69,69,0,0,0
S00115701,65,65,0,0,0
S00115702,58,58,0,0,0
S00115703,53,52,1,0,1
S00115704,50,49,1,0,1
S00115705,28,27,1,0,1
S00115706,43,43,0,0,0
S00115707,47,47,0,0,0
S00115708,53,52,1,0,1
S00115709,55,55,0,0,0
S00115710,55,55,0,0,0
S00115711,50,50,0,0,0
S00115712,44,43,1,0,1
S00115713,56,55,1,1,0
S00115714,43,42,1,0,1
S00115715,57,56,1,0,1
S00115716,37,37,0,0,0
S00115717,53,53,0,0,0
S00115718,86,85,1,0,1
S00115719,41,41,0,0,0
S00115720,24,24,0,0,0
S00115721,42,41,1,0,1
S00115722,35,34,1,1,0
S00115723,24,21,3,3,0
S00115724,39,39,0,0,0
S00115725,39,39,0,0,0
S00115726,37,37,0,0,0
S00115727,51,51,0,0,0
S00115728,50,49,1,0,1
S00115729,70,70,0,0,0
S00115730,74,74,0,0,0
S00115731,44,44,0,0,0
S00115732,73,73,0,0,0
S00115733,66,66,0,0,0
S00115734,50,49,1,0,1
S00115735,67,67,0,0,0
S00115736,46,46,0,0,0
S00115737,43,43,0,0,0
S00115738,41,40,1,0,1
S00115739,51,49,2,0,2
S00115740,71,71,0,0,0
S00115741,30,30,0,0,0
S00115742,54,54,0,0,0
S00115743,42,42,0,0,0
S00115744,56,56,0,0,0
S00115745,22,22,0,0,0
S00115746,23,23,0,0,0
S00115747,57,49,8,0,8
S00115748,68,66,2,0,2
S00115749,72,71,1,0,1
S00115750,44,44,0,0,0
S00115751,30,26,4,4,0
S00115752,48,48,0,0,0
S00115753,60,59,1,0,1
S00115754,57,57,0,0,0
S00115755,38,38,0,0,0
S00115756,73,73,0,0,0
S00115757,69,68,1,0,1
S00115758,73,72,1,0,1
S00115759,31,31,0,0,0
S00115760,85,83,2,0,2
S00115761,64,62,2,0,2
S00115762,76,74,2,0,2
S00115763,56,55,1,0,1
S00115764,50,50,0,0,0
S00115765,63,61,2,2,0
S00115766,73,73,0,0,0
S00115767,61,61,0,0,0
S00115768,53,52,1,0,1
S00115769,47,47,0,0,0
S00115770,51,51,0,0,0
S00115771,30,30,0,0,0
S00115772,51,51,0,0,0
S00115773,60,60,0,0,0
S00115774,45,45,0,0,0
S00115775,40,40,0,0,0
S00115776,48,48,0,0,0
S00115777,56,56,0,0,0
S00115778,40,40,0,0,0
S00115779,54,54,0,0,0
S00115780,49,49,0,0,0
S00115781,64,64,0,0,0
S00115782,45,45,0,0,0
S00115783,61,61,0,0,0
S00115784,68,66,2,1,1
S00115785,57,57,0,0,0
S00115786,72,71,1,0,1
S00115787,65,62,3,0,3
S00115788,46,46,0,0,0
S00115789,56,56,0,0,0
S00115790,48,48,0,0,0
S00115791,56,55,1,0,1
S00115792,45,45,0,0,0
S00115793,73,73,0,0,0
S00115794,73,72,1,0,1
S00115795,61,61,0,0,0
S00115796,36,36,0,0,0
S00115797,76,76,0,0,0
S00115798,24,24,0,0,0
S00115799,53,51,2,2,0
S00115800,65,65,0,0,0
S00115801,55,55,0,0,0
S00115802,75,73,2,0,2
S00115803,43,42,1,0,1
S00115804,70,69,1,0,1
S00115805,56,52,4,0,4
S00115806,59,58,1,0,1
S00115807,34,34,0,0,0
S00115808,46,46,0,0,0
S00115809,40,39,1,1,0
S00115810,47,47,0,0,0
S00115811,42,42,0,0,0
S00115812,41,40,1,0,1
S00115813,54,53,1,0,1
S00115814,45,42,3,0,3
S00115815,53,53,0,0,0
S00115816,52,51,1,0,1
S00115817,41,41,0,0,0
S00115818,42,41,1,0,1
S00115819,52,51,1,0,1
S00115820,43,43,0,0,0
S00115821,43,42,1,0,1
S00115822,50,50,0,0,0
S00115823,69,67,2,0,2
S00115824,64,64,0,0,0
S00115825,51,51,0,0,0
S00115826,55,54,1,0,1
S00115827,45,42,3,0,3
S00115828,48,47,1,0,1
S00115829,47,46,1,0,1
S00115830,69,69,0,0,0
S00115831,33,33,0,0,0
S00115832,49,47,2,0,2
S00115833,48,48,0,0,0
S00115834,46,46,0,0,0
S00115835,62,60,2,1,1
S00115836,40,39,1,0,1
S00115837,41,41,0,0,0
S00115838,49,48,1,0,1
S00115839,52,52,0,0,0
S00115840,52,52,0,0,0
S00115841,45,44,1,0,1
S00115842,81,77,4,0,4
S00115843,36,36,0,0,0
S00115844,46,45,1,0,1
S00115845,47,47,0,0,0
S00115846,67,63,4,1,3
S00115847,78,74,4,0,4
S00115848,47,46,1,0,1
S00115849,65,63,2,0,2
S00115850,37,37,0,0,0
S00115851,42,42,0,0,0
S00115852,47,47,0,0,0
S00115853,40,40,0,0,0
S00115854,61,60,1,0,1
S00115855,51,50,1,0,1
S00115856,57,56,1,0,1
S00115857,47,45,2,0,2
S00115858,44,43,1,0,1
S00115859,68,68,0,0,0
S00115860,43,43,0,0,0
S00115861,72,71,1,0,1
S00115862,61,61,0,0,0
S00115863,52,52,0,0,0
S00115864,48,48,0,0,0
S00115865,42,42,0,0,0
S00115866,60,60,0,0,0
S00115867,42,42,0,0,0
S00115868,46,46,0,0,0
S00115869,45,45,0,0,0
S00115870,62,62,0,0,0
S00115871,42,42,0,0,0
S00115872,56,56,0,0,0
S00115873,50,49,1,0,1
S00115874,47,46,1,0,1
S00115875,64,64,0,0,0
S00115876,41,41,0,0,0
S00115877,45,45,0,0,0
S00115878,53,53,0,0,0
S00115879,52,52,0,0,0
S00115880,41,40,1,0,1
S00115881,46,46,0,0,0
S00115882,45,44,1,0,1
S00115883,38,38,0,0,0
S00115884,40,40,0,0,0
S00115885,44,44,0,0,0
S00115886,55,55,0,0,0
S00115887,55,55,0,0,0
S00115888,48,48,0,0,0
S00115889,52,51,1,0,1
S00115890,45,45,0,0,0
S00115891,46,46,0,0,0
S00115892,41,41,0,0,0
S00115893,69,69,0,0,0
S00115894,66,64,2,0,2
S00115895,38,37,1,0,1
S00115896,68,68,0,0,0
S00115897,41,41,0,0,0
S00115898,52,50,2,0,2
S00115899,36,36,0,0,0
S00115900,55,55,0,0,0
S00115901,54,54,0,0,0
S00115902,63,63,0,0,0
S00115903,62,62,0,0,0
S00115904,45,45,0,0,0
S00115905,38,37,1,0,1
S00115906,36,36,0,0,0
S00115907,32,32,0,0,0
S00115908,61,61,0,0,0
S00115909,46,46,0,0,0
S00115910,57,56,1,0,1
S00115911,51,51,0,0,0
S00115912,75,74,1,0,1
S00115913,67,67,0,0,0
S00115914,53,52,1,0,1
S00115915,67,65,2,0,2
S00115916,77,77,0,0,0
S00115917,62,62,0,0,0
S00115918,62,60,2,0,2
S00115919,59,59,0,0,0
S00115920,59,55,4,0,4
S00115921,48,48,0,0,0
S00115922,67,64,3,0,3
S00115923,84,77,7,1,6
S00115924,53,49,4,0,4
S00115925,34,31,3,1,2
S00115926,49,44,5,0,5
S00115927,57,47,10,1,9
S00115928,21,21,0,0,0
S00115929,32,29,3,0,3
S00115930,63,60,3,0,3
S00115931,62,62,0,0,0
S00115932,61,60,1,0,1
S00115933,62,59,3,0,3
S00115934,71,66,5,0,5
S00115935,52,51,1,0,1
S00115936,74,74,0,0,0
S00115937,51,50,1,0,1
S00115938,38,38,0,0,0
S00115939,34,34,0,0,0
S00115940,54,53,1,0,1
S00115941,37,36,1,0,1
S00115942,44,44,0,0,0
S00115943,45,45,0,0,0
S00115944,50,48,2,0,2
S00115945,61,61,0,0,0
S00115946,40,40,0,0,0
S00115947,64,63,1,0,1
S00115948,65,64,1,0,1
S00115949,44,44,0,0,0
S00115950,46,46,0,0,0
S00115951,48,47,1,0,1
S00115952,38,36,2,0,2
S00115953,46,46,0,0,0
S00115954,31,30,1,0,1
S00115955,59,57,2,0,2
S00115956,47,47,0,0,0
S00115957,25,25,0,0,0
S00115958,57,57,0,0,0
S00115959,31,31,0,0,0
S00115960,36,36,0,0,0
S00115961,73,71,2,0,2
S00115962,58,58,0,0,0
S00115963,29,28,1,0,1
S00115964,74,56,18,15,3
S00115965,49,48,1,0,1
S00115966,60,60,0,0,0
S00115967,41,40,1,0,1
S00115968,60,59,1,0,1
S00115969,39,39,0,0,0
S00115970,71,70,1,0,1
S00115971,65,65,0,0,0
S00115972,22,22,0,0,0
S00115973,32,32,0,0,0
S00115974,40,40,0,0,0
S00115975,47,47,0,0,0
S00115976,40,40,0,0,0
S00115977,62,59,3,0,3
S00115978,33,33,0,0,0
S00115979,47,46,1,0,1
S00115980,50,46,4,0,4
S00115981,72,70,2,0,2
S00115982,66,65,1,0,1
S00115983,56,55,1,0,1
S00115984,36,36,0,0,0
S00115985,63,63,0,0,0
S00115986,34,33,1,0,1
S00115987,48,47,1,0,1
S00115988,54,53,1,0,1
S00115989,58,56,2,0,2
S00115990,44,44,0,0,0
S00115991,72,70,2,0,2
S00115992,92,88,4,0,4
S00115993,32,32,0,0,0
S00115994,37,37,0,0,0
S00115995,90,89,1,0,1
S00115996,28,27,1,0,1
S00115997,26,26,0,0,0
S00115998,48,48,0,0,0
S00115999,42,41,1,1,0
S00116000,41,41,0,0,0
S00116001,43,43,0,0,0
S00116002,38,38,0,0,0
S00116003,36,36,0,0,0
S00116004,48,46,2,0,2
S00116005,54,54,0,0,0
S00116006,48,47,1,0,1
S00116007,54,54,0,0,0
S00116008,30,30,0,0,0
S00116009,52,52,0,0,0
S00116010,66,62,4,0,4
S00116011,22,22,0,0,0
S00116012,44,44,0,0,0
S00116013,35,35,0,0,0
S00116014,69,69,0,0,0
S00116015,49,48,1,0,1
S00116016,69,67,2,0,2
S00116017,47,47,0,0,0
S00116018,44,44,0,0,0
S00116019,42,42,0,0,0
S00116020,22,22,0,0,0
S00116021,42,42,0,0,0
S00116022,42,42,0,0,0
S00116023,41,38,3,0,3
S00116024,32,31,1,0,1
S00116025,32,25,7,0,7
S00116026,48,43,5,0,5
S00116027,42,42,0,0,0
S00116028,27,27,0,0,0
S00116029,47,47,0,0,0
S00116030,32,32,0,0,0
S00116031,35,35,0,0,0
S00116032,39,38,1,0,1
S00116033,29,27,2,0,2
S00116034,31,31,0,0,0
S00116035,84,79,5,0,5
S00116036,76,75,1,0,1
S00116037,73,72,1,1,0
S00116038,71,70,1,0,1
S00116039,75,75,0,0,0
S00116040,76,75,1,1,0
S00116041,57,57,0,0,0
S00116042,39,37,2,0,2
S00116043,36,36,0,0,0
S00116044,42,42,0,0,0
S00116045,63,61,2,0,2
S00116046,38,38,0,0,0
S00116047,58,57,1,0,1
S00116048,44,44,0,0,0
S00116049,48,48,0,0,0
S00116050,38,36,2,0,2
S00116051,43,41,2,0,2
S00116052,70,70,0,0,0
S00116053,70,70,0,0,0
S00116054,60,58,2,0,2
S00116055,71,71,0,0,0
S00116056,40,40,0,0,0
S00116057,70,70,0,0,0
S00116058,48,47,1,0,1
S00116059,60,59,1,0,1
S00116060,54,54,0,0,0
S00116061,35,35,0,0,0
S00116062,58,57,1,0,1
S00116063,81,72,9,0,9
S00116064,52,45,7,0,7
S00116065,52,52,0,0,0
S00116066,51,50,1,0,1
S00116067,60,56,4,0,4
S00116068,38,38,0,0,0
S00116069,34,34,0,0,0
S00116070,51,51,0,0,0
S00116071,42,41,1,1,0
S00116072,39,37,2,0,2
S00116073,53,52,1,0,1
S00116074,29,27,2,0,2
S00116075,59,52,7,0,7
S00116076,42,42,0,0,0
S00116077,42,42,0,0,0
S00116078,41,40,1,0,1
S00116079,46,46,0,0,0
S00116080,38,37,1,0,1
S00116081,47,46,1,0,1
S00116082,44,44,0,0,0
S00116083,46,46,0,0,0
S00116084,59,59,0,0,0
S00116085,49,49,0,0,0
S00116086,56,54,2,0,2
S00116087,33,33,0,0,0
S00116088,24,24,0,0,0
S00116089,50,50,0,0,0
S00116090,65,64,1,0,1
S00116091,48,48,0,0,0
S00116092,41,41,0,0,0
S00116093,45,44,1,0,1
S00116094,72,72,0,0,0
S00116095,54,54,0,0,0
S00116096,67,67,0,0,0
S00116097,30,30,0,0,0
S00116098,38,38,0,0,0
S00116099,57,57,0,0,0
S00116100,49,49,0,0,0
S00116101,45,45,0,0,0
S00116102,37,37,0,0,0
S00116103,36,36,0,0,0
S00116104,46,46,0,0,0
S00116105,72,72,0,0,0
S00116106,44,44,0,0,0
S00116107,32,32,0,0,0
S00116108,54,51,3,0,3
S00116109,72,71,1,0,1
S00116110,49,49,0,0,0
S00116111,34,34,0,0,0
S00116112,52,50,2,1,1
S00116113,32,31,1,0,1
S00116114,34,33,1,0,1
S00116115,57,57,0,0,0
S00116116,65,64,1,1,0
S00116117,62,61,1,0,1
S00116118,24,23,1,0,1
S00116119,28,27,1,0,1
S00116120,39,37,2,0,2
S00116121,39,35,4,4,0
S00116122,25,25,0,0,0
S00116123,37,37,0,0,0
S00116124,50,50,0,0,0
S00116125,49,49,0,0,0
S00116126,37,37,0,0,0
S00116127,26,26,0,0,0
S00116128,29,29,0,0,0
S00116129,40,40,0,0,0
S00116130,37,37,0,0,0
S00116131,51,51,0,0,0
S00116132,54,54,0,0,0
S00116133,34,34,0,0,0
S00116134,40,40,0,0,0
S00116135,39,39,0,0,0
S00116136,39,38,1,0,1
S00116137,75,73,2,0,2
S00116138,65,64,1,0,1
S00116139,36,36,0,0,0
S00116140,53,53,0,0,0
S00116141,75,75,0,0,0
S00116142,68,66,2,0,2
S00116143,61,59,2,0,2
S00116144,35,35,0,0,0
S00116145,50,49,1,0,1
S00116146,46,45,1,0,1
S00116147,58,58,0,0,0
S00116148,41,41,0,0,0
S00116149,34,34,0,0,0
S00116150,48,47,1,0,1
S00116151,49,49,0,0,0
S00116152,43,43,0,0,0
S00116153,42,41,1,0,1
S00116154,72,72,0,0,0
S00116155,40,39,1,0,1
S00116156,58,58,0,0,0
S00116157,47,47,0,0,0
S00116158,63,62,1,0,1
S00116159,42,41,1,0,1
S00116160,46,46,0,0,0
S00116161,71,70,1,0,1
S00116162,44,44,0,0,0
S00116163,44,43,1,0,1
S00116164,39,38,1,0,1
S00116165,47,44,3,0,3
S00116166,40,40,0,0,0
S00116167,34,34,0,0,0
S00116168,34,32,2,0,2
S00116169,40,40,0,0,0
S00116170,35,35,0,0,0
S00116171,71,70,1,0,1
S00116172,55,54,1,1,0
S00116173,64,64,0,0,0
S00116174,63,63,0,0,0
S00116175,45,45,0,0,0
S00116176,42,42,0,0,0
S00116177,36,36,0,0,0
S00116178,56,56,0,0,0
S00116179,35,35,0,0,0
S00116180,74,70,4,0,4
S00116181,68,65,3,0,3
S00116182,61,61,0,0,0
S00116183,44,44,0,0,0
S00116184,41,40,1,0,1
S00116185,75,55,20,0,20
S00116186,45,44,1,0,1
S00116187,95,95,0,0,0
S00116188,73,69,4,0,4
S00116189,42,40,2,0,2
S00116190,33,32,1,0,1
S00116191,25,23,2,0,2
S00116192,49,49,0,0,0
S00116193,73,73,0,0,0
S00116194,42,42,0,0,0
S00116195,73,72,1,0,1
S00116196,36,36,0,0,0
S00116197,40,40,0,0,0
S00116198,48,48,0,0,0
S00116199,42,42,0,0,0
S00116200,48,47,1,1,0
S00116201,79,77,2,0,2
S00116202,62,62,0,0,0
S00116203,68,68,0,0,0
S00116204,49,49,0,0,0
S00116205,30,29,1,0,1
S00116206,50,48,2,0,2
S00116207,47,45,2,0,2
S00116208,52,51,1,0,1
S00116209,35,34,1,0,1
S00116210,80,47,33,0,33
S00116211,20,20,0,0,0
S00116212,78,77,1,0,1
S00116213,71,68,3,1,2
S00116214,22,22,0,0,0
S00116215,39,39,0,0,0
S00116216,52,50,2,0,2
S00116217,48,48,0,0,0
S00116218,50,49,1,0,1
S00116219,32,32,0,0,0
S00116220,53,53,0,0,0
S00116221,39,38,1,0,1
S00116222,40,40,0,0,0
S00116223,59,57,2,2,0
S00116224,63,63,0,0,0
S00116225,47,47,0,0,0
S00116226,40,40,0,0,0
S00116227,41,39,2,0,2
S00116228,59,57,2,0,2
S00116229,29,29,0,0,0
S00116230,34,34,0,0,0
S00116231,43,42,1,0,1
S00116232,79,79,0,0,0
S00116233,26,26,0,0,0
S00116234,63,63,0,0,0
S00116235,61,60,1,0,1
S00116236,56,56,0,0,0
S00116237,33,33,0,0,0
S00116238,53,52,1,0,1
S00116239,47,43,4,0,4
S00116240,62,62,0,0,0
S00116241,33,31,2,0,2
S00116242,73,72,1,0,1
S00116243,43,43,0,0,0
S00116244,43,43,0,0,0
S00116245,44,44,0,0,0
S00116246,46,45,1,0,1
S00116247,75,74,1,0,1
S00116248,31,31,0,0,0
S00116249,28,28,0,0,0
S00116250,21,21,0,0,0
S00116251,47,44,3,0,3
S00116252,70,64,6,0,6
S00116253,114,103,11,1,10
S00116254,79,77,2,1,1
S00116255,36,35,1,0,1
S00116256,62,62,0,0,0
S00116257,24,23,1,0,1
S00116258,61,57,4,0,4
S00116259,84,84,0,0,0
S00116260,53,49,4,0,4
S00116261,40,40,0,0,0
S00116262,39,38,1,0,1
S00116263,77,74,3,0,3
S00116264,41,41,0,0,0
S00116265,61,61,0,0,0
S00116266,40,40,0,0,0
S00116267,50,50,0,0,0
S00116268,37,37,0,0,0
S00116269,22,20,2,1,1
S00116270,26,26,0,0,0
S00116271,33,33,0,0,0
S00116272,63,62,1,0,1
S00116273,40,39,1,0,1
S00116274,22,21,1,0,1
S00116275,44,43,1,0,1
S00116276,56,56,0,0,0
S00116277,73,72,1,0,1
S00116278,51,47,4,0,4
S00116279,40,40,0,0,0
S00116280,68,68,0,0,0
S00116281,33,32,1,0,1
S00116282,34,34,0,0,0
S00116283,37,36,1,0,1
S00116284,40,39,1,0,1
S00116285,22,22,0,0,0
S00116286,47,46,1,0,1
S00116287,42,41,1,0,1
S00116288,36,36,0,0,0
S00116289,39,39,0,0,0
S00116290,43,43,0,0,0
S00116291,55,55,0,0,0
S00116292,48,48,0,0,0
S00116293,52,52,0,0,0
S00116294,56,55,1,0,1
S00116295,37,36,1,0,1
S00116296,62,60,2,1,1
S00116297,74,72,2,0,2
S00116298,39,38,1,0,1
S00116299,52,51,1,1,0
S00116300,75,73,2,0,2
S00116301,36,36,0,0,0
S00116302,46,45,1,1,0
S00116303,28,27,1,0,1
S00116304,59,59,0,0,0
S00116305,40,40,0,0,0
S00116306,46,46,0,0,0
S00116307,42,41,1,1,0
S00116308,70,70,0,0,0
S00116309,58,58,0,0,0
S00116310,48,48,0,0,0
S00116311,31,31,0,0,0
S00116312,53,53,0,0,0
S00116313,37,37,0,0,0
S00116314,60,60,0,0,0
S00116315,68,65,3,3,0
S00116316,35,35,0,0,0
S00116317,68,68,0,0,0
S00116318,59,58,1,0,1
S00116319,48,48,0,0,0
S00116320,30,30,0,0,0
S00116321,28,27,1,0,1
S00116322,65,65,0,0,0
S00116323,70,63,7,0,7
S00116324,77,77,0,0,0
S00116325,33,33,0,0,0
S00116326,43,42,1,0,1
S00116327,73,73,0,0,0
S00116328,59,58,1,0,1
S00116329,61,60,1,0,1
S00116330,74,73,1,0,1
S00116331,40,39,1,0,1
S00116332,43,43,0,0,0
S00116333,29,29,0,0,0
S00116334,51,50,1,0,1
S00116335,58,58,0,0,0
S00116336,49,49,0,0,0
S00116337,29,29,0,0,0
S00116338,48,47,1,0,1
S00116339,44,44,0,0,0
S00116340,33,33,0,0,0
S00116341,65,65,0,0,0
S00116342,58,58,0,0,0
S00116343,35,35,0,0,0
S00116344,33,33,0,0,0
S00116345,62,61,1,0,1
S00116346,46,45,1,0,1
S00116347,49,45,4,2,2
S00116348,55,55,0,0,0
S00116349,70,70,0,0,0
S00116350,63,61,2,2,0
S00116351,92,92,0,0,0
S00116352,40,38,2,0,2
S00116353,31,30,1,1,0
S00116354,31,31,0,0,0
S00116355,42,42,0,0,0
S00116356,34,33,1,1,0
S00116357,25,25,0,0,0
S00116358,51,47,4,2,2
S00116359,24,23,1,0,1
S00116360,45,42,3,1,2
S00116361,36,35,1,0,1
S00116362,30,30,0,0,0
S00116363,35,35,0,0,0
S00116364,58,57,1,1,0
S00116365,68,67,1,0,1
S00116366,45,45,0,0,0
S00116367,59,59,0,0,0
S00116368,35,35,0,0,0
S00116369,73,69,4,0,4
S00116370,55,53,2,0,2
S00116371,57,52,5,0,5
S00116372,43,43,0,0,0
S00116373,71,71,0,0,0
S00116374,73,72,1,1,0
S00116375,59,59,0,0,0
S00116376,79,78,1,0,1
S00116377,53,53,0,0,0
S00116378,38,36,2,0,2
S00116379,43,43,0,0,0
S00116380,47,47,0,0,0
S00116381,70,67,3,0,3
S00116382,56,54,2,1,1
S00116383,77,41,36,5,31
S00116384,46,45,1,0,1
S00116385,70,65,5,1,4
S00116386,41,38,3,2,1
S00116387,34,32,2,0,2
S00116388,98,89,9,1,8
S00116389,62,57,5,4,1
S00116390,46,44,2,1,1
S00116391,48,48,0,0,0
S00116392,66,66,0,0,0
S00116393,54,53,1,1,0
S00116394,58,58,0,0,0
S00116395,59,59,0,0,0
S00116396,64,63,1,0,1
S00116397,66,66,0,0,0
S00116398,73,73,0,0,0
S00116399,66,65,1,1,0
S00116400,51,51,0,0,0
S00116401,55,53,2,1,1
S00116402,38,37,1,0,1
S00116403,59,58,1,0,1
S00116404,41,39,2,0,2
S00116405,54,54,0,0,0
S00116406,48,48,0,0,0
S00116407,79,75,4,0,4
S00116408,63,59,4,1,3
S00116409,55,54,1,0,1
S00116410,49,45,4,1,3
S00116411,46,46,0,0,0
S00116412,41,41,0,0,0
S00116413,42,42,0,0,0
S00116414,53,51,2,1,1
S00116415,43,42,1,0,1
S00116416,42,41,1,0,1
S00116417,67,65,2,0,2
S00116418,65,61,4,0,4
S00116419,36,33,3,0,3
S00116420,58,58,0,0,0
S00116421,90,82,8,0,8
S00116422,47,47,0,0,0
S00116423,59,58,1,0,1
S00116424,50,48,2,1,1
S00116425,62,62,0,0,0
S00116426,50,46,4,0,4
S00116427,60,54,6,0,6
S00116428,57,55,2,0,2
S00116429,51,51,0,0,0
S00116430,45,44,1,0,1
S00116431,47,45,2,0,2
S00116432,61,61,0,0,0
S00116433,59,55,4,0,4
S00116434,42,42,0,0,0
S00116435,44,43,1,0,1
S00116436,62,51,11,0,11
S00116437,54,43,11,0,11
S00116438,63,58,5,0,5
S00116439,51,46,5,0,5
S00116440,61,57,4,0,4
S00116441,56,50,6,0,6
S00116442,32,32,0,0,0
S00116443,58,57,1,0,1
S00116444,55,55,0,0,0
S00116445,57,57,0,0,0
S00116446,56,56,0,0,0
S00116447,64,51,13,0,13
S00116448,71,53,18,0,18
S00116449,59,24,35,0,35
S00116450,67,26,41,0,41
S00116451,47,47,0,0,0
S00116452,48,48,0,0,0
S00116453,47,47,0,0,0
S00116454,49,47,2,0,2
S00116455,53,53,0,0,0
S00116456,47,47,0,0,0
S00116457,53,53,0,0,0
S00116458,47,47,0,0,0
S00116459,51,47,4,0,4
S00116460,55,52,3,0,3
S00116461,52,49,3,0,3
S00116462,52,46,6,0,6
S00116463,55,44,11,0,11
S00116464,58,37,21,0,21
S00116465,65,64,1,1,0
S00116466,48,48,0,0,0
S00116467,52,52,0,0,0
S00116468,32,32,0,0,0
S00116469,38,38,0,0,0
S00116470,54,54,0,0,0
S00116471,51,50,1,0,1
S00116472,46,44,2,0,2
S00116473,48,48,0,0,0
S00116474,49,48,1,0,1
S00116475,50,46,4,0,4
S00116476,46,43,3,0,3
S00116477,48,46,2,0,2
S00116478,49,49,0,0,0
S00116479,37,37,0,0,0
S00116480,49,48,1,0,1
S00116481,44,43,1,0,1
S00116482,39,37,2,0,2
S00116483,70,70,0,0,0
S00116484,76,75,1,0,1
S00116485,36,36,0,0,0
S00116486,47,47,0,0,0
S00116487,41,39,2,1,1
S00116488,43,43,0,0,0
S00116489,39,39,0,0,0
S00116490,46,44,2,0,2
S00116491,61,60,1,0,1
S00116492,55,55,0,0,0
S00116493,63,63,0,0,0
S00116494,69,67,2,0,2
S00116495,67,66,1,1,0
S00116496,65,64,1,0,1
S00116497,69,67,2,0,2
S00116498,63,62,1,0,1
S00116499,36,36,0,0,0
S00116500,53,53,0,0,0
S00116501,39,38,1,0,1
S00116502,52,52,0,0,0
S00116503,44,42,2,0,2
S00116504,44,44,0,0,0
S00116505,48,46,2,0,2
S00116506,54,54,0,0,0
S00116507,56,56,0,0,0
S00116508,32,31,1,0,1
S00116509,31,31,0,0,0
S00116510,54,53,1,0,1
S00116511,43,42,1,0,1
S00116512,42,37,5,0,5
S00116513,24,23,1,0,1
S00116514,60,59,1,0,1
S00116515,54,54,0,0,0
S00116516,30,30,0,0,0
S00116517,44,43,1,0,1
S00116518,46,46,0,0,0
S00116519,70,69,1,0,1
S00116520,57,56,1,0,1
S00116521,41,41,0,0,0
S00116522,48,48,0,0,0
S00116523,56,56,0,0,0
S00116524,33,32,1,0,1
S00116525,69,69,0,0,0
S00116526,65,65,0,0,0
S00116527,61,60,1,0,1
S00116528,39,39,0,0,0
S00116529,64,64,0,0,0
S00116530,60,59,1,0,1
S00116531,43,41,2,0,2
S00116532,40,40,0,0,0
S00116533,52,52,0,0,0
S00116534,32,32,0,0,0
S00116535,43,39,4,0,4
S00116536,42,39,3,0,3
S00116537,43,41,2,0,2
S00116538,42,41,1,0,1
S00116539,45,44,1,0,1
S00116540,50,49,1,0,1
S00116541,53,53,0,0,0
S00116542,34,34,0,0,0
S00116543,33,33,0,0,0
S00116544,48,48,0,0,0
S00116545,68,67,1,0,1
S00116546,67,67,0,0,0
S00116547,61,61,0,0,0
S00116548,54,54,0,0,0
S00116549,59,59,0,0,0
S00116550,54,53,1,0,1
S00116551,49,48,1,0,1
S00116552,46,40,6,0,6
S00116553,50,50,0,0,0
S00116554,37,37,0,0,0
S00116555,54,50,4,0,4
S00116556,59,58,1,0,1
S00116557,46,46,0,0,0
S00116558,35,35,0,0,0
S00116559,75,75,0,0,0
S00116560,59,58,1,0,1
S00116561,55,54,1,0,1
S00116562,42,41,1,0,1
S00116563,42,42,0,0,0
S00116564,53,53,0,0,0
S00116565,47,47,0,0,0
S00116566,44,42,2,1,1
S00116567,44,43,1,0,1
S00116568,63,62,1,1,0
S00116569,60,58,2,0,2
S00116570,70,66,4,1,3
S00116571,64,63,1,0,1
S00116572,54,54,0,0,0
S00116573,91,90,1,0,1
S00116574,90,88,2,0,2
S00116575,60,59,1,1,0
S00116576,50,50,0,0,0
S00116577,52,45,7,1,6
S00116578,57,54,3,1,2
S00116579,53,45,8,0,8
S00116580,59,54,5,1,4
S00116581,59,59,0,0,0
S00116582,89,73,16,1,15
S00116583,73,72,1,0,1
S00116584,65,64,1,1,0
S00116585,48,46,2,0,2
S00116586,87,80,7,0,7
S00116587,49,47,2,0,2
S00116588,62,57,5,1,4
S00116589,30,28,2,1,1
S00116590,37,36,1,1,0
S00116591,80,77,3,3,0
S00116592,69,69,0,0,0
S00116593,85,83,2,2,0
S00116594,36,36,0,0,0
S00116595,61,60,1,0,1
S00116596,61,61,0,0,0
S00116597,60,60,0,0,0
S00116598,45,45,0,0,0
S00116599,55,55,0,0,0
S00116600,24,24,0,0,0
S00116601,57,56,1,1,0
S00116602,59,59,0,0,0
S00116603,91,89,2,1,1
S00116604,57,57,0,0,0
S00116605,47,47,0,0,0
S00116606,66,64,2,1,1
S00116607,69,69,0,0,0
S00116608,47,47,0,0,0
S00116609,54,54,0,0,0
S00116610,42,42,0,0,0
S00116611,76,73,3,0,3
S00116612,73,70,3,2,1
S00116613,57,57,0,0,0
S00116614,48,48,0,0,0
S00116615,61,60,1,1,0
S00116616,51,51,0,0,0
S00116617,92,92,0,0,0
S00116618,62,61,1,1,0
S00116619,49,49,0,0,0
S00116620,73,68,5,3,2
S00116621,40,40,0,0,0
S00116622,54,53,1,1,0
S00116623,51,46,5,0,5
S00116624,54,54,0,0,0
S00116625,56,51,5,3,2
S00116626,54,52,2,1,1
S00116627,79,77,2,2,0
S00116628,56,54,2,0,2
S00116629,104,104,0,0,0
S00116630,38,37,1,1,0
S00116631,71,69,2,1,1
S00116632,42,42,0,0,0
S00116633,80,78,2,1,1
S00116634,51,50,1,0,1
S00116635,68,67,1,0,1
S00116636,53,53,0,0,0
S00116637,199,78,121,0,121
S00116638,74,68,6,0,6
S00116639,53,52,1,0,1
S00116640,46,46,0,0,0
S00116641,38,38,0,0,0
S00116642,39,39,0,0,0
S00116643,79,76,3,1,2
S00116644,56,55,1,1,0
S00116645,48,47,1,0,1
S00116646,83,82,1,1,0
S00116647,41,41,0,0,0
S00116648,65,65,0,0,0
S00116649,48,48,0,0,0
S00116650,44,43,1,1,0
S00116651,40,39,1,0,1
S00116652,44,43,1,0,1
S00116653,65,64,1,0,1
S00116654,66,66,0,0,0
S00116655,63,63,0,0,0
S00116656,65,65,0,0,0
S00116657,63,63,0,0,0
S00116658,64,64,0,0,0
S00116659,44,43,1,1,0
S00116660,74,74,0,0,0
S00116661,78,76,2,1,1
S00116662,74,74,0,0,0
S00116663,64,63,1,0,1
S00116664,71,71,0,0,0
S00116665,67,66,1,0,1
S00116666,59,59,0,0,0
S00116667,35,34,1,0,1
S00116668,51,51,0,0,0
S00116669,73,71,2,0,2
S00116670,57,55,2,0,2
S00116671,45,45,0,0,0
S00116672,59,56,3,0,3
S00116673,58,54,4,0,4
S00116674,72,66,6,0,6
S00116675,76,74,2,0,2
S00116676,52,51,1,0,1
S00116677,72,66,6,1,5
S00116678,77,76,1,0,1
S00116679,83,77,6,1,5
S00116680,48,47,1,0,1
S00116681,45,44,1,0,1
S00116682,59,59,0,0,0
S00116683,60,58,2,1,1
S00116684,85,84,1,0,1
S00116685,71,71,0,0,0
S00116686,68,68,0,0,0
S00116687,76,76,0,0,0
S00116688,35,35,0,0,0
S00116689,65,65,0,0,0
S00116690,68,68,0,0,0
S00116691,52,36,16,0,16
S00116692,48,47,1,0,1
S00116693,49,49,0,0,0
S00116694,41,41,0,0,0
S00116695,40,40,0,0,0
S00116696,73,70,3,0,3
S00116697,72,71,1,0,1
S00116698,62,61,1,1,0
S00116699,36,36,0,0,0
S00116700,61,60,1,0,1
S00116701,66,66,0,0,0
S00116702,62,62,0,0,0
S00116703,70,70,0,0,0
S00116704,34,34,0,0,0
S00116705,78,78,0,0,0
S00116706,67,61,6,0,6
S00116707,59,59,0,0,0
S00116708,35,35,0,0,0
S00116709,71,70,1,1,0
S00116710,45,44,1,0,1
S00116711,72,71,1,0,1
S00116712,51,50,1,1,0
S00116713,66,66,0,0,0
S00116714,85,76,9,1,8
S00116715,51,48,3,0,3
S00116716,65,64,1,1,0
S00116717,53,53,0,0,0
S00116718,49,46,3,0,3
S00116719,80,80,0,0,0
S00116720,59,58,1,0,1
S00116721,58,53,5,0,5
S00116722,43,43,0,0,0
S00116723,48,48,0,0,0
S00116724,63,62,1,0,1
S00116725,47,46,1,0,1
S00116726,64,63,1,0,1
S00116727,59,58,1,0,1
S00116728,49,45,4,2,2
S00116729,70,70,0,0,0
S00116730,61,56,5,0,5
S00116731,52,51,1,0,1
S00116732,63,63,0,0,0
S00116733,71,71,0,0,0
S00116734,45,43,2,0,2
S00116735,73,70,3,1,2
S00116736,29,29,0,0,0
S00116737,57,57,0,0,0
S00116738,65,65,0,0,0
S00116739,42,42,0,0,0
S00116740,52,52,0,0,0
S00116741,69,69,0,0,0
S00116742,62,61,1,0,1
S00116743,51,50,1,0,1
S00116744,48,47,1,0,1
S00116745,92,85,7,1,6
S00116746,39,36,3,0,3
S00116747,81,81,0,0,0
S00116748,23,22,1,0,1
S00116749,72,70,2,0,2
S00116750,48,48,0,0,0
S00116751,33,33,0,0,0
S00116752,46,42,4,2,2
S00116753,40,37,3,0,3
S00116754,109,106,3,1,2
S00116755,42,38,4,0,4
S00116756,59,54,5,0,5
S00116757,57,56,1,0,1
S00116758,51,43,8,0,8
S00116759,47,47,0,0,0
S00116760,46,45,1,0,1
S00116761,31,31,0,0,0
S00116762,75,73,2,0,2
S00116763,38,35,3,2,1
S00116764,56,54,2,0,2
S00116765,56,55,1,0,1
S00116766,53,53,0,0,0
S00116767,57,57,0,0,0
S00116768,60,59,1,1,0
S00116769,45,43,2,1,1
S00116770,38,37,1,1,0
S00116771,34,34,0,0,0
S00116772,25,25,0,0,0
S00116773,52,50,2,1,1
S00116774,54,54,0,0,0
S00116775,30,29,1,1,0
S00116776,53,52,1,1,0
S00116777,40,36,4,0,4
S00116778,56,55,1,0,1
S00116779,63,59,4,1,3
S00116780,50,47,3,1,2
S00116781,65,65,0,0,0
S00116782,76,75,1,1,0
S00116783,39,39,0,0,0
S00116784,39,39,0,0,0
S00116785,39,37,2,2,0
S00116786,46,46,0,0,0
S00116787,22,22,0,0,0
S00116788,37,36,1,0,1
S00116789,53,53,0,0,0
S00116790,82,78,4,0,4
S00116791,90,87,3,0,3
S00116792,71,70,1,0,1
S00116793,44,44,0,0,0
S00116794,80,80,0,0,0
S00116795,70,69,1,0,1
S00116796,30,30,0,0,0
S00116797,69,68,1,0,1
S00116798,70,70,0,0,0
S00116799,37,36,1,0,1
S00116800,26,22,4,0,4
S00116801,59,57,2,0,2
S00116802,53,52,1,0,1
S00116803,70,68,2,0,2
S00116804,65,63,2,1,1
S00116805,113,111,2,1,1
S00116806,56,55,1,0,1
S00116807,50,49,1,0,1
S00116808,27,27,0,0,0
S00116809,48,44,4,0,4
S00116810,86,75,11,1,10
S00116811,37,35,2,0,2
S00116812,64,64,0,0,0
S00116813,55,54,1,0,1
S00116814,28,28,0,0,0
S00116815,50,50,0,0,0
S00116816,52,51,1,0,1
S00116817,43,43,0,0,0
S00116818,36,36,0,0,0
S00116819,37,37,0,0,0
S00116820,80,77,3,0,3
S00116821,37,35,2,0,2
S00116822,45,43,2,0,2
S00116823,69,63,6,0,6
S00116824,71,71,0,0,0
S00116825,44,44,0,0,0
S00116826,25,25,0,0,0
S00116827,56,56,0,0,0
S00116828,34,34,0,0,0
S00116829,49,48,1,0,1
S00116830,48,48,0,0,0
S00116831,42,42,0,0,0
S00116832,33,33,0,0,0
S00116833,44,43,1,0,1
S00116834,51,49,2,0,2
S00116835,42,41,1,0,1
S00116836,48,48,0,0,0
S00116837,47,47,0,0,0
S00116838,42,42,0,0,0
S00116839,49,49,0,0,0
S00116840,61,61,0,0,0
S00116841,41,41,0,0,0
S00116842,56,56,0,0,0
S00116843,42,41,1,0,1
S00116844,34,34,0,0,0
S00116845,47,46,1,0,1
S00116846,39,38,1,0,1
S00116847,48,48,0,0,0
S00116848,55,55,0,0,0
S00116849,51,49,2,0,2
S00116850,28,28,0,0,0
S00116851,60,60,0,0,0
S00116852,44,37,7,0,7
S00116853,38,38,0,0,0
S00116854,49,48,1,1,0
S00116855,91,89,2,0,2
S00116856,37,37,0,0,0
S00116857,70,70,0,0,0
S00116858,87,87,0,0,0
S00116859,69,64,5,0,5
S00116860,60,58,2,0,2
S00116861,38,34,4,0,4
S00116862,82,76,6,0,6
S00116863,29,29,0,0,0
S00116864,67,64,3,0,3
S00116865,70,67,3,0,3
S00116866,67,64,3,0,3
S00116867,69,67,2,0,2
S00116868,51,40,11,0,11
S00116869,65,61,4,0,4
S00116870,61,55,6,0,6
S00116871,49,49,0,0,0
S00116872,43,43,0,0,0
S00116873,42,41,1,0,1
S00116874,66,65,1,0,1
S00116875,79,76,3,0,3
S00116876,90,84,6,0,6
S00116877,57,53,4,0,4
S00116878,56,52,4,0,4
S00116879,68,65,3,0,3
S00116880,52,52,0,0,0
S00116881,71,71,0,0,0
S00116882,70,67,3,0,3
S00116883,39,37,2,0,2
S00116884,51,46,5,0,5
S00116885,58,52,6,0,6
S00116886,70,66,4,0,4
S00116887,39,39,0,0,0
S00116888,56,55,1,0,1
S00116889,68,67,1,0,1
S00116890,30,29,1,0,1
S00116891,84,82,2,0,2
S00116892,58,58,0,0,0
S00116893,42,42,0,0,0
S00116894,86,78,8,0,8
S00116895,42,37,5,0,5
S00116896,46,45,1,0,1
S00116897,44,44,0,0,0
S00116898,41,41,0,0,0
S00116899,78,78,0,0,0
S00116900,44,42,2,0,2
S00116901,45,45,0,0,0
S00116902,37,34,3,0,3
S00116903,54,52,2,0,2
S00116904,30,30,0,0,0
S00116905,59,59,0,0,0
S00116906,61,61,0,0,0
S00116907,79,78,1,0,1
S00116908,26,25,1,0,1
S00116909,64,64,0,0,0
S00116910,33,33,0,0,0
S00116911,48,48,0,0,0
S00116912,39,38,1,0,1
S00116913,36,36,0,0,0
S00116914,49,49,0,0,0
S00116915,61,61,0,0,0
S00116916,53,53,0,0,0
S00116917,77,76,1,0,1
S00116918,48,45,3,0,3
S00116919,40,40,0,0,0
S00116920,38,36,2,0,2
S00116921,60,57,3,0,3
S00116922,66,65,1,0,1
S00116923,32,32,0,0,0
S00116924,44,44,0,0,0
S00116925,54,54,0,0,0
S00116926,35,35,0,0,0
S00116927,40,40,0,0,0
S00116928,29,29,0,0,0
S00116929,52,52,0,0,0
S00116930,47,47,0,0,0
S00116931,63,63,0,0,0
S00116932,49,49,0,0,0
S00116933,29,29,0,0,0
S00116934,93,90,3,0,3
S00116935,54,54,0,0,0
S00116936,64,63,1,0,1
S00116937,66,66,0,0,0
S00116938,47,46,1,0,1
S00116939,60,60,0,0,0
S00116940,128,126,2,0,2
S00116941,82,81,1,0,1
S00116942,30,30,0,0,0
S00116943,47,46,1,0,1
S00116944,44,43,1,0,1
S00116945,84,81,3,0,3
S00116946,37,37,0,0,0
S00116947,64,64,0,0,0
S00116948,45,45,0,0,0
S00116949,49,49,0,0,0
S00116950,25,25,0,0,0
S00116951,63,62,1,1,0
S00116952,96,91,5,1,4
S00116953,38,36,2,1,1
S00116954,57,56,1,0,1
S00116955,58,49,9,0,9
S00116956,37,36,1,0,1
S00116957,48,45,3,0,3
S00116958,56,50,6,0,6
S00116959,46,46,0,0,0
S00116960,48,47,1,0,1
S00116961,48,45,3,0,3
S00116962,56,52,4,0,4
S00116963,94,87,7,0,7
S00116964,54,49,5,0,5
S00116965,96,89,7,0,7
S00116966,54,53,1,0,1
S00116967,40,40,0,0,0
S00116968,49,49,0,0,0
S00116969,37,35,2,0,2
S00116970,72,70,2,0,2
S00116971,74,72,2,0,2
S00116972,41,39,2,1,1
S00116973,52,50,2,0,2
S00116974,37,37,0,0,0
S00116975,32,29,3,0,3
S00116976,62,54,8,0,8
S00116977,60,54,6,0,6
S00116978,57,54,3,0,3
S00116979,44,44,0,0,0
S00116980,78,78,0,0,0
S00116981,31,30,1,0,1
S00116982,36,35,1,0,1
S00116983,36,30,6,0,6
S00116984,61,45,16,0,16
S00116985,54,43,11,0,11
S00116986,61,54,7,0,7
S00116987,61,43,18,0,18
S00116988,54,44,10,0,10
S00116989,53,42,11,0,11
S00116990,53,52,1,0,1
S00116991,39,39,0,0,0
S00116992,82,82,0,0,0
S00116993,60,60,0,0,0
S00116994,41,40,1,0,1
S00116995,36,35,1,0,1
S00116996,66,66,0,0,0
S00116997,52,48,4,1,3
S00116998,43,42,1,0,1
S00116999,63,63,0,0,0
S00117000,36,36,0,0,0
S00117001,56,55,1,0,1
S00117002,30,30,0,0,0
S00117003,57,56,1,0,1
S00117004,55,55,0,0,0
S00117005,55,55,0,0,0
S00117006,44,44,0,0,0
S00117007,61,61,0,0,0
S00117008,53,52,1,0,1
S00117009,39,39,0,0,0
S00117010,61,61,0,0,0
S00117011,54,53,1,0,1
S00117012,83,82,1,0,1
S00117013,60,60,0,0,0
S00117014,80,79,1,0,1
S00117015,60,59,1,0,1
S00117016,48,43,5,1,4
S00117017,49,49,0,0,0
S00117018,57,39,18,0,18
S00117019,91,54,37,0,37
S00117020,47,46,1,0,1
S00117021,54,53,1,0,1
S00117022,39,39,0,0,0
S00117023,62,60,2,0,2
S00117024,30,30,0,0,0
S00117025,48,48,0,0,0
S00117026,35,35,0,0,0
S00117027,53,53,0,0,0
S00117028,47,47,0,0,0
S00117029,50,50,0,0,0
S00117030,52,52,0,0,0
S00117031,47,47,0,0,0
S00117032,63,60,3,0,3
S00117033,28,28,0,0,0
S00117034,57,57,0,0,0
S00117035,34,34,0,0,0
S00117036,37,36,1,0,1
S00117037,22,21,1,0,1
S00117038,59,59,0,0,0
S00117039,45,43,2,0,2
S00117040,41,41,0,0,0
S00117041,80,77,3,0,3
S00117042,53,53,0,0,0
S00117043,52,51,1,0,1
S00117044,64,64,0,0,0
S00117045,73,73,0,0,0
S00117046,87,87,0,0,0
S00117047,76,74,2,0,2
S00117048,44,44,0,0,0
S00117049,43,42,1,0,1
S00117050,50,49,1,0,1
S00117051,46,46,0,0,0
S00117052,24,24,0,0,0
S00117053,50,50,0,0,0
S00117054,38,38,0,0,0
S00117055,64,62,2,0,2
S00117056,61,61,0,0,0
S00117057,74,74,0,0,0
S00117058,132,69,63,0,63
S00117059,55,36,19,0,19
S00117060,52,43,9,0,9
S00117061,55,55,0,0,0
S00117062,40,40,0,0,0
S00117063,40,40,0,0,0
S00117064,60,58,2,0,2
S00117065,40,40,0,0,0
S00117066,49,49,0,0,0
S00117067,39,39,0,0,0
S00117068,46,46,0,0,0
S00117069,66,66,0,0,0
S00117070,24,24,0,0,0
S00117071,32,32,0,0,0
S00117072,95,95,0,0,0
S00117073,42,42,0,0,0
S00117074,38,38,0,0,0
S00117075,53,53,0,0,0
S00117076,29,28,1,0,1
S00117077,43,40,3,0,3
S00117078,47,46,1,0,1
S00117079,96,95,1,0,1
S00117080,73,72,1,0,1
S00117081,47,46,1,0,1
S00117082,40,39,1,0,1
S00117083,35,32,3,0,3
S00117084,54,51,3,0,3
S00117085,51,49,2,0,2
S00117086,41,40,1,0,1
S00117087,44,44,0,0,0
S00117088,34,34,0,0,0
S00117089,107,106,1,0,1
S00117090,53,53,0,0,0
S00117091,32,32,0,0,0
S00117092,62,62,0,0,0
S00117093,41,41,0,0,0
S00117094,169,87,82,0,82
S00117095,91,90,1,0,1
S00117096,74,74,0,0,0
S00117097,73,68,5,1,4
S00117098,54,50,4,0,4
S00117099,58,50,8,0,8
S00117100,47,47,0,0,0
S00117101,56,56,0,0,0
S00117102,67,66,1,0,1
S00117103,61,60,1,0,1
S00117104,62,61,1,0,1
S00117105,65,63,2,0,2
S00117106,31,31,0,0,0
S00117107,55,55,0,0,0
S00117108,32,32,0,0,0
S00117109,49,46,3,1,2
S00117110,33,31,2,0,2
S00117111,50,49,1,0,1
S00117112,85,84,1,0,1
S00117113,60,58,2,0,2
S00117114,48,45,3,0,3
S00117115,55,54,1,0,1
S00117116,79,75,4,0,4
S00117117,23,23,0,0,0
S00117118,66,66,0,0,0
S00117119,65,65,0,0,0
S00117120,60,59,1,0,1
S00117121,54,53,1,0,1
S00117122,42,42,0,0,0
S00117123,57,56,1,1,0
S00117124,47,47,0,0,0
S00117125,71,69,2,0,2
S00117126,44,44,0,0,0
S00117127,54,50,4,0,4
S00117128,66,65,1,0,1
S00117129,42,42,0,0,0
S00117130,64,61,3,0,3
S00117131,57,53,4,0,4
S00117132,44,44,0,0,0
S00117133,40,40,0,0,0
S00117134,62,61,1,0,1
S00117135,39,36,3,0,3
S00117136,61,61,0,0,0
S00117137,51,48,3,0,3
S00117138,77,77,0,0,0
S00117139,45,43,2,0,2
S00117140,63,63,0,0,0
S00117141,55,54,1,0,1
S00117142,50,50,0,0,0
S00117143,71,40,31,0,31
S00117144,32,32,0,0,0
S00117145,51,48,3,1,2
S00117146,37,37,0,0,0
S00117147,70,68,2,0,2
S00117148,48,48,0,0,0
S00117149,59,57,2,0,2
S00117150,60,60,0,0,0
S00117151,33,33,0,0,0
S00117152,46,45,1,0,1
S00117153,72,72,0,0,0
S00117154,64,64,0,0,0
S00117155,40,40,0,0,0
S00117156,56,53,3,0,3
S00117157,49,49,0,0,0
S00117158,39,39,0,0,0
S00117159,64,64,0,0,0
S00117160,48,48,0,0,0
S00117161,44,43,1,1,0
S00117162,52,52,0,0,0
S00117163,44,44,0,0,0
S00117164,45,43,2,0,2
S00117165,42,41,1,0,1
S00117166,56,55,1,0,1
S00117167,32,31,1,0,1
S00117168,28,28,0,0,0
S00117169,63,63,0,0,0
S00117170,63,63,0,0,0
S00117171,46,46,0,0,0
S00117172,47,45,2,0,2
S00117173,48,46,2,0,2
S00117174,33,32,1,0,1
S00117175,64,62,2,0,2
S00117176,32,32,0,0,0
S00117177,44,44,0,0,0
S00117178,42,42,0,0,0
S00117179,62,62,0,0,0
S00117180,52,50,2,0,2
S00117181,51,51,0,0,0
S00117182,49,49,0,0,0
S00117183,55,53,2,0,2
S00117184,50,49,1,0,1
S00117185,51,48,3,0,3
S00117186,26,26,0,0,0
S00117187,45,44,1,1,0
S00117188,52,51,1,0,1
S00117189,80,79,1,0,1
S00117190,40,40,0,0,0
S00117191,63,63,0,0,0
S00117192,53,50,3,0,3
S00117193,50,49,1,0,1
S00117194,33,32,1,0,1
S00117195,39,37,2,0,2
S00117196,50,49,1,0,1
S00117197,71,69,2,0,2
S00117198,30,30,0,0,0
S00117199,49,48,1,0,1
S00117200,52,51,1,0,1
S00117201,42,41,1,0,1
S00117202,30,26,4,0,4
S00117203,36,33,3,0,3
S00117204,37,32,5,0,5
S00117205,65,60,5,0,5
S00117206,38,38,0,0,0
S00117207,54,54,0,0,0
S00117208,47,47,0,0,0
S00117209,36,36,0,0,0
S00117210,63,57,6,0,6
S00117211,46,46,0,0,0
S00117212,56,56,0,0,0
S00117213,50,49,1,0,1
S00117214,31,31,0,0,0
S00117215,42,41,1,0,1
S00117216,52,52,0,0,0
S00117217,42,42,0,0,0
S00117218,35,35,0,0,0
S00117219,41,40,1,0,1
S00117220,53,52,1,0,1
S00117221,44,43,1,0,1
S00117222,48,47,1,0,1
S00117223,51,49,2,0,2
S00117224,56,53,3,0,3
S00117225,27,27,0,0,0
S00117226,54,52,2,1,1
S00117227,60,60,0,0,0
S00117228,73,73,0,0,0
S00117229,36,36,0,0,0
S00117230,57,55,2,1,1
S00117231,53,53,0,0,0
S00117232,77,74,3,0,3
S00117233,55,53,2,1,1
S00117234,72,69,3,0,3
S00117235,50,47,3,0,3
S00117236,72,72,0,0,0
S00117237,42,42,0,0,0
S00117238,59,59,0,0,0
S00117239,38,38,0,0,0
S00117240,78,76,2,0,2
S00117241,42,42,0,0,0
S00117242,48,47,1,0,1
S00117243,44,44,0,0,0
S00117244,59,59,0,0,0
S00117245,51,50,1,0,1
S00117246,32,31,1,0,1
S00117247,38,36,2,0,2
S00117248,44,44,0,0,0
S00117249,59,55,4,0,4
S00117250,39,38,1,0,1
S00117251,64,64,0,0,0
S00117252,31,31,0,0,0
S00117253,39,39,0,0,0
S00117254,68,68,0,0,0
S00117255,33,33,0,0,0
S00117256,35,34,1,0,1
S00117257,58,55,3,0,3
S00117258,43,40,3,0,3
S00117259,47,47,0,0,0
S00117260,78,77,1,0,1
S00117261,35,35,0,0,0
S00117262,53,51,2,0,2
S00117263,76,76,0,0,0
S00117264,79,76,3,0,3
S00117265,49,49,0,0,0
S00117266,44,43,1,0,1
S00117267,47,47,0,0,0
S00117268,44,44,0,0,0
S00117269,78,75,3,0,3
S00117270,27,27,0,0,0
S00117271,39,39,0,0,0
S00117272,52,48,4,0,4
S00117273,43,39,4,0,4
S00117274,57,53,4,0,4
S00117275,30,27,3,0,3
S00117276,38,38,0,0,0
S00117277,30,30,0,0,0
S00117278,48,45,3,0,3
S00117279,39,38,1,0,1
S00117280,36,36,0,0,0
S00117281,56,55,1,0,1
S00117282,79,78,1,0,1
S00117283,47,47,0,0,0
S00117284,59,56,3,2,1
S00117285,56,55,1,0,1
S00117286,48,47,1,0,1
S00117287,30,30,0,0,0
S00117288,60,60,0,0,0
S00117289,64,63,1,0,1
S00117290,45,45,0,0,0
S00117291,33,33,0,0,0
S00117292,66,62,4,0,4
S00117293,28,28,0,0,0
S00117294,60,60,0,0,0
S00117295,41,37,4,0,4
S00117296,75,73,2,0,2
S00117297,44,44,0,0,0
S00117298,50,49,1,0,1
S00117299,32,30,2,0,2
S00117300,64,64,0,0,0
S00117301,99,94,5,0,5
S00117302,25,25,0,0,0
S00117303,91,90,1,1,0
S00117304,73,71,2,0,2
S00117305,37,36,1,0,1
S00117306,43,42,1,0,1
S00117307,27,27,0,0,0
S00117308,65,64,1,0,1
S00117309,45,40,5,1,4
S00117310,47,45,2,2,0
S00117311,51,51,0,0,0
S00117312,98,97,1,0,1
S00117313,69,68,1,0,1
S00117314,24,24,0,0,0
S00117315,56,51,5,0,5
S00117316,32,32,0,0,0
S00117317,91,89,2,0,2
S00117318,52,39,13,0,13
S00117319,51,43,8,0,8
S00117320,51,40,11,0,11
S00117321,98,65,33,0,33
S00117322,48,33,15,0,15
S00117323,88,59,29,0,29
S00117324,29,29,0,0,0
S00117325,67,67,0,0,0
S00117326,62,61,1,1,0
S00117327,34,33,1,0,1
S00117328,37,37,0,0,0
S00117329,50,47,3,0,3
S00117330,141,86,55,0,55
S00117331,63,61,2,1,1
S00117332,55,53,2,0,2
S00117333,68,67,1,0,1
S00117334,68,65,3,0,3
S00117335,52,51,1,0,1
S00117336,79,78,1,0,1
S00117337,58,58,0,0,0
S00117338,28,27,1,0,1
S00117339,48,48,0,0,0
S00117340,30,29,1,0,1
S00117341,62,61,1,0,1
S00117342,84,81,3,0,3
S00117343,57,53,4,0,4
S00117344,47,45,2,0,2
S00117345,64,63,1,0,1
S00117346,47,46,1,0,1
S00117347,42,41,1,0,1
S00117348,38,37,1,0,1
S00117349,54,54,0,0,0
S00117350,54,48,6,0,6
S00117351,64,62,2,0,2
S00117352,80,70,10,1,9
S00117353,42,42,0,0,0
S00117354,36,36,0,0,0
S00117355,52,51,1,0,1
S00117356,87,85,2,0,2
S00117357,61,59,2,0,2
S00117358,78,78,0,0,0
S00117359,76,72,4,1,3
S00117360,42,41,1,0,1
S00117361,46,46,0,0,0
S00117362,32,32,0,0,0
S00117363,56,51,5,0,5
S00117364,88,88,0,0,0
S00117365,53,53,0,0,0
S00117366,44,39,5,2,3
S00117367,68,66,2,0,2
S00117368,33,32,1,1,0
S00117369,47,47,0,0,0
S00117370,37,37,0,0,0
S00117371,28,28,0,0,0
S00117372,57,54,3,0,3
S00117373,73,72,1,0,1
S00117374,24,24,0,0,0
S00117375,28,26,2,0,2
S00117376,57,56,1,0,1
S00117377,57,52,5,0,5
S00117378,28,27,1,0,1
S00117379,61,61,0,0,0
S00117380,86,85,1,0,1
S00117381,75,75,0,0,0
S00117382,39,38,1,0,1
S00117383,59,59,0,0,0
S00117384,24,23,1,0,1
S00117385,42,41,1,0,1
S00117386,57,57,0,0,0
S00117387,56,55,1,0,1
S00117388,42,42,0,0,0
S00117389,37,37,0,0,0
S00117390,57,56,1,0,1
S00117391,29,29,0,0,0
S00117392,67,66,1,0,1
S00117393,32,32,0,0,0
S00117394,53,52,1,0,1
S00117395,47,46,1,0,1
S00117396,52,52,0,0,0
S00117397,68,68,0,0,0
S00117398,36,36,0,0,0
S00117399,37,35,2,0,2
S00117400,67,66,1,1,0
S00117401,46,45,1,0,1
S00117402,72,71,1,0,1
S00117403,48,48,0,0,0
S00117404,34,32,2,0,2
S00117405,51,50,1,0,1
S00117406,41,41,0,0,0
S00117407,52,52,0,0,0
S00117408,29,28,1,0,1
S00117409,52,52,0,0,0
S00117410,35,35,0,0,0
S00117411,80,75,5,0,5
S00117412,56,53,3,0,3
S00117413,47,47,0,0,0
S00117414,50,48,2,1,1
S00117415,55,55,0,0,0
S00117416,73,71,2,0,2
S00117417,44,43,1,1,0
S00117418,76,74,2,0,2
S00117419,31,29,2,1,1
S00117420,52,50,2,0,2
S00117421,41,40,1,0,1
S00117422,53,50,3,0,3
S00117423,46,42,4,0,4
S00117424,48,45,3,0,3
S00117425,83,77,6,0,6
S00117426,66,65,1,0,1
S00117427,43,43,0,0,0
S00117428,42,40,2,0,2
S00117429,46,43,3,0,3
S00117430,104,100,4,0,4
S00117431,46,44,2,0,2
S00117432,69,67,2,0,2
S00117433,78,72,6,0,6
S00117434,37,37,0,0,0
S00117435,59,58,1,0,1
S00117436,59,59,0,0,0
S00117437,105,104,1,0,1
S00117438,65,63,2,0,2
S00117439,73,73,0,0,0
S00117440,78,76,2,1,1
S00117441,55,55,0,0,0
S00117442,77,69,8,0,8
S00117443,33,29,4,0,4
S00117444,71,65,6,0,6
S00117445,49,47,2,0,2
S00117446,50,49,1,0,1
S00117447,37,37,0,0,0
S00117448,70,69,1,0,1
S00117449,45,45,0,0,0
S00117450,38,38,0,0,0
S00117451,47,47,0,0,0
S00117452,28,27,1,0,1
S00117453,56,56,0,0,0
S00117454,52,52,0,0,0
S00117455,31,31,0,0,0
S00117456,63,63,0,0,0
S00117457,31,31,0,0,0
S00117458,55,55,0,0,0
S00117459,49,49,0,0,0
S00117460,36,36,0,0,0
S00117461,33,31,2,2,0
S00117462,60,60,0,0,0
S00117463,36,36,0,0,0
S00117464,53,51,2,0,2
S00117465,62,62,0,0,0
S00117466,33,33,0,0,0
S00117467,105,71,34,0,34
S00117468,45,44,1,0,1
S00117469,49,49,0,0,0
S00117470,66,66,0,0,0
S00117471,32,32,0,0,0
S00117472,53,51,2,0,2
S00117473,42,42,0,0,0
S00117474,49,48,1,0,1
S00117475,38,38,0,0,0
S00117476,51,51,0,0,0
S00117477,45,44,1,0,1
S00117478,35,34,1,1,0
S00117479,30,28,2,2,0
S00117480,56,55,1,0,1
S00117481,38,37,1,0,1
S00117482,48,46,2,2,0
S00117483,74,70,4,4,0
S00117484,71,71,0,0,0
S00117485,36,36,0,0,0
S00117486,49,49,0,0,0
S00117487,43,42,1,0,1
S00117488,81,81,0,0,0
S00117489,49,48,1,0,1
S00117490,28,28,0,0,0
S00117491,40,40,0,0,0
S00117492,56,56,0,0,0
S00117493,70,68,2,0,2
S00117494,53,53,0,0,0
S00117495,25,25,0,0,0
S00117496,49,47,2,2,0
S00117497,48,48,0,0,0
S00117498,76,76,0,0,0
S00117499,60,60,0,0,0
S00117500,55,55,0,0,0
S00117501,56,56,0,0,0
S00117502,55,53,2,2,0
S00117503,53,47,6,6,0
S00117504,57,52,5,0,5
S00117505,62,61,1,0,1
S00117506,48,46,2,1,1
S00117507,61,61,0,0,0
S00117508,71,71,0,0,0
S00117509,37,37,0,0,0
S00117510,57,56,1,0,1
S00117511,77,77,0,0,0
S00117512,39,39,0,0,0
S00117513,42,42,0,0,0
S00117514,20,20,0,0,0
S00117515,49,48,1,0,1
S00117516,65,63,2,2,0
S00117517,101,99,2,0,2
S00117518,54,53,1,0,1
S00117519,67,65,2,1,1
S00117520,60,58,2,0,2
S00117521,48,46,2,1,1
S00117522,53,51,2,2,0
S00117523,48,47,1,0,1
S00117524,67,66,1,0,1
S00117525,40,38,2,0,2
S00117526,67,66,1,0,1
S00117527,46,44,2,0,2
S00117528,35,35,0,0,0
S00117529,47,47,0,0,0
S00117530,67,67,0,0,0
S00117531,61,61,0,0,0
S00117532,31,31,0,0,0
S00117533,54,54,0,0,0
S00117534,31,31,0,0,0
S00117535,38,37,1,0,1
S00117536,41,41,0,0,0
S00117537,35,35,0,0,0
S00117538,46,46,0,0,0
S00117539,31,31,0,0,0
S00117540,56,56,0,0,0
S00117541,34,34,0,0,0
S00117542,53,51,2,0,2
S00117543,50,49,1,0,1
S00117544,104,101,3,0,3
S00117545,33,31,2,0,2
S00117546,56,54,2,0,2
S00117547,57,55,2,0,2
S00117548,30,30,0,0,0
S00117549,71,70,1,0,1
S00117550,58,56,2,0,2
S00117551,57,57,0,0,0
S00117552,56,53,3,0,3
S00117553,124,56,68,1,67
S00117554,76,76,0,0,0
S00117555,60,60,0,0,0
S00117556,55,51,4,1,3
S00117557,49,49,0,0,0
S00117558,58,57,1,1,0
S00117559,31,30,1,0,1
S00117560,41,40,1,1,0
S00117561,34,31,3,0,3
S00117562,45,44,1,0,1
S00117563,48,46,2,1,1
S00117564,79,79,0,0,0
S00117565,54,54,0,0,0
S00117566,46,46,0,0,0
S00117567,66,66,0,0,0
S00117568,38,38,0,0,0
S00117569,70,70,0,0,0
S00117570,57,53,4,4,0
S00117571,45,45,0,0,0
S00117572,30,30,0,0,0
S00117573,33,33,0,0,0
S00117574,56,54,2,0,2
S00117575,75,75,0,0,0
S00117576,28,28,0,0,0
S00117577,61,61,0,0,0
S00117578,42,42,0,0,0
S00117579,32,32,0,0,0
S00117580,43,43,0,0,0
S00117581,63,63,0,0,0
S00117582,52,52,0,0,0
S00117583,49,49,0,0,0
S00117584,52,52,0,0,0
S00117585,46,45,1,0,1
S00117586,32,32,0,0,0
S00117587,30,30,0,0,0
S00117588,68,67,1,0,1
S00117589,65,64,1,0,1
S00117590,112,37,75,0,75
S00117591,34,33,1,0,1
S00117592,24,24,0,0,0
S00117593,47,47,0,0,0
S00117594,35,35,0,0,0
S00117595,45,44,1,1,0
S00117596,62,62,0,0,0
S00117597,63,63,0,0,0
S00117598,42,41,1,1,0
S00117599,75,74,1,0,1
S00117600,71,70,1,0,1
S00117601,49,46,3,0,3
S00117602,45,44,1,0,1
S00117603,92,91,1,0,1
S00117604,62,62,0,0,0
S00117605,46,46,0,0,0
S00117606,57,56,1,0,1
S00117607,87,87,0,0,0
S00117608,60,58,2,0,2
S00117609,71,71,0,0,0
S00117610,77,75,2,1,1
S00117611,53,52,1,0,1
S00117612,54,53,1,0,1
S00117613,58,55,3,0,3
S00117614,34,34,0,0,0
S00117615,64,64,0,0,0
S00117616,109,108,1,0,1
S00117617,56,53,3,3,0
S00117618,45,45,0,0,0
S00117619,51,51,0,0,0
S00117620,23,23,0,0,0
S00117621,22,22,0,0,0
S00117622,65,59,6,0,6
S00117623,61,61,0,0,0
S00117624,76,76,0,0,0
S00117625,49,49,0,0,0
S00117626,66,65,1,0,1
S00117627,38,38,0,0,0
S00117628,98,98,0,0,0
S00117629,51,49,2,1,1
S00117630,36,36,0,0,0
S00117631,52,45,7,5,2
S00117632,67,64,3,2,1
S00117633,72,65,7,3,4
S00117634,56,50,6,4,2
S00117635,66,62,4,1,3
S00117636,60,56,4,3,1
S00117637,87,66,21,21,0
S00117638,100,72,28,26,2
S00117639,45,37,8,7,1
S00117640,46,37,9,9,0
S00117641,58,41,17,17,0
S00117642,28,23,5,4,1
S00117643,47,32,15,14,1
S00117644,47,44,3,3,0
S00117645,68,59,9,5,4
S00117646,62,53,9,8,1
S00117647,62,48,14,13,1
S00117648,67,44,23,16,7
S00117649,42,42,0,0,0
S00117650,47,44,3,3,0
S00117651,79,59,20,19,1
S00117652,81,77,4,4,0
S00117653,75,70,5,5,0
S00117654,77,70,7,6,1
S00117655,72,40,32,32,0
S00117656,75,53,22,21,1
S00117657,46,37,9,9,0
S00117658,73,47,26,26,0
S00117659,70,47,23,20,3
S00117660,98,77,21,21,0
S00117661,64,59,5,4,1
S00117662,79,67,12,11,1
S00117663,67,52,15,14,1
S00117664,51,35,16,15,1
S00117665,97,72,25,24,1
S00117666,50,49,1,1,0
S00117667,58,54,4,4,0
S00117668,88,68,20,20,0
S00117669,55,54,1,0,1
S00117670,33,30,3,3,0
S00117671,73,70,3,2,1
S00117672,71,69,2,2,0
S00117673,63,57,6,5,1
S00117674,77,75,2,2,0
S00117675,83,70,13,9,4
S00117676,83,76,7,7,0
S00117677,60,58,2,0,2
S00117678,68,62,6,3,3
S00117679,50,46,4,3,1
S00117680,46,45,1,1,0
S00117681,53,53,0,0,0
S00117682,45,44,1,0,1
S00117683,48,48,0,0,0
S00117684,69,64,5,2,3
S00117685,64,60,4,2,2
S00117686,34,34,0,0,0
S00117687,54,53,1,0,1
S00117688,54,51,3,2,1
S00117689,59,57,2,2,0
S00117690,56,48,8,4,4
S00117691,33,33,0,0,0
S00117692,53,50,3,0,3
S00117693,48,48,0,0,0
S00117694,38,35,3,1,2
S00117695,49,46,3,1,2
S00117696,54,52,2,2,0
S00117697,55,54,1,1,0
S00117698,80,71,9,8,1
S00117699,57,54,3,2,1
S00117700,41,36,5,4,1
S00117701,49,43,6,6,0
S00117702,74,65,9,5,4
S00117703,81,68,13,9,4
S00117704,92,74,18,13,5
S00117705,57,55,2,2,0
S00117706,36,27,9,9,0
S00117707,69,57,12,9,3
S00117708,76,72,4,1,3
S00117709,80,66,14,10,4
S00117710,75,73,2,0,2
S00117711,78,68,10,8,2
S00117712,50,46,4,4,0
S00117713,51,51,0,0,0
S00117714,54,50,4,4,0
S00117715,76,70,6,0,6
S00117716,82,72,10,3,7
S00117717,29,28,1,1,0
S00117718,35,31,4,1,3
S00117719,42,40,2,0,2
S00117720,50,49,1,1,0
S00117721,63,59,4,1,3
S00117722,27,27,0,0,0
S00117723,57,54,3,2,1
S00117724,60,56,4,1,3
S00117725,57,52,5,2,3
S00117726,63,56,7,5,2
S00117727,68,65,3,2,1
S00117728,49,37,12,7,5
S00117729,61,42,19,13,6
S00117730,47,47,0,0,0
S00117731,43,38,5,5,0
S00117732,60,52,8,7,1
S00117733,50,45,5,4,1
S00117734,52,48,4,2,2
S00117735,61,53,8,7,1
S00117736,69,65,4,1,3
S00117737,29,28,1,0,1
S00117738,41,35,6,6,0
S00117739,70,69,1,1,0
S00117740,48,44,4,3,1
S00117741,48,48,0,0,0
S00117742,35,35,0,0,0
S00117743,33,32,1,0,1
S00117744,69,64,5,1,4
S00117745,53,48,5,0,5
S00117746,51,51,0,0,0
S00117747,50,50,0,0,0
S00117748,55,55,0,0,0
S00117749,53,51,2,1,1
S00117750,73,72,1,0,1
S00117751,66,63,3,2,1
S00117752,70,66,4,1,3
S00117753,70,69,1,1,0
S00117754,58,55,3,0,3
S00117755,40,40,0,0,0
S00117756,70,69,1,0,1
S00117757,71,70,1,0,1
S00117758,62,60,2,1,1
S00117759,51,47,4,1,3
S00117760,78,76,2,0,2
S00117761,41,40,1,0,1
S00117762,30,28,2,0,2
S00117763,59,55,4,0,4
S00117764,55,53,2,1,1
S00117765,43,42,1,0,1
S00117766,48,48,0,0,0
S00117767,41,39,2,0,2
S00117768,54,54,0,0,0
S00117769,43,43,0,0,0
S00117770,61,61,0,0,0
S00117771,56,56,0,0,0
S00117772,28,28,0,0,0
S00117773,34,34,0,0,0
S00117774,47,47,0,0,0
S00117775,57,55,2,1,1
S00117776,38,37,1,0,1
S00117777,72,70,2,0,2
S00117778,49,49,0,0,0
S00117779,64,63,1,0,1
S00117780,20,20,0,0,0
S00117781,65,63,2,1,1
S00117782,48,45,3,1,2
S00117783,31,29,2,1,1
S00117784,65,62,3,1,2
S00117785,23,23,0,0,0
S00117786,70,68,2,2,0
S00117787,56,51,5,1,4
S00117788,54,53,1,0,1
S00117789,29,29,0,0,0
S00117790,60,60,0,0,0
S00117791,67,57,10,5,5
S00117792,49,47,2,2,0
S00117793,74,59,15,11,4
S00117794,48,44,4,4,0
S00117795,54,37,17,14,3
S00117796,30,27,3,2,1
S00117797,57,55,2,0,2
S00117798,59,55,4,4,0
S00117799,27,26,1,1,0
S00117800,61,57,4,3,1
S00117801,41,41,0,0,0
S00117802,61,55,6,0,6
S00117803,34,30,4,2,2
S00117804,80,75,5,2,3
S00117805,57,54,3,1,2
S00117806,38,31,7,0,7
S00117807,57,54,3,0,3
S00117808,79,58,21,21,0
S00117809,44,38,6,3,3
S00117810,73,70,3,2,1
S00117811,74,65,9,2,7
S00117812,49,46,3,2,1
S00117813,40,39,1,1,0
S00117814,34,32,2,2,0
S00117815,53,47,6,4,2
S00117816,69,66,3,1,2
S00117817,44,43,1,0,1
S00117818,38,38,0,0,0
S00117819,33,32,1,1,0
S00117820,58,51,7,4,3
S00117821,55,52,3,0,3
S00117822,74,67,7,4,3
S00117823,42,42,0,0,0
S00117824,51,51,0,0,0
S00117825,52,43,9,8,1
S00117826,73,66,7,4,3
S00117827,73,71,2,2,0
S00117828,35,33,2,1,1
S00117829,50,46,4,0,4
S00117830,40,28,12,10,2
S00117831,64,51,13,12,1
S00117832,63,36,27,26,1
S00117833,45,26,19,19,0
S00117834,66,56,10,8,2
S00117835,86,66,20,17,3
S00117836,75,70,5,5,0
S00117837,70,59,11,11,0
S00117838,90,76,14,12,2
S00117839,38,35,3,3,0
S00117840,87,68,19,17,2
S00117841,46,43,3,2,1
S00117842,45,23,22,19,3
S00117843,83,70,13,11,2
S00117844,73,63,10,9,1
S00117845,73,57,16,12,4
S00117846,44,24,20,17,3
S00117847,49,43,6,5,1
S00117848,33,29,4,4,0
S00117849,79,58,21,20,1
S00117850,72,68,4,1,3
S00117851,59,57,2,1,1
S00117852,42,41,1,1,0
S00117853,86,47,39,35,4
S00117854,81,77,4,3,1
S00117855,106,71,35,32,3
S00117856,125,65,60,60,0
S00117857,103,71,32,26,6
S00117858,61,48,13,13,0
S00117859,56,40,16,16,0
S00117860,48,34,14,11,3
S00117861,84,67,17,15,2
S00117862,36,25,11,7,4
S00117863,37,33,4,4,0
S00117864,61,47,14,13,1
S00117865,72,52,20,18,2
S00117866,41,36,5,3,2
S00117867,61,56,5,4,1
S00117868,112,76,36,33,3
S00117869,70,68,2,0,2
S00117870,54,54,0,0,0
S00117871,28,28,0,0,0
S00117872,78,74,4,2,2
S00117873,30,29,1,0,1
S00117874,44,41,3,2,1
S00117875,49,46,3,2,1
S00117876,44,42,2,2,0
S00117877,50,47,3,0,3
S00117878,48,48,0,0,0
S00117879,45,45,0,0,0
S00117880,41,38,3,3,0
S00117881,69,65,4,4,0
S00117882,66,65,1,1,0
S00117883,47,45,2,1,1
S00117884,32,29,3,2,1
S00117885,74,69,5,4,1
S00117886,81,79,2,0,2
S00117887,53,52,1,1,0
S00117888,32,32,0,0,0
S00117889,60,60,0,0,0
S00117890,66,65,1,0,1
S00117891,82,76,6,2,4
S00117892,60,46,14,11,3
S00117893,73,63,10,8,2
S00117894,71,69,2,0,2
S00117895,44,42,2,1,1
S00117896,42,42,0,0,0
S00117897,33,32,1,0,1
S00117898,35,34,1,0,1
S00117899,42,41,1,0,1
S00117900,33,33,0,0,0
S00117901,29,27,2,0,2
S00117902,52,51,1,0,1
S00117903,73,69,4,3,1
S00117904,29,28,1,0,1
S00117905,42,41,1,1,0
S00117906,67,63,4,2,2
S00117907,36,34,2,1,1
S00117908,37,35,2,1,1
S00117909,55,53,2,2,0
S00117910,65,56,9,5,4
S00117911,23,22,1,0,1
S00117912,48,48,0,0,0
S00117913,42,41,1,0,1
S00117914,62,60,2,1,1
S00117915,58,58,0,0,0
S00117916,34,33,1,0,1
S00117917,41,40,1,0,1
S00117918,67,63,4,4,0
S00117919,63,62,1,1,0
S00117920,56,52,4,3,1
S00117921,23,22,1,0,1
S00117922,53,46,7,3,4
S00117923,30,27,3,1,2
S00117924,68,66,2,0,2
S00117925,88,82,6,2,4
S00117926,67,67,0,0,0
S00117927,68,64,4,0,4
S00117928,29,28,1,0,1
S00117929,68,60,8,4,4
S00117930,36,35,1,0,1
S00117931,50,50,0,0,0
S00117932,64,63,1,1,0
S00117933,60,57,3,0,3
S00117934,30,30,0,0,0
S00117935,51,46,5,5,0
S00117936,36,34,2,2,0
S00117937,36,32,4,4,0
S00117938,64,63,1,1,0
S00117939,68,60,8,8,0
S00117940,46,46,0,0,0
S00117941,40,39,1,1,0
S00117942,60,60,0,0,0
S00117943,40,38,2,2,0
S00117944,66,65,1,1,0
S00117945,72,66,6,4,2
S00117946,76,74,2,1,1
S00117947,62,60,2,0,2
S00117948,47,45,2,0,2
S00117949,53,53,0,0,0
S00117950,87,76,11,4,7
S00117951,69,66,3,1,2
S00117952,54,51,3,1,2
S00117953,54,53,1,1,0
S00117954,50,49,1,1,0
S00117955,65,65,0,0,0
S00117956,35,33,2,2,0
S00117957,56,53,3,2,1
S00117958,60,55,5,3,2
S00117959,28,26,2,0,2
S00117960,64,58,6,4,2
S00117961,58,53,5,5,0
S00117962,80,70,10,10,0
S00117963,92,73,19,17,2
S00117964,102,62,40,40,0
S00117965,50,42,8,6,2
S00117966,28,25,3,2,1
S00117967,62,55,7,7,0
S00117968,54,47,7,6,1
S00117969,62,52,10,8,2
S00117970,47,33,14,13,1
S00117971,56,42,14,12,2
S00117972,74,51,23,22,1
S00117973,65,45,20,18,2
S00117974,88,63,25,24,1
S00117975,77,72,5,4,1
S00117976,66,51,15,10,5
S00117977,75,56,19,18,1
S00117978,55,40,15,13,2
S00117979,95,77,18,14,4
S00117980,64,49,15,11,4
S00117981,51,43,8,6,2
S00117982,47,42,5,2,3
S00117983,58,47,11,7,4
S00117984,91,63,28,27,1
S00117985,67,47,20,18,2
S00117986,72,65,7,7,0
S00117987,63,50,13,10,3
S00117988,97,66,31,31,0
S00117989,83,58,25,22,3
S00117990,77,58,19,19,0
S00117991,63,48,15,14,1
S00117992,80,66,14,11,3
S00117993,59,46,13,12,1
S00117994,83,57,26,25,1
S00117995,87,68,19,18,1
S00117996,61,41,20,18,2
S00117997,83,50,33,32,1
S00117998,57,48,9,9,0
S00117999,72,53,19,18,1
S00118000,78,53,25,25,0
S00118001,68,47,21,21,0
S00118002,57,45,12,12,0
S00118003,54,51,3,3,0
S00118004,63,55,8,8,0
S00118005,37,33,4,4,0
S00118006,75,65,10,7,3
S00118007,73,54,19,19,0
S00118008,75,52,23,23,0
S00118009,75,50,25,25,0
S00118010,49,45,4,4,0
S00118011,62,53,9,9,0
S00118012,52,38,14,14,0
S00118013,102,71,31,28,3
S00118014,67,57,10,10,0
S00118015,86,68,18,12,6
S00118016,42,33,9,9,0
S00118017,97,83,14,11,3
S00118018,63,52,11,8,3
S00118019,41,36,5,5,0
S00118020,47,42,5,5,0
S00118021,56,53,3,3,0
S00118022,51,40,11,11,0
S00118023,73,59,14,14,0
S00118024,83,67,16,16,0
S00118025,78,62,16,16,0
S00118026,64,51,13,13,0
S00118027,77,75,2,2,0
S00118028,53,46,7,6,1
S00118029,82,60,22,22,0
S00118030,51,43,8,7,1
S00118031,57,36,21,18,3
S00118032,66,54,12,10,2
S00118033,39,29,10,7,3
S00118034,56,51,5,5,0
S00118035,73,55,18,18,0
S00118036,43,41,2,1,1
S00118037,52,47,5,4,1
S00118038,45,37,8,8,0
S00118039,80,74,6,5,1
S00118040,36,31,5,5,0
S00118041,49,48,1,1,0
S00118042,36,32,4,4,0
S00118043,55,43,12,10,2
S00118044,46,38,8,8,0
S00118045,78,64,14,11,3
S00118046,67,48,19,19,0
S00118047,46,33,13,11,2
S00118048,88,52,36,33,3
S00118049,83,59,24,20,4
S00118050,87,72,15,13,2
S00118051,46,43,3,1,2
S00118052,47,42,5,4,1
S00118053,72,45,27,26,1
S00118054,96,76,20,19,1
S00118055,91,74,17,14,3
S00118056,58,42,16,14,2
S00118057,49,48,1,0,1
S00118058,108,69,39,34,5
S00118059,82,66,16,15,1
S00118060,71,66,5,2,3
S00118061,48,43,5,1,4
S00118062,43,40,3,2,1
S00118063,49,43,6,4,2
S00118064,74,60,14,11,3
S00118065,84,66,18,8,10
S00118066,56,54,2,2,0
S00118067,48,40,8,3,5
S00118068,60,44,16,11,5
S00118069,24,24,0,0,0
S00118070,74,70,4,2,2
S00118071,54,47,7,1,6
S00118072,62,55,7,5,2
S00118073,80,70,10,7,3
S00118074,71,61,10,7,3
S00118075,48,42,6,3,3
S00118076,61,51,10,7,3
S00118077,58,51,7,5,2
S00118078,86,64,22,21,1
S00118079,48,41,7,5,2
S00118080,87,61,26,25,1
S00118081,45,32,13,7,6
S00118082,92,56,36,35,1
S00118083,80,50,30,29,1
S00118084,71,30,41,40,1
S00118085,67,48,19,17,2
S00118086,72,62,10,10,0
S00118087,75,47,28,26,2
S00118088,57,53,4,3,1
S00118089,33,31,2,2,0
S00118090,48,40,8,8,0
S00118091,79,37,42,38,4
S00118092,90,65,25,24,1
S00118093,34,23,11,8,3
S00118094,93,59,34,30,4
S00118095,92,70,22,15,7
S00118096,83,63,20,13,7
S00118097,85,60,25,20,5
S00118098,64,49,15,12,3
S00118099,63,47,16,11,5
S00118100,80,73,7,6,1
S00118101,57,50,7,5,2
S00118102,73,64,9,7,2
S00118103,69,59,10,7,3
S00118104,53,53,0,0,0
S00118105,46,46,0,0,0
S00118106,90,73,17,14,3
S00118107,37,32,5,3,2
S00118108,74,71,3,2,1
S00118109,68,49,19,17,2
S00118110,43,35,8,7,1
S00118111,73,67,6,3,3
S00118112,44,28,16,8,8
S00118113,57,32,25,25,0
S00118114,52,45,7,6,1
S00118115,83,56,27,21,6
S00118116,61,50,11,7,4
S00118117,91,86,5,3,2
S00118118,82,61,21,16,5
S00118119,85,67,18,12,6
S00118120,69,67,2,2,0
S00118121,62,61,1,1,0
S00118122,59,55,4,2,2
S00118123,26,24,2,2,0
S00118124,48,47,1,1,0
S00118125,48,48,0,0,0
S00118126,52,44,8,4,4
S00118127,37,37,0,0,0
S00118128,60,45,15,14,1
S00118129,37,35,2,2,0
S00118130,59,51,8,7,1
S00118131,50,48,2,1,1
S00118132,50,49,1,1,0
S00118133,48,46,2,2,0
S00118134,53,53,0,0,0
S00118135,50,48,2,2,0
S00118136,39,39,0,0,0
S00118137,74,74,0,0,0
S00118138,59,59,0,0,0
S00118139,47,41,6,6,0
S00118140,56,55,1,0,1
S00118141,64,63,1,1,0
S00118142,55,52,3,1,2
S00118143,58,56,2,1,1
S00118144,64,63,1,1,0
S00118145,67,52,15,14,1
S00118146,54,50,4,4,0
S00118147,57,56,1,0,1
S00118148,49,49,0,0,0
S00118149,32,32,0,0,0
S00118150,61,55,6,5,1
S00118151,45,44,1,1,0
S00118152,43,41,2,1,1
S00118153,47,37,10,10,0
S00118154,51,46,5,4,1
S00118155,42,40,2,2,0
S00118156,62,62,0,0,0
S00118157,54,48,6,6,0
S00118158,70,59,11,10,1
S00118159,55,46,9,8,1
S00118160,39,39,0,0,0
S00118161,72,61,11,9,2
S00118162,41,40,1,1,0
S00118163,52,51,1,0,1
S00118164,57,57,0,0,0
S00118165,42,40,2,2,0
S00118166,76,74,2,0,2
S00118167,59,59,0,0,0
S00118168,47,47,0,0,0
S00118169,47,43,4,4,0
S00118170,54,50,4,3,1
S00118171,58,56,2,0,2
S00118172,48,47,1,0,1
S00118173,78,76,2,2,0
S00118174,77,76,1,1,0
S00118175,51,49,2,2,0
S00118176,61,61,0,0,0
S00118177,52,52,0,0,0
S00118178,56,55,1,0,1
S00118179,43,43,0,0,0
S00118180,55,54,1,0,1
S00118181,54,54,0,0,0
S00118182,55,55,0,0,0
S00118183,46,46,0,0,0
S00118184,40,39,1,0,1
S00118185,50,50,0,0,0
S00118186,52,50,2,1,1
S00118187,47,47,0,0,0
S00118188,48,48,0,0,0
S00118189,70,70,0,0,0
S00118190,41,40,1,0,1
S00118191,65,65,0,0,0
S00118192,37,36,1,1,0
S00118193,56,56,0,0,0
S00118194,53,51,2,1,1
S00118195,60,50,10,9,1
S00118196,36,35,1,1,0
S00118197,43,43,0,0,0
S00118198,56,49,7,5,2
S00118199,65,62,3,1,2
S00118200,39,35,4,3,1
S00118201,52,45,7,5,2
S00118202,64,63,1,1,0
S00118203,63,61,2,0,2
S00118204,38,38,0,0,0
S00118205,41,41,0,0,0
S00118206,42,39,3,2,1
S00118207,67,48,19,19,0
S00118208,60,55,5,5,0
S00118209,62,57,5,5,0
S00118210,83,67,16,16,0
S00118211,39,35,4,3,1
S00118212,53,47,6,1,5
S00118213,65,60,5,3,2
S00118214,76,69,7,4,3
S00118215,62,56,6,5,1
S00118216,69,65,4,2,2
S00118217,46,45,1,1,0
S00118218,34,34,0,0,0
S00118219,83,71,12,3,9
S00118220,89,82,7,4,3
S00118221,54,48,6,4,2
S00118222,46,42,4,3,1
S00118223,53,41,12,8,4
S00118224,81,76,5,0,5
S00118225,74,71,3,3,0
S00118226,49,47,2,2,0
S00118227,43,42,1,1,0
S00118228,38,36,2,1,1
S00118229,43,39,4,4,0
S00118230,103,48,55,51,4
S00118231,79,62,17,15,2
S00118232,56,51,5,5,0
S00118233,53,50,3,2,1
S00118234,90,83,7,5,2
S00118235,57,37,20,19,1
S00118236,57,54,3,3,0
S00118237,93,64,29,28,1
S00118238,50,45,5,5,0
S00118239,51,40,11,10,1
S00118240,64,57,7,6,1
S00118241,76,68,8,7,1
S00118242,46,45,1,1,0
S00118243,79,72,7,6,1
S00118244,94,88,6,6,0
S00118245,48,48,0,0,0
S00118246,43,40,3,0,3
S00118247,40,37,3,1,2
S00118248,52,52,0,0,0
S00118249,61,57,4,4,0
S00118250,31,26,5,2,3
S00118251,49,49,0,0,0
S00118252,55,53,2,1,1
S00118253,36,32,4,3,1
S00118254,62,59,3,0,3
S00118255,43,40,3,1,2
S00118256,62,57,5,2,3
S00118257,29,27,2,0,2
S00118258,61,56,5,4,1
S00118259,45,41,4,1,3
S00118260,66,63,3,2,1
S00118261,54,48,6,2,4
S00118262,85,76,9,3,6
S00118263,69,63,6,3,3
S00118264,78,70,8,3,5
S00118265,53,50,3,0,3
S00118266,50,46,4,0,4
S00118267,64,58,6,0,6
S00118268,66,66,0,0,0
S00118269,54,53,1,0,1
S00118270,46,45,1,0,1
S00118271,71,71,0,0,0
S00118272,41,41,0,0,0
S00118273,57,55,2,0,2
S00118274,47,47,0,0,0
S00118275,34,34,0,0,0
S00118276,44,43,1,0,1
S00118277,44,42,2,1,1
S00118278,40,38,2,0,2
S00118279,43,43,0,0,0
S00118280,67,67,0,0,0
S00118281,58,58,0,0,0
S00118282,54,47,7,1,6
S00118283,65,63,2,0,2
S00118284,67,60,7,5,2
S00118285,48,47,1,0,1
S00118286,71,71,0,0,0
S00118287,54,52,2,1,1
S00118288,70,66,4,0,4
S00118289,60,57,3,0,3
S00118290,42,37,5,1,4
S00118291,64,59,5,1,4
S00118292,49,47,2,0,2
S00118293,57,55,2,0,2
S00118294,26,26,0,0,0
S00118295,54,52,2,1,1
S00118296,27,26,1,0,1
S00118297,54,52,2,0,2
S00118298,53,52,1,0,1
S00118299,41,39,2,1,1
S00118300,44,44,0,0,0
S00118301,55,52,3,1,2
S00118302,50,48,2,1,1
S00118303,51,50,1,1,0
S00118304,47,43,4,1,3
S00118305,51,50,1,0,1
S00118306,66,65,1,0,1
S00118307,44,44,0,0,0
S00118308,43,42,1,1,0
S00118309,54,54,0,0,0
S00118310,35,34,1,0,1
S00118311,75,72,3,1,2
S00118312,60,59,1,0,1
S00118313,76,73,3,0,3
S00118314,74,72,2,0,2
S00118315,81,77,4,1,3
S00118316,40,40,0,0,0
S00118317,74,72,2,0,2
S00118318,29,29,0,0,0
S00118319,32,27,5,1,4
S00118320,58,44,14,0,14
S00118321,36,33,3,0,3
S00118322,38,32,6,0,6
S00118323,56,50,6,0,6
S00118324,58,57,1,0,1
S00118325,63,62,1,0,1
S00118326,48,45,3,1,2
S00118327,40,35,5,1,4
S00118328,43,43,0,0,0
S00118329,43,43,0,0,0
S00118330,47,47,0,0,0
S00118331,49,48,1,0,1
S00118332,54,53,1,0,1
S00118333,47,46,1,0,1
S00118334,42,42,0,0,0
S00118335,73,71,2,1,1
S00118336,67,67,0,0,0
S00118337,20,20,0,0,0
S00118338,58,58,0,0,0
S00118339,33,33,0,0,0
S00118340,27,27,0,0,0
S00118341,44,44,0,0,0
S00118342,40,40,0,0,0
S00118343,51,51,0,0,0
S00118344,31,31,0,0,0
S00118345,54,54,0,0,0
S00118346,54,53,1,0,1
S00118347,71,70,1,0,1
S00118348,50,48,2,0,2
S00118349,65,64,1,1,0
S00118350,63,62,1,0,1
S00118351,52,52,0,0,0
S00118352,54,54,0,0,0
S00118353,52,52,0,0,0
S00118354,69,68,1,0,1
S00118355,43,43,0,0,0
S00118356,52,50,2,0,2
S00118357,25,24,1,0,1
S00118358,70,70,0,0,0
S00118359,42,41,1,0,1
S00118360,52,52,0,0,0
S00118361,29,29,0,0,0
S00118362,28,28,0,0,0
S00118363,36,35,1,0,1
S00118364,43,43,0,0,0
S00118365,56,55,1,0,1
S00118366,57,55,2,0,2
S00118367,71,68,3,2,1
S00118368,48,48,0,0,0
S00118369,59,56,3,2,1
S00118370,48,47,1,0,1
S00118371,49,48,1,0,1
S00118372,45,45,0,0,0
S00118373,48,45,3,1,2
S00118374,46,45,1,0,1
S00118375,43,41,2,1,1
S00118376,71,71,0,0,0
S00118377,64,62,2,0,2
S00118378,64,63,1,0,1
S00118379,45,43,2,0,2
S00118380,38,33,5,0,5
S00118381,42,41,1,0,1
S00118382,82,77,5,0,5
S00118383,43,41,2,0,2
S00118384,35,31,4,0,4
S00118385,77,77,0,0,0
S00118386,47,47,0,0,0
S00118387,44,44,0,0,0
S00118388,51,51,0,0,0
S00118389,52,52,0,0,0
S00118390,79,76,3,0,3
S00118391,53,53,0,0,0
S00118392,72,71,1,0,1
S00118393,71,69,2,0,2
S00118394,74,74,0,0,0
S00118395,72,70,2,0,2
S00118396,42,42,0,0,0
S00118397,46,46,0,0,0
S00118398,53,52,1,0,1
S00118399,46,45,1,0,1
S00118400,62,62,0,0,0
S00118401,49,49,0,0,0
S00118402,58,57,1,0,1
S00118403,42,42,0,0,0
S00118404,73,73,0,0,0
S00118405,30,28,2,0,2
S00118406,32,32,0,0,0
S00118407,52,52,0,0,0
S00118408,68,66,2,2,0
S00118409,56,52,4,2,2
S00118410,27,26,1,0,1
S00118411,53,53,0,0,0
S00118412,44,40,4,0,4
S00118413,43,41,2,1,1
S00118414,49,49,0,0,0
S00118415,34,34,0,0,0
S00118416,52,51,1,1,0
S00118417,45,41,4,1,3
S00118418,35,34,1,1,0
S00118419,40,39,1,0,1
S00118420,42,39,3,1,2
S00118421,41,38,3,1,2
S00118422,56,55,1,0,1
S00118423,24,23,1,0,1
S00118424,45,44,1,0,1
S00118425,54,54,0,0,0
S00118426,71,69,2,1,1
S00118427,45,45,0,0,0
S00118428,34,34,0,0,0
S00118429,48,46,2,0,2
S00118430,47,47,0,0,0
S00118431,45,43,2,0,2
S00118432,61,61,0,0,0
S00118433,78,71,7,7,0
S00118434,60,58,2,2,0
S00118435,74,74,0,0,0
S00118436,67,65,2,0,2
S00118437,60,60,0,0,0
S00118438,50,48,2,0,2
S00118439,44,44,0,0,0
S00118440,50,49,1,0,1
S00118441,43,43,0,0,0
S00118442,44,44,0,0,0
S00118443,35,35,0,0,0
S00118444,52,52,0,0,0
S00118445,59,58,1,1,0
S00118446,74,67,7,0,7
S00118447,50,50,0,0,0
S00118448,50,48,2,1,1
S00118449,52,51,1,1,0
S00118450,44,44,0,0,0
S00118451,44,43,1,0,1
S00118452,54,53,1,0,1
S00118453,48,47,1,0,1
S00118454,40,39,1,0,1
S00118455,57,57,0,0,0
S00118456,64,64,0,0,0
S00118457,45,42,3,0,3
S00118458,36,35,1,0,1
S00118459,70,69,1,0,1
S00118460,67,67,0,0,0
S00118461,74,73,1,0,1
S00118462,50,49,1,1,0
S00118463,71,70,1,0,1
S00118464,59,59,0,0,0
S00118465,74,73,1,0,1
S00118466,72,71,1,0,1
S00118467,57,57,0,0,0
S00118468,80,67,13,12,1
S00118469,43,35,8,6,2
S00118470,54,53,1,0,1
S00118471,47,44,3,0,3
S00118472,77,77,0,0,0
S00118473,59,51,8,8,0
S00118474,62,61,1,0,1
S00118475,41,41,0,0,0
S00118476,48,47,1,0,1
S00118477,45,44,1,0,1
S00118478,62,62,0,0,0
S00118479,58,57,1,0,1
S00118480,52,48,4,2,2
S00118481,61,61,0,0,0
S00118482,62,62,0,0,0
S00118483,45,45,0,0,0
S00118484,54,51,3,1,2
S00118485,57,54,3,1,2
S00118486,48,47,1,1,0
S00118487,42,42,0,0,0
S00118488,84,83,1,0,1
S00118489,62,62,0,0,0
S00118490,57,57,0,0,0
S00118491,57,57,0,0,0
S00118492,48,46,2,0,2
S00118493,51,49,2,0,2
S00118494,51,50,1,0,1
S00118495,60,59,1,1,0
S00118496,82,80,2,0,2
S00118497,69,68,1,0,1
S00118498,96,91,5,0,5
S00118499,76,76,0,0,0
S00118500,74,72,2,0,2
S00118501,63,59,4,0,4
S00118502,61,61,0,0,0
S00118503,61,50,11,0,11
S00118504,38,35,3,1,2
S00118505,39,39,0,0,0
S00118506,61,59,2,0,2
S00118507,63,63,0,0,0
S00118508,21,20,1,1,0
S00118509,57,55,2,0,2
S00118510,40,34,6,0,6
S00118511,100,99,1,0,1
S00118512,46,44,2,1,1
S00118513,57,57,0,0,0
S00118514,62,61,1,0,1
S00118515,58,58,0,0,0
S00118516,73,65,8,7,1
S00118517,56,55,1,0,1
S00118518,49,48,1,0,1
S00118519,49,46,3,0,3
S00118520,43,36,7,6,1
S00118521,51,48,3,1,2
S00118522,37,36,1,0,1
S00118523,52,48,4,4,0
S00118524,41,33,8,5,3
S00118525,52,52,0,0,0
S00118526,39,37,2,0,2
S00118527,76,76,0,0,0
S00118528,60,56,4,0,4
S00118529,78,75,3,0,3
S00118530,59,56,3,2,1
S00118531,49,49,0,0,0
S00118532,65,62,3,3,0
S00118533,76,73,3,0,3
S00118534,68,63,5,0,5
S00118535,60,60,0,0,0
S00118536,37,37,0,0,0
S00118537,79,67,12,11,1
S00118538,37,37,0,0,0
S00118539,65,61,4,3,1
S00118540,41,41,0,0,0
S00118541,52,50,2,2,0
S00118542,50,47,3,3,0
S00118543,60,58,2,0,2
S00118544,33,32,1,0,1
S00118545,34,34,0,0,0
S00118546,65,64,1,0,1
S00118547,36,35,1,0,1
S00118548,61,57,4,0,4
S00118549,58,58,0,0,0
S00118550,44,43,1,0,1
S00118551,35,35,0,0,0
S00118552,42,40,2,0,2
S00118553,74,72,2,0,2
S00118554,57,55,2,0,2
S00118555,35,35,0,0,0
S00118556,52,49,3,0,3
S00118557,41,41,0,0,0
S00118558,50,49,1,0,1
S00118559,49,48,1,1,0
S00118560,40,40,0,0,0
S00118561,77,76,1,1,0
S00118562,52,51,1,1,0
S00118563,79,76,3,1,2
S00118564,42,42,0,0,0
S00118565,36,36,0,0,0
S00118566,41,38,3,1,2
S00118567,40,39,1,0,1
S00118568,43,42,1,0,1
S00118569,73,72,1,0,1
S00118570,26,25,1,1,0
S00118571,61,59,2,0,2
S00118572,64,55,9,5,4
S00118573,25,25,0,0,0
S00118574,31,29,2,0,2
S00118575,79,59,20,18,2
S00118576,69,65,4,2,2
S00118577,42,35,7,7,0
S00118578,33,29,4,3,1
S00118579,57,48,9,7,2
S00118580,38,38,0,0,0
S00118581,45,42,3,1,2
S00118582,42,40,2,1,1
S00118583,54,52,2,0,2
S00118584,49,46,3,0,3
S00118585,50,50,0,0,0
S00118586,32,29,3,0,3
S00118587,58,53,5,3,2
S00118588,49,46,3,0,3
S00118589,37,36,1,1,0
S00118590,45,38,7,0,7
S00118591,30,29,1,0,1
S00118592,42,35,7,1,6
S00118593,60,58,2,0,2
S00118594,60,50,10,2,8
S00118595,38,36,2,0,2
S00118596,62,59,3,1,2
S00118597,48,48,0,0,0
S00118598,58,58,0,0,0
S00118599,56,56,0,0,0
S00118600,49,48,1,0,1
S00118601,51,49,2,0,2
S00118602,72,70,2,0,2
S00118603,50,48,2,0,2
S00118604,37,36,1,1,0
S00118605,93,92,1,1,0
S00118606,43,42,1,0,1
S00118607,38,36,2,0,2
S00118608,37,36,1,0,1
S00118609,53,52,1,0,1
S00118610,27,26,1,0,1
S00118611,56,56,0,0,0
S00118612,75,75,0,0,0
S00118613,54,53,1,0,1
S00118614,46,46,0,0,0
S00118615,72,72,0,0,0
S00118616,74,74,0,0,0
S00118617,77,77,0,0,0
S00118618,56,55,1,0,1
S00118619,50,49,1,0,1
S00118620,48,48,0,0,0
S00118621,78,77,1,0,1
S00118622,70,70,0,0,0
S00118623,45,44,1,0,1
S00118624,57,56,1,0,1
S00118625,52,49,3,0,3
S00118626,66,65,1,0,1
S00118627,74,74,0,0,0
S00118628,58,58,0,0,0
S00118629,66,66,0,0,0
S00118630,65,64,1,1,0
S00118631,78,76,2,1,1
S00118632,45,42,3,0,3
S00118633,54,53,1,1,0
S00118634,73,69,4,2,2
S00118635,68,64,4,0,4
S00118636,57,56,1,0,1
S00118637,42,40,2,0,2
S00118638,34,34,0,0,0
S00118639,49,47,2,0,2
S00118640,64,63,1,0,1
S00118641,60,60,0,0,0
S00118642,34,32,2,0,2
S00118643,56,54,2,0,2
S00118644,44,43,1,0,1
S00118645,58,56,2,0,2
S00118646,80,77,3,0,3
S00118647,51,50,1,0,1
S00118648,28,28,0,0,0
S00118649,54,53,1,1,0
S00118650,76,75,1,0,1
S00118651,37,36,1,1,0
S00118652,59,53,6,5,1
S00118653,65,51,14,2,12
S00118654,48,48,0,0,0
S00118655,51,50,1,0,1
S00118656,69,66,3,1,2
S00118657,51,46,5,0,5
S00118658,57,53,4,0,4
S00118659,25,25,0,0,0
S00118660,34,34,0,0,0
S00118661,91,90,1,0,1
S00118662,53,50,3,0,3
S00118663,52,51,1,0,1
S00118664,52,50,2,0,2
S00118665,52,52,0,0,0
S00118666,50,49,1,0,1
S00118667,47,47,0,0,0
S00118668,86,86,0,0,0
S00118669,46,46,0,0,0
S00118670,48,48,0,0,0
S00118671,45,41,4,3,1
S00118672,48,48,0,0,0
S00118673,59,58,1,0,1
S00118674,31,31,0,0,0
S00118675,76,76,0,0,0
S00118676,79,76,3,2,1
S00118677,66,63,3,2,1
S00118678,28,26,2,0,2
S00118679,58,58,0,0,0
S00118680,21,21,0,0,0
S00118681,47,47,0,0,0
S00118682,49,48,1,0,1
S00118683,40,37,3,1,2
S00118684,56,55,1,1,0
S00118685,50,48,2,0,2
S00118686,50,48,2,0,2
S00118687,67,66,1,1,0
S00118688,47,46,1,0,1
S00118689,77,76,1,0,1
S00118690,73,73,0,0,0
S00118691,73,73,0,0,0
S00118692,50,49,1,0,1
S00118693,49,49,0,0,0
S00118694,47,47,0,0,0
S00118695,54,53,1,1,0
S00118696,50,50,0,0,0
S00118697,28,27,1,0,1
S00118698,64,62,2,0,2
S00118699,53,53,0,0,0
S00118700,61,56,5,2,3
S00118701,50,49,1,0,1
S00118702,42,42,0,0,0
S00118703,50,46,4,2,2
S00118704,58,57,1,0,1
S00118705,68,65,3,0,3
S00118706,67,49,18,0,18
S00118707,62,56,6,2,4
S00118708,30,29,1,0,1
S00118709,48,46,2,0,2
S00118710,55,53,2,0,2
S00118711,36,29,7,0,7
S00118712,44,41,3,0,3
S00118713,58,55,3,1,2
S00118714,53,49,4,3,1
S00118715,59,56,3,1,2
S00118716,66,61,5,2,3
S00118717,40,37,3,3,0
S00118718,52,52,0,0,0
S00118719,50,47,3,0,3
S00118720,62,60,2,0,2
S00118721,67,66,1,0,1
S00118722,48,48,0,0,0
S00118723,54,54,0,0,0
S00118724,39,37,2,0,2
S00118725,32,31,1,0,1
S00118726,48,47,1,0,1
S00118727,34,33,1,0,1
S00118728,88,77,11,0,11
S00118729,72,69,3,0,3
S00118730,46,46,0,0,0
S00118731,39,35,4,0,4
S00118732,54,53,1,0,1
S00118733,50,49,1,0,1
S00118734,29,29,0,0,0
S00118735,46,46,0,0,0
S00118736,48,48,0,0,0
S00118737,42,42,0,0,0
S00118738,63,63,0,0,0
S00118739,80,76,4,1,3
S00118740,41,41,0,0,0
S00118741,29,27,2,1,1
S00118742,40,39,1,0,1
S00118743,43,43,0,0,0
S00118744,64,63,1,0,1
S00118745,61,61,0,0,0
S00118746,60,59,1,0,1
S00118747,46,45,1,0,1
S00118748,73,71,2,0,2
S00118749,81,74,7,5,2
S00118750,66,62,4,3,1
S00118751,60,57,3,1,2
S00118752,54,53,1,1,0
S00118753,71,69,2,0,2
S00118754,68,64,4,1,3
S00118755,35,34,1,0,1
S00118756,65,64,1,1,0
S00118757,107,103,4,0,4
S00118758,74,70,4,4,0
S00118759,74,73,1,0,1
S00118760,42,40,2,1,1
S00118761,35,33,2,2,0
S00118762,74,64,10,3,7
S00118763,55,50,5,5,0
S00118764,44,38,6,5,1
S00118765,47,43,4,1,3
S00118766,44,43,1,0,1
S00118767,47,47,0,0,0
S00118768,33,33,0,0,0
S00118769,80,74,6,0,6
S00118770,63,61,2,0,2
S00118771,53,52,1,0,1
S00118772,42,42,0,0,0
S00118773,67,62,5,0,5
S00118774,30,29,1,1,0
S00118775,58,58,0,0,0
S00118776,62,61,1,0,1
S00118777,41,39,2,0,2
S00118778,78,76,2,0,2
S00118779,58,57,1,0,1
S00118780,64,62,2,0,2
S00118781,44,43,1,0,1
S00118782,75,70,5,1,4
S00118783,68,66,2,0,2
S00118784,54,53,1,0,1
S00118785,60,59,1,0,1
S00118786,60,60,0,0,0
S00118787,78,76,2,0,2
S00118788,62,59,3,0,3
S00118789,40,38,2,0,2
S00118790,61,61,0,0,0
S00118791,78,76,2,1,1
S00118792,58,53,5,0,5
S00118793,22,22,0,0,0
S00118794,66,65,1,0,1
S00118795,50,50,0,0,0
S00118796,66,62,4,1,3
S00118797,50,46,4,0,4
S00118798,61,60,1,0,1
S00118799,49,49,0,0,0
S00118800,64,63,1,0,1
S00118801,60,54,6,5,1
S00118802,40,40,0,0,0
S00118803,54,53,1,0,1
S00118804,64,64,0,0,0
S00118805,60,60,0,0,0
S00118806,52,48,4,1,3
S00118807,42,40,2,0,2
S00118808,49,49,0,0,0
S00118809,57,55,2,2,0
S00118810,58,58,0,0,0
S00118811,77,77,0,0,0
S00118812,65,61,4,1,3
S00118813,67,64,3,0,3
S00118814,58,57,1,0,1
S00118815,66,64,2,0,2
S00118816,69,69,0,0,0
S00118817,71,71,0,0,0
S00118818,64,61,3,1,2
S00118819,53,53,0,0,0
S00118820,68,64,4,0,4
S00118821,66,66,0,0,0
S00118822,49,49,0,0,0
S00118823,54,53,1,0,1
S00118824,69,69,0,0,0
S00118825,29,29,0,0,0
S00118826,44,43,1,0,1
S00118827,43,42,1,0,1
S00118828,71,70,1,0,1
S00118829,37,33,4,1,3
S00118830,69,66,3,0,3
S00118831,49,40,9,3,6
S00118832,84,75,9,3,6
S00118833,45,39,6,1,5
S00118834,57,47,10,7,3
S00118835,61,60,1,0,1
S00118836,47,47,0,0,0
S00118837,51,48,3,0,3
S00118838,46,46,0,0,0
S00118839,50,49,1,0,1
S00118840,30,30,0,0,0
S00118841,53,53,0,0,0
S00118842,62,61,1,0,1
S00118843,62,60,2,0,2
S00118844,78,78,0,0,0
S00118845,54,53,1,0,1
S00118846,71,69,2,0,2
S00118847,73,70,3,1,2
S00118848,48,48,0,0,0
S00118849,46,46,0,0,0
S00118850,46,44,2,0,2
S00118851,66,61,5,1,4
S00118852,45,39,6,1,5
S00118853,51,46,5,2,3
S00118854,38,36,2,0,2
S00118855,50,49,1,0,1
S00118856,52,50,2,0,2
S00118857,51,50,1,0,1
S00118858,51,51,0,0,0
S00118859,43,42,1,0,1
S00118860,49,47,2,0,2
S00118861,73,69,4,3,1
S00118862,42,42,0,0,0
S00118863,48,46,2,2,0
S00118864,77,67,10,9,1
S00118865,59,48,11,10,1
S00118866,60,45,15,8,7
S00118867,52,50,2,0,2
S00118868,56,53,3,3,0
S00118869,61,54,7,2,5
S00118870,76,72,4,4,0
S00118871,34,31,3,2,1
S00118872,76,71,5,0,5
S00118873,40,40,0,0,0
S00118874,57,55,2,1,1
S00118875,48,48,0,0,0
S00118876,58,53,5,0,5
S00118877,34,32,2,0,2
S00118878,36,33,3,2,1
S00118879,47,47,0,0,0
S00118880,63,61,2,0,2
S00118881,49,47,2,1,1
S00118882,73,73,0,0,0
S00118883,66,58,8,1,7
S00118884,56,52,4,0,4
S00118885,45,43,2,0,2
S00118886,55,53,2,1,1
S00118887,44,44,0,0,0
S00118888,56,53,3,0,3
S00118889,32,31,1,0,1
S00118890,50,48,2,0,2
S00118891,60,52,8,0,8
S00118892,29,28,1,0,1
S00118893,31,31,0,0,0
S00118894,54,51,3,0,3
S00118895,62,54,8,1,7
S00118896,57,49,8,1,7
S00118897,49,47,2,1,1
S00118898,32,32,0,0,0
S00118899,57,53,4,0,4
S00118900,93,76,17,9,8
S00118901,74,52,22,17,5
S00118902,64,61,3,0,3
S00118903,66,61,5,1,4
S00118904,60,49,11,4,7
S00118905,64,59,5,5,0
S00118906,72,64,8,7,1
S00118907,65,63,2,1,1
S00118908,82,67,15,11,4
S00118909,38,38,0,0,0
S00118910,51,49,2,0,2
S00118911,64,53,11,4,7
S00118912,65,63,2,1,1
S00118913,61,59,2,0,2
S00118914,44,37,7,7,0
S00118915,84,79,5,2,3
S00118916,53,51,2,1,1
S00118917,49,49,0,0,0
S00118918,45,45,0,0,0
S00118919,41,41,0,0,0
S00118920,69,62,7,4,3
S00118921,56,54,2,1,1
S00118922,48,47,1,1,0
S00118923,56,55,1,1,0
S00118924,46,40,6,3,3
S00118925,58,44,14,5,9
S00118926,57,55,2,0,2
S00118927,60,53,7,3,4
S00118928,55,50,5,4,1
S00118929,61,59,2,0,2
S00118930,51,49,2,1,1
S00118931,78,73,5,1,4
S00118932,61,57,4,0,4
S00118933,26,25,1,0,1
S00118934,70,69,1,0,1
S00118935,69,66,3,1,2
S00118936,52,50,2,2,0
S00118937,57,55,2,2,0
S00118938,57,53,4,2,2
S00118939,56,53,3,3,0
S00118940,71,70,1,1,0
S00118941,79,75,4,1,3
S00118942,72,69,3,0,3
S00118943,46,40,6,0,6
S00118944,64,58,6,0,6
S00118945,50,47,3,0,3
S00118946,44,42,2,0,2
S00118947,33,28,5,0,5
S00118948,66,63,3,0,3
S00118949,69,54,15,1,14
S00118950,47,36,11,0,11
S00118951,45,40,5,0,5
S00118952,77,73,4,1,3
S00118953,66,61,5,0,5
S00118954,69,61,8,1,7
S00118955,70,66,4,1,3
S00118956,71,64,7,1,6
S00118957,76,73,3,0,3
S00118958,57,53,4,2,2
S00118959,72,59,13,2,11
S00118960,63,61,2,0,2
S00118961,62,57,5,5,0
S00118962,70,47,23,2,21
S00118963,65,56,9,5,4
S00118964,64,59,5,0,5
S00118965,69,53,16,14,2
S00118966,73,63,10,3,7
S00118967,54,52,2,1,1
S00118968,39,38,1,0,1
S00118969,54,51,3,1,2
S00118970,41,35,6,0,6
S00118971,29,27,2,0,2
S00118972,56,56,0,0,0
S00118973,65,60,5,0,5
S00118974,54,51,3,0,3
S00118975,52,52,0,0,0
S00118976,58,57,1,0,1
S00118977,51,50,1,0,1
S00118978,42,40,2,1,1
S00118979,49,48,1,0,1
S00118980,44,44,0,0,0
S00118981,50,49,1,0,1
S00118982,64,64,0,0,0
S00118983,51,51,0,0,0
S00118984,39,39,0,0,0
S00118985,59,59,0,0,0
S00118986,48,48,0,0,0
S00118987,42,41,1,0,1
S00118988,44,43,1,0,1
S00118989,49,49,0,0,0
S00118990,68,68,0,0,0
S00118991,69,67,2,0,2
S00118992,59,57,2,1,1
S00118993,59,55,4,0,4
S00118994,28,28,0,0,0
S00118995,58,56,2,0,2
S00118996,43,41,2,1,1
S00118997,45,45,0,0,0
S00118998,67,66,1,0,1
S00118999,47,45,2,0,2
S00119000,48,48,0,0,0
S00119001,78,76,2,1,1
S00119002,40,40,0,0,0
S00119003,40,40,0,0,0
S00119004,51,51,0,0,0
S00119005,71,71,0,0,0
S00119006,53,50,3,0,3
S00119007,46,46,0,0,0
S00119008,47,47,0,0,0
S00119009,43,41,2,0,2
S00119010,40,40,0,0,0
S00119011,42,41,1,0,1
S00119012,51,48,3,2,1
S00119013,44,42,2,0,2
S00119014,43,43,0,0,0
S00119015,45,45,0,0,0
S00119016,44,44,0,0,0
S00119017,67,67,0,0,0
S00119018,41,41,0,0,0
S00119019,49,49,0,0,0
S00119020,47,47,0,0,0
S00119021,36,36,0,0,0
S00119022,25,25,0,0,0
S00119023,54,53,1,0,1
S00119024,56,55,1,1,0
S00119025,45,43,2,0,2
S00119026,41,38,3,0,3
S00119027,52,51,1,0,1
S00119028,51,50,1,0,1
S00119029,42,42,0,0,0
S00119030,44,44,0,0,0
S00119031,66,63,3,3,0
S00119032,58,58,0,0,0
S00119033,81,75,6,4,2
S00119034,36,34,2,0,2
S00119035,65,63,2,2,0
S00119036,62,62,0,0,0
S00119037,56,45,11,11,0
S00119038,32,31,1,0,1
S00119039,43,42,1,0,1
S00119040,59,36,23,23,0
S00119041,48,47,1,0,1
S00119042,47,46,1,0,1
S00119043,36,36,0,0,0
S00119044,51,51,0,0,0
S00119045,25,23,2,0,2
S00119046,45,42,3,0,3
S00119047,35,23,12,0,12
S00119048,45,44,1,0,1
S00119049,34,32,2,1,1
S00119050,45,45,0,0,0
S00119051,84,79,5,0,5
S00119052,27,27,0,0,0
S00119053,73,71,2,0,2
S00119054,47,44,3,3,0
S00119055,42,35,7,1,6
S00119056,34,34,0,0,0
S00119057,38,38,0,0,0
S00119058,47,47,0,0,0
S00119059,73,69,4,0,4
S00119060,41,41,0,0,0
S00119061,55,51,4,0,4
S00119062,82,75,7,3,4
S00119063,59,58,1,0,1
S00119064,62,61,1,0,1
S00119065,41,35,6,0,6
S00119066,53,52,1,0,1
S00119067,67,64,3,1,2
S00119068,94,76,18,17,1
S00119069,68,64,4,0,4
S00119070,47,45,2,1,1
S00119071,48,26,22,21,1
S00119072,43,34,9,8,1
S00119073,43,41,2,0,2
S00119074,39,37,2,1,1
S00119075,33,32,1,1,0
S00119076,63,53,10,0,10
S00119077,38,37,1,0,1
S00119078,69,65,4,0,4
S00119079,68,67,1,0,1
S00119080,69,69,0,0,0
S00119081,34,34,0,0,0
S00119082,76,55,21,1,20
S00119083,80,80,0,0,0
S00119084,64,63,1,0,1
S00119085,60,55,5,2,3
S00119086,83,75,8,0,8
S00119087,70,70,0,0,0
S00119088,27,27,0,0,0
S00119089,73,69,4,2,2
S00119090,43,43,0,0,0
S00119091,46,45,1,0,1
S00119092,41,41,0,0,0
S00119093,46,44,2,0,2
S00119094,36,34,2,0,2
S00119095,36,34,2,0,2
S00119096,50,49,1,0,1
S00119097,22,22,0,0,0
S00119098,30,29,1,0,1
S00119099,55,55,0,0,0
S00119100,76,73,3,1,2
S00119101,36,33,3,0,3
S00119102,39,38,1,0,1
S00119103,67,61,6,2,4
S00119104,51,50,1,0,1
S00119105,30,29,1,0,1
S00119106,52,50,2,0,2
S00119107,38,38,0,0,0
S00119108,50,50,0,0,0
S00119109,33,32,1,0,1
S00119110,38,38,0,0,0
S00119111,59,58,1,0,1
S00119112,71,59,12,5,7
S00119113,42,40,2,0,2
S00119114,42,38,4,1,3
S00119115,58,55,3,0,3
S00119116,37,28,9,5,4
S00119117,98,77,21,8,13
S00119118,26,25,1,0,1
S00119119,61,60,1,0,1
S00119120,50,50,0,0,0
S00119121,61,44,17,14,3
S00119122,76,73,3,1,2
S00119123,51,51,0,0,0
S00119124,61,61,0,0,0
S00119125,65,56,9,1,8
S00119126,63,56,7,1,6
S00119127,61,54,7,2,5
S00119128,28,28,0,0,0
S00119129,67,59,8,6,2
S00119130,116,75,41,32,9
S00119131,63,53,10,2,8
S00119132,65,63,2,2,0
S00119133,40,39,1,1,0
S00119134,48,44,4,0,4
S00119135,41,38,3,0,3
S00119136,47,43,4,0,4
S00119137,48,48,0,0,0
S00119138,42,41,1,0,1
S00119139,31,31,0,0,0
S00119140,24,24,0,0,0
S00119141,55,49,6,0,6
S00119142,57,53,4,4,0
S00119143,63,61,2,2,0
S00119144,58,58,0,0,0
S00119145,49,35,14,13,1
S00119146,49,47,2,0,2
S00119147,48,47,1,1,0
S00119148,23,23,0,0,0
S00119149,60,55,5,1,4
S00119150,48,48,0,0,0
S00119151,32,27,5,2,3
S00119152,45,45,0,0,0
S00119153,82,54,28,16,12
S00119154,76,56,20,17,3
S00119155,56,45,11,10,1
S00119156,108,76,32,32,0
S00119157,59,54,5,5,0
S00119158,87,56,31,29,2
S00119159,101,67,34,22,12
S00119160,36,36,0,0,0
S00119161,36,35,1,0,1
S00119162,38,36,2,0,2
S00119163,31,29,2,0,2
S00119164,26,25,1,0,1
S00119165,52,49,3,2,1
S00119166,55,52,3,0,3
S00119167,66,61,5,0,5
S00119168,84,74,10,5,5
S00119169,54,48,6,0,6
S00119170,72,35,37,34,3
S00119171,50,45,5,4,1
S00119172,38,35,3,3,0
S00119173,99,60,39,30,9
S00119174,64,49,15,15,0
S00119175,56,39,17,17,0
S00119176,43,29,14,14,0
S00119177,88,52,36,36,0
S00119178,50,26,24,23,1
S00119179,121,75,46,44,2
S00119180,59,52,7,6,1
S00119181,68,48,20,16,4
S00119182,51,35,16,15,1
S00119183,71,57,14,12,2
S00119184,58,58,0,0,0
S00119185,93,65,28,28,0
S00119186,85,55,30,28,2
S00119187,47,30,17,15,2
S00119188,29,29,0,0,0
S00119189,65,61,4,1,3
S00119190,49,40,9,4,5
S00119191,59,48,11,10,1
S00119192,43,32,11,9,2
S00119193,48,36,12,11,1
S00119194,65,57,8,8,0
S00119195,43,40,3,2,1
S00119196,53,45,8,7,1
S00119197,50,45,5,4,1
S00119198,47,44,3,1,2
S00119199,64,56,8,6,2
S00119200,41,39,2,0,2
S00119201,43,32,11,10,1
S00119202,34,33,1,1,0
S00119203,34,27,7,5,2
S00119204,63,61,2,2,0
S00119205,42,38,4,2,2
S00119206,42,42,0,0,0
S00119207,53,52,1,1,0
S00119208,50,48,2,0,2
S00119209,53,48,5,2,3
S00119210,36,36,0,0,0
S00119211,30,21,9,8,1
S00119212,40,33,7,5,2
S00119213,156,71,85,81,4
S00119214,29,29,0,0,0
S00119215,69,68,1,0,1
S00119216,33,29,4,3,1
S00119217,74,67,7,6,1
S00119218,68,52,16,11,5
S00119219,85,62,23,23,0
S00119220,58,32,26,26,0
S00119221,40,39,1,1,0
S00119222,51,47,4,4,0
S00119223,42,28,14,13,1
S00119224,76,66,10,4,6
S00119225,46,44,2,0,2
S00119226,28,28,0,0,0
S00119227,56,53,3,0,3
S00119228,32,30,2,2,0
S00119229,37,37,0,0,0
S00119230,28,28,0,0,0
S00119231,62,58,4,2,2
S00119232,33,31,2,0,2
S00119233,70,60,10,7,3
S00119234,39,28,11,10,1
S00119235,56,54,2,0,2
S00119236,39,37,2,0,2
S00119237,48,48,0,0,0
S00119238,35,34,1,0,1
S00119239,35,35,0,0,0
S00119240,58,58,0,0,0
S00119241,70,69,1,0,1
S00119242,30,29,1,0,1
S00119243,59,58,1,0,1
S00119244,34,33,1,0,1
S00119245,35,33,2,0,2
S00119246,71,68,3,2,1
S00119247,66,66,0,0,0
S00119248,50,49,1,0,1
S00119249,63,43,20,19,1
S00119250,70,53,17,16,1
S00119251,80,63,17,16,1
S00119252,62,51,11,10,1
S00119253,30,26,4,4,0
S00119254,104,75,29,25,4
S00119255,80,64,16,14,2
S00119256,30,29,1,1,0
S00119257,67,65,2,1,1
S00119258,25,24,1,1,0
S00119259,64,55,9,8,1
S00119260,54,42,12,12,0
S00119261,51,46,5,5,0
S00119262,75,63,12,11,1
S00119263,60,49,11,4,7
S00119264,58,53,5,3,2
S00119265,70,67,3,1,2
S00119266,33,33,0,0,0
S00119267,52,42,10,9,1
S00119268,55,54,1,0,1
S00119269,47,47,0,0,0
S00119270,38,37,1,0,1
S00119271,61,60,1,0,1
S00119272,81,75,6,2,4
S00119273,48,48,0,0,0
S00119274,74,61,13,6,7
S00119275,57,44,13,10,3
S00119276,43,43,0,0,0
S00119277,70,63,7,4,3
S00119278,46,43,3,3,0
S00119279,54,53,1,0,1
S00119280,63,63,0,0,0
S00119281,25,22,3,2,1
S00119282,26,24,2,0,2
S00119283,65,64,1,0,1
S00119284,51,51,0,0,0
S00119285,84,77,7,1,6
S00119286,23,22,1,0,1
S00119287,38,37,1,0,1
S00119288,39,38,1,0,1
S00119289,54,51,3,0,3
S00119290,40,39,1,1,0
S00119291,68,54,14,13,1
S00119292,44,42,2,1,1
S00119293,59,59,0,0,0
S00119294,55,48,7,2,5
S00119295,75,73,2,1,1
S00119296,56,54,2,0,2
S00119297,63,62,1,1,0
S00119298,34,31,3,0,3
S00119299,60,57,3,1,2
S00119300,84,84,0,0,0
S00119301,36,33,3,1,2
S00119302,26,24,2,1,1
S00119303,59,45,14,14,0
S00119304,67,62,5,5,0
S00119305,81,71,10,9,1
S00119306,39,33,6,6,0
S00119307,73,57,16,14,2
S00119308,33,30,3,2,1
S00119309,48,47,1,0,1
S00119310,76,64,12,12,0
S00119311,32,26,6,3,3
S00119312,32,30,2,1,1
S00119313,83,65,18,17,1
S00119314,55,39,16,11,5
S00119315,44,41,3,2,1
S00119316,69,64,5,2,3
S00119317,29,28,1,0,1
S00119318,33,31,2,2,0
S00119319,76,76,0,0,0
S00119320,40,39,1,0,1
S00119321,56,53,3,1,2
S00119322,34,34,0,0,0
S00119323,30,28,2,1,1
S00119324,54,52,2,0,2
S00119325,72,67,5,3,2
S00119326,55,51,4,2,2
S00119327,45,41,4,1,3
S00119328,35,34,1,0,1
S00119329,83,82,1,1,0
S00119330,21,21,0,0,0
S00119331,31,29,2,0,2
S00119332,79,76,3,1,2
S00119333,53,50,3,1,2
S00119334,49,49,0,0,0
S00119335,45,45,0,0,0
S00119336,60,60,0,0,0
S00119337,64,62,2,2,0
S00119338,27,27,0,0,0
S00119339,41,40,1,1,0
S00119340,63,63,0,0,0
S00119341,48,47,1,0,1
S00119342,72,69,3,1,2
S00119343,52,46,6,3,3
S00119344,70,66,4,0,4
S00119345,52,49,3,3,0
S00119346,32,32,0,0,0
S00119347,53,47,6,4,2
S00119348,64,62,2,1,1
S00119349,81,76,5,2,3
S00119350,31,29,2,0,2
S00119351,53,51,2,1,1
S00119352,68,66,2,2,0
S00119353,69,60,9,9,0
S00119354,60,59,1,1,0
S00119355,81,74,7,1,6
S00119356,59,58,1,0,1
S00119357,51,50,1,1,0
S00119358,37,37,0,0,0
S00119359,49,47,2,1,1
S00119360,49,33,16,14,2
S00119361,58,50,8,4,4
S00119362,96,59,37,36,1
S00119363,78,54,24,21,3
S00119364,35,30,5,5,0
S00119365,73,63,10,8,2
S00119366,79,64,15,14,1
S00119367,62,47,15,14,1
S00119368,77,60,17,17,0
S00119369,58,40,18,17,1
S00119370,36,34,2,2,0
S00119371,73,65,8,8,0
S00119372,47,44,3,3,0
S00119373,45,40,5,5,0
S00119374,79,68,11,10,1
S00119375,44,33,11,11,0
S00119376,71,51,20,16,4
S00119377,46,39,7,7,0
S00119378,58,46,12,8,4
S00119379,39,35,4,4,0
S00119380,51,46,5,0,5
S00119381,44,40,4,1,3
S00119382,37,37,0,0,0
S00119383,47,43,4,3,1
S00119384,64,59,5,5,0
S00119385,59,58,1,1,0
S00119386,56,46,10,10,0
S00119387,62,56,6,1,5
S00119388,39,35,4,1,3
S00119389,74,61,13,7,6
S00119390,56,46,10,8,2
S00119391,70,43,27,25,2
S00119392,75,59,16,11,5
S00119393,35,32,3,2,1
S00119394,39,37,2,1,1
S00119395,65,55,10,5,5
S00119396,37,34,3,3,0
S00119397,55,50,5,5,0
S00119398,55,52,3,2,1
S00119399,57,50,7,7,0
S00119400,47,40,7,7,0
S00119401,76,73,3,3,0
S00119402,47,43,4,4,0
S00119403,28,28,0,0,0
S00119404,106,100,6,2,4
S00119405,72,66,6,2,4
S00119406,48,46,2,1,1
S00119407,52,39,13,13,0
S00119408,40,32,8,8,0
S00119409,62,55,7,7,0
S00119410,34,29,5,5,0
S00119411,83,75,8,8,0
S00119412,63,62,1,1,0
S00119413,52,48,4,4,0
S00119414,50,46,4,4,0
S00119415,51,41,10,7,3
S00119416,49,45,4,4,0
S00119417,53,52,1,0,1
S00119418,43,39,4,4,0
S00119419,46,46,0,0,0
S00119420,50,49,1,1,0
S00119421,34,29,5,3,2
S00119422,62,56,6,2,4
S00119423,94,80,14,4,10
S00119424,61,57,4,0,4
S00119425,52,49,3,2,1
S00119426,45,42,3,2,1
S00119427,53,50,3,1,2
S00119428,29,27,2,1,1
S00119429,48,45,3,1,2
S00119430,23,22,1,0,1
S00119431,46,41,5,2,3
S00119432,45,45,0,0,0
S00119433,91,54,37,33,4
S00119434,83,80,3,0,3
S00119435,54,49,5,1,4
S00119436,36,36,0,0,0
S00119437,33,33,0,0,0
S00119438,49,49,0,0,0
S00119439,36,36,0,0,0
S00119440,78,75,3,0,3
S00119441,95,94,1,0,1
S00119442,59,58,1,0,1
S00119443,68,68,0,0,0
S00119444,45,44,1,0,1
S00119445,78,74,4,0,4
S00119446,91,87,4,0,4
S00119447,36,36,0,0,0
S00119448,58,57,1,0,1
S00119449,41,40,1,1,0
S00119450,69,69,0,0,0
S00119451,38,37,1,0,1
S00119452,48,48,0,0,0
S00119453,72,69,3,1,2
S00119454,70,69,1,0,1
S00119455,60,58,2,1,1
S00119456,39,38,1,0,1
S00119457,53,51,2,0,2
S00119458,58,56,2,0,2
S00119459,37,37,0,0,0
S00119460,36,36,0,0,0
S00119461,42,42,0,0,0
S00119462,41,41,0,0,0
S00119463,46,45,1,0,1
S00119464,48,48,0,0,0
S00119465,33,33,0,0,0
S00119466,54,53,1,0,1
S00119467,27,27,0,0,0
S00119468,60,60,0,0,0
S00119469,38,38,0,0,0
S00119470,46,46,0,0,0
S00119471,83,77,6,0,6
S00119472,28,27,1,0,1
S00119473,53,50,3,0,3
S00119474,57,56,1,0,1
S00119475,45,44,1,0,1
S00119476,56,48,8,4,4
S00119477,48,46,2,0,2
S00119478,62,56,6,1,5
S00119479,36,34,2,0,2
S00119480,89,87,2,1,1
S00119481,31,31,0,0,0
S00119482,62,62,0,0,0
S00119483,47,45,2,1,1
S00119484,40,40,0,0,0
S00119485,60,57,3,3,0
S00119486,44,42,2,1,1
S00119487,45,45,0,0,0
S00119488,46,46,0,0,0
S00119489,99,99,0,0,0
S00119490,66,60,6,5,1
S00119491,32,32,0,0,0
S00119492,74,71,3,0,3
S00119493,65,65,0,0,0
S00119494,69,69,0,0,0
S00119495,40,38,2,2,0
S00119496,38,38,0,0,0
S00119497,60,59,1,0,1
S00119498,46,44,2,0,2
S00119499,58,57,1,0,1
S00119500,30,28,2,2,0
S00119501,64,59,5,3,2
S00119502,43,43,0,0,0
S00119503,52,51,1,0,1
S00119504,47,45,2,1,1
S00119505,55,54,1,0,1
S00119506,35,35,0,0,0
S00119507,48,38,10,8,2
S00119508,84,83,1,0,1
S00119509,47,46,1,1,0
S00119510,46,46,0,0,0
S00119511,56,56,0,0,0
S00119512,61,60,1,0,1
S00119513,42,42,0,0,0
S00119514,51,51,0,0,0
S00119515,62,61,1,1,0
S00119516,70,70,0,0,0
S00119517,38,38,0,0,0
S00119518,67,66,1,0,1
S00119519,51,51,0,0,0
S00119520,37,37,0,0,0
S00119521,49,49,0,0,0
S00119522,64,60,4,1,3
S00119523,93,82,11,4,7
S00119524,72,64,8,1,7
S00119525,54,52,2,0,2
S00119526,63,59,4,0,4
S00119527,31,30,1,0,1
S00119528,53,52,1,0,1
S00119529,66,65,1,0,1
S00119530,38,37,1,0,1
S00119531,54,53,1,0,1
S00119532,64,48,16,14,2
S00119533,71,70,1,1,0
S00119534,47,45,2,1,1
S00119535,52,51,1,0,1
S00119536,50,50,0,0,0
S00119537,34,34,0,0,0
S00119538,60,60,0,0,0
S00119539,58,58,0,0,0
S00119540,27,27,0,0,0
S00119541,68,68,0,0,0
S00119542,35,35,0,0,0
S00119543,52,48,4,2,2
S00119544,80,78,2,0,2
S00119545,32,32,0,0,0
S00119546,48,47,1,0,1
S00119547,36,35,1,0,1
S00119548,84,77,7,0,7
S00119549,56,54,2,0,2
S00119550,33,32,1,0,1
S00119551,28,27,1,0,1
S00119552,64,63,1,0,1
S00119553,48,47,1,0,1
S00119554,48,47,1,1,0
S00119555,88,87,1,0,1
S00119556,55,53,2,0,2
S00119557,79,72,7,2,5
S00119558,57,55,2,0,2
S00119559,28,28,0,0,0
S00119560,55,53,2,0,2
S00119561,39,36,3,0,3
S00119562,37,37,0,0,0
S00119563,70,62,8,3,5
S00119564,49,47,2,2,0
S00119565,70,68,2,0,2
S00119566,43,41,2,0,2
S00119567,45,43,2,0,2
S00119568,36,34,2,2,0
S00119569,34,34,0,0,0
S00119570,64,64,0,0,0
S00119571,31,30,1,0,1
S00119572,59,56,3,2,1
S00119573,53,45,8,2,6
S00119574,78,73,5,2,3
S00119575,61,61,0,0,0
S00119576,70,69,1,1,0
S00119577,27,26,1,1,0
S00119578,54,54,0,0,0
S00119579,38,38,0,0,0
S00119580,49,46,3,0,3
S00119581,54,54,0,0,0
S00119582,58,57,1,0,1
S00119583,30,30,0,0,0
S00119584,87,81,6,0,6
S00119585,28,26,2,0,2
S00119586,71,68,3,0,3
S00119587,56,52,4,1,3
S00119588,37,36,1,0,1
S00119589,43,41,2,0,2
S00119590,40,38,2,1,1
S00119591,54,53,1,0,1
S00119592,65,63,2,0,2
S00119593,112,108,4,0,4
S00119594,37,37,0,0,0
S00119595,63,63,0,0,0
S00119596,93,90,3,0,3
S00119597,81,69,12,11,1
S00119598,63,58,5,1,4
S00119599,74,66,8,5,3
S00119600,103,97,6,5,1
S00119601,39,39,0,0,0
S00119602,33,32,1,1,0
S00119603,53,51,2,1,1
S00119604,57,54,3,1,2
S00119605,24,23,1,0,1
S00119606,68,68,0,0,0
S00119607,52,49,3,0,3
S00119608,72,68,4,0,4
S00119609,76,74,2,0,2
S00119610,41,40,1,0,1
S00119611,69,69,0,0,0
S00119612,54,54,0,0,0
S00119613,56,54,2,0,2
S00119614,72,72,0,0,0
S00119615,62,60,2,0,2
S00119616,35,33,2,0,2
S00119617,47,45,2,1,1
S00119618,60,60,0,0,0
S00119619,62,59,3,0,3
S00119620,52,47,5,2,3
S00119621,86,70,16,7,9
S00119622,52,50,2,1,1
S00119623,47,47,0,0,0
S00119624,67,44,23,22,1
S00119625,71,66,5,5,0
S00119626,46,44,2,1,1
S00119627,60,55,5,1,4
S00119628,68,66,2,1,1
S00119629,31,30,1,0,1
S00119630,40,32,8,4,4
S00119631,69,52,17,15,2
S00119632,92,33,59,55,4
S00119633,85,73,12,11,1
S00119634,56,53,3,0,3
S00119635,53,52,1,0,1
S00119636,60,59,1,0,1
S00119637,51,50,1,0,1
S00119638,39,36,3,1,2
S00119639,66,64,2,1,1
S00119640,55,55,0,0,0
S00119641,29,28,1,0,1
S00119642,61,49,12,0,12
S00119643,27,27,0,0,0
S00119644,37,36,1,0,1
S00119645,80,80,0,0,0
S00119646,24,24,0,0,0
S00119647,43,43,0,0,0
S00119648,37,33,4,0,4
S00119649,75,74,1,1,0
S00119650,51,51,0,0,0
S00119651,35,35,0,0,0
S00119652,33,32,1,0,1
S00119653,50,47,3,2,1
S00119654,45,44,1,0,1
S00119655,35,35,0,0,0
S00119656,75,75,0,0,0
S00119657,58,58,0,0,0
S00119658,54,54,0,0,0
S00119659,72,72,0,0,0
S00119660,57,57,0,0,0
S00119661,60,60,0,0,0
S00119662,52,50,2,0,2
S00119663,49,49,0,0,0
S00119664,65,64,1,0,1
S00119665,64,64,0,0,0
S00119666,54,48,6,0,6
S00119667,33,32,1,0,1
S00119668,68,57,11,0,11
S00119669,80,76,4,0,4
S00119670,57,57,0,0,0
S00119671,54,50,4,0,4
S00119672,52,52,0,0,0
S00119673,76,74,2,0,2
S00119674,60,60,0,0,0
S00119675,62,59,3,0,3
S00119676,65,64,1,0,1
S00119677,56,50,6,1,5
S00119678,65,64,1,0,1
S00119679,35,33,2,0,2
S00119680,52,49,3,2,1
S00119681,57,56,1,0,1
S00119682,34,33,1,0,1
S00119683,37,34,3,0,3
S00119684,64,60,4,0,4
S00119685,56,56,0,0,0
S00119686,45,45,0,0,0
S00119687,48,40,8,0,8
S00119688,58,57,1,0,1
S00119689,45,38,7,1,6
S00119690,37,35,2,0,2
S00119691,89,73,16,5,11
S00119692,76,75,1,0,1
S00119693,55,54,1,0,1
S00119694,26,26,0,0,0
S00119695,34,34,0,0,0
S00119696,45,44,1,0,1
S00119697,58,57,1,0,1
S00119698,47,46,1,0,1
S00119699,53,52,1,0,1
S00119700,64,61,3,0,3
S00119701,53,48,5,1,4
S00119702,74,72,2,0,2
S00119703,71,71,0,0,0
S00119704,41,40,1,0,1
S00119705,61,60,1,0,1
S00119706,41,40,1,0,1
S00119707,75,71,4,0,4
S00119708,62,61,1,0,1
S00119709,57,57,0,0,0
S00119710,45,45,0,0,0
S00119711,52,52,0,0,0
S00119712,55,53,2,0,2
S00119713,40,39,1,0,1
S00119714,45,45,0,0,0
S00119715,43,42,1,0,1
S00119716,53,51,2,0,2
S00119717,45,44,1,0,1
S00119718,44,44,0,0,0
S00119719,40,39,1,0,1
S00119720,57,56,1,0,1
S00119721,44,43,1,0,1
S00119722,52,52,0,0,0
S00119723,42,42,0,0,0
S00119724,48,48,0,0,0
S00119725,32,32,0,0,0
S00119726,32,30,2,0,2
S00119727,72,70,2,1,1
S00119728,49,46,3,0,3
S00119729,61,56,5,0,5
S00119730,53,52,1,0,1
S00119731,48,42,6,0,6
S00119732,59,55,4,0,4
S00119733,51,46,5,0,5
S00119734,36,33,3,0,3
S00119735,83,81,2,0,2
S00119736,67,64,3,0,3
S00119737,48,47,1,0,1
S00119738,56,55,1,0,1
S00119739,47,46,1,0,1
S00119740,92,84,8,0,8
S00119741,70,66,4,0,4
S00119742,35,33,2,0,2
S00119743,49,49,0,0,0
S00119744,67,67,0,0,0
S00119745,71,68,3,0,3
S00119746,72,68,4,0,4
S00119747,56,55,1,0,1
S00119748,64,62,2,0,2
S00119749,44,38,6,0,6
S00119750,41,41,0,0,0
S00119751,56,56,0,0,0
S00119752,84,78,6,1,5
S00119753,42,42,0,0,0
S00119754,55,53,2,0,2
S00119755,88,87,1,0,1
S00119756,57,57,0,0,0
S00119757,27,27,0,0,0
S00119758,45,44,1,0,1
S00119759,59,59,0,0,0
S00119760,80,76,4,0,4
S00119761,77,76,1,0,1
S00119762,78,74,4,0,4
S00119763,58,57,1,0,1
S00119764,47,47,0,0,0
S00119765,64,63,1,0,1
S00119766,59,58,1,0,1
S00119767,56,56,0,0,0
S00119768,42,42,0,0,0
S00119769,28,28,0,0,0
S00119770,26,26,0,0,0
S00119771,25,25,0,0,0
S00119772,22,20,2,0,2
S00119773,50,47,3,0,3
S00119774,32,32,0,0,0
S00119775,54,53,1,0,1
S00119776,57,56,1,0,1
S00119777,44,43,1,0,1
S00119778,45,41,4,0,4
S00119779,68,65,3,0,3
S00119780,79,66,13,0,13
S00119781,86,84,2,0,2
S00119782,74,72,2,0,2
S00119783,64,48,16,0,16
S00119784,49,47,2,0,2
S00119785,73,70,3,0,3
S00119786,59,59,0,0,0
S00119787,49,45,4,0,4
S00119788,45,45,0,0,0
S00119789,46,45,1,0,1
S00119790,40,40,0,0,0
S00119791,65,63,2,0,2
S00119792,57,56,1,0,1
S00119793,67,66,1,0,1
S00119794,56,55,1,0,1
S00119795,51,50,1,0,1
S00119796,37,37,0,0,0
S00119797,75,75,0,0,0
S00119798,73,69,4,0,4
S00119799,58,51,7,1,6
S00119800,55,53,2,0,2
S00119801,63,46,17,2,15
S00119802,55,54,1,0,1
S00119803,56,53,3,0,3
S00119804,37,37,0,0,0
S00119805,25,25,0,0,0
S00119806,41,41,0,0,0
S00119807,53,52,1,0,1
S00119808,70,70,0,0,0
S00119809,62,62,0,0,0
S00119810,50,48,2,0,2
S00119811,54,52,2,0,2
S00119812,55,52,3,0,3
S00119813,55,53,2,0,2
S00119814,63,59,4,0,4
S00119815,61,61,0,0,0
S00119816,69,69,0,0,0
S00119817,56,56,0,0,0
S00119818,48,48,0,0,0
S00119819,41,40,1,0,1
S00119820,46,45,1,0,1
S00119821,58,58,0,0,0
S00119822,57,56,1,0,1
S00119823,34,34,0,0,0
S00119824,60,59,1,0,1
S00119825,43,37,6,0,6
S00119826,33,33,0,0,0
S00119827,68,49,19,0,19
S00119828,34,34,0,0,0
S00119829,46,45,1,0,1
S00119830,44,44,0,0,0
S00119831,73,69,4,0,4
S00119832,46,46,0,0,0
S00119833,46,46,0,0,0
S00119834,41,37,4,0,4
S00119835,51,50,1,0,1
S00119836,50,50,0,0,0
S00119837,40,39,1,0,1
S00119838,32,32,0,0,0
S00119839,45,45,0,0,0
S00119840,45,45,0,0,0
S00119841,43,43,0,0,0
S00119842,37,35,2,0,2
S00119843,45,40,5,1,4
S00119844,46,44,2,0,2
S00119845,48,48,0,0,0
S00119846,48,48,0,0,0
S00119847,49,46,3,0,3
S00119848,69,62,7,0,7
S00119849,40,36,4,0,4
S00119850,41,40,1,0,1
S00119851,76,75,1,0,1
S00119852,50,50,0,0,0
S00119853,48,48,0,0,0
S00119854,54,54,0,0,0
S00119855,68,67,1,0,1
S00119856,79,78,1,0,1
S00119857,72,62,10,0,10
S00119858,81,79,2,0,2
S00119859,42,41,1,0,1
S00119860,40,38,2,0,2
S00119861,37,37,0,0,0
S00119862,66,63,3,0,3
S00119863,73,66,7,0,7
S00119864,73,73,0,0,0
S00119865,51,48,3,0,3
S00119866,51,50,1,1,0
S00119867,30,25,5,0,5
S00119868,57,56,1,0,1
S00119869,63,59,4,0,4
S00119870,45,44,1,0,1
S00119871,33,33,0,0,0
S00119872,72,70,2,0,2
S00119873,63,61,2,0,2
S00119874,113,58,55,0,55
S00119875,53,35,18,0,18
S00119876,46,46,0,0,0
S00119877,62,59,3,0,3
S00119878,97,67,30,0,30
S00119879,60,59,1,0,1
S00119880,73,69,4,0,4
S00119881,70,60,10,0,10
S00119882,67,44,23,9,14
S00119883,46,44,2,0,2
S00119884,75,69,6,0,6
S00119885,79,60,19,0,19
S00119886,52,51,1,0,1
S00119887,61,60,1,0,1
S00119888,50,45,5,0,5
S00119889,80,74,6,0,6
S00119890,62,62,0,0,0
S00119891,59,55,4,0,4
S00119892,39,39,0,0,0
S00119893,54,54,0,0,0
S00119894,59,59,0,0,0
S00119895,48,48,0,0,0
S00119896,53,53,0,0,0
S00119897,59,58,1,0,1
S00119898,26,26,0,0,0
S00119899,48,48,0,0,0
S00119900,22,22,0,0,0
S00119901,48,47,1,0,1
S00119902,81,81,0,0,0
S00119903,69,69,0,0,0
S00119904,30,30,0,0,0
S00119905,70,66,4,0,4
S00119906,57,55,2,0,2
S00119907,37,37,0,0,0
S00119908,55,51,4,0,4
S00119909,78,77,1,0,1
S00119910,61,61,0,0,0
S00119911,71,71,0,0,0
S00119912,63,63,0,0,0
S00119913,31,27,4,0,4
S00119914,31,31,0,0,0
S00119915,39,37,2,0,2
S00119916,72,72,0,0,0
S00119917,50,50,0,0,0
S00119918,55,35,20,0,20
S00119919,24,24,0,0,0
S00119920,41,33,8,0,8
S00119921,43,43,0,0,0
S00119922,67,67,0,0,0
S00119923,68,58,10,0,10
S00119924,49,47,2,1,1
S00119925,42,41,1,0,1
S00119926,46,43,3,0,3
S00119927,68,63,5,1,4
S00119928,28,27,1,0,1
S00119929,49,45,4,1,3
S00119930,64,61,3,0,3
S00119931,52,49,3,0,3
S00119932,46,44,2,0,2
S00119933,57,57,0,0,0
S00119934,51,51,0,0,0
S00119935,58,58,0,0,0
S00119936,61,59,2,0,2
S00119937,39,38,1,0,1
S00119938,46,44,2,0,2
S00119939,58,58,0,0,0
S00119940,77,76,1,0,1
S00119941,36,35,1,0,1
S00119942,57,57,0,0,0
S00119943,56,54,2,0,2
S00119944,65,65,0,0,0
S00119945,67,67,0,0,0
S00119946,55,52,3,1,2
S00119947,59,56,3,0,3
S00119948,36,34,2,0,2
S00119949,60,57,3,0,3
S00119950,46,42,4,0,4
S00119951,49,45,4,0,4
S00119952,54,53,1,0,1
S00119953,53,50,3,1,2
S00119954,52,51,1,1,0
S00119955,59,59,0,0,0
S00119956,62,61,1,0,1
S00119957,53,53,0,0,0
S00119958,57,56,1,0,1
S00119959,43,42,1,0,1
S00119960,48,48,0,0,0
S00119961,59,56,3,0,3
S00119962,55,54,1,0,1
S00119963,51,51,0,0,0
S00119964,56,53,3,1,2
S00119965,51,50,1,0,1
S00119966,44,43,1,0,1
S00119967,39,39,0,0,0
S00119968,49,46,3,0,3
S00119969,67,67,0,0,0
S00119970,55,54,1,0,1
S00119971,55,52,3,0,3
S00119972,45,43,2,0,2
S00119973,52,51,1,0,1
S00119974,61,60,1,0,1
S00119975,72,72,0,0,0
S00119976,67,61,6,1,5
S00119977,61,58,3,0,3
S00119978,63,60,3,0,3
S00119979,47,45,2,0,2
S00119980,42,41,1,0,1
S00119981,72,70,2,0,2
S00119982,53,53,0,0,0
S00119983,54,51,3,0,3
S00119984,52,48,4,0,4
S00119985,35,32,3,0,3
S00119986,77,72,5,0,5
S00119987,60,58,2,0,2
S00119988,52,50,2,0,2
S00119989,32,29,3,0,3
S00119990,48,46,2,0,2
S00119991,43,42,1,0,1
S00119992,39,39,0,0,0
S00119993,71,66,5,0,5
S00119994,58,58,0,0,0
S00119995,41,38,3,0,3
S00119996,45,45,0,0,0
S00119997,47,47,0,0,0
S00119998,72,70,2,0,2
S00119999,47,46,1,0,1
S00120000,49,48,1,0,1
S00120001,32,32,0,0,0
S00120002,49,49,0,0,0
S00120003,79,78,1,0,1
S00120004,72,56,16,0,16
S00120005,55,53,2,0,2
S00120006,38,38,0,0,0
S00120007,39,39,0,0,0
S00120008,49,49,0,0,0
S00120009,34,34,0,0,0
S00120010,57,53,4,1,3
S00120011,79,75,4,0,4
S00120012,56,55,1,0,1
S00120013,34,34,0,0,0
S00120014,49,48,1,0,1
S00120015,69,63,6,0,6
S00120016,80,75,5,0,5
S00120017,43,43,0,0,0
S00120018,40,40,0,0,0
S00120019,38,38,0,0,0
S00120020,41,41,0,0,0
S00120021,75,73,2,0,2
S00120022,59,58,1,0,1
S00120023,40,40,0,0,0
S00120024,43,34,9,0,9
S00120025,53,53,0,0,0
S00120026,51,50,1,0,1
S00120027,43,41,2,0,2
S00120028,53,53,0,0,0
S00120029,42,41,1,0,1
S00120030,72,71,1,0,1
S00120031,49,48,1,0,1
S00120032,45,45,0,0,0
S00120033,45,45,0,0,0
S00120034,51,51,0,0,0
S00120035,74,73,1,0,1
S00120036,61,60,1,0,1
S00120037,47,47,0,0,0
S00120038,48,48,0,0,0
S00120039,40,39,1,0,1
S00120040,75,75,0,0,0
S00120041,66,60,6,0,6
S00120042,69,68,1,0,1
S00120043,73,62,11,0,11
S00120044,63,63,0,0,0
S00120045,47,47,0,0,0
S00120046,56,56,0,0,0
S00120047,66,65,1,0,1
S00120048,43,43,0,0,0
S00120049,51,42,9,0,9
S00120050,47,47,0,0,0
S00120051,45,45,0,0,0
S00120052,45,34,11,0,11
S00120053,50,50,0,0,0
S00120054,42,41,1,0,1
S00120055,40,40,0,0,0
S00120056,48,48,0,0,0
S00120057,54,53,1,0,1
S00120058,51,51,0,0,0
S00120059,80,39,41,0,41
S00120060,46,32,14,0,14
S00120061,61,61,0,0,0
S00120062,42,42,0,0,0
S00120063,56,56,0,0,0
S00120064,45,44,1,0,1
S00120065,58,58,0,0,0
S00120066,43,41,2,0,2
S00120067,49,48,1,0,1
S00120068,30,30,0,0,0
S00120069,50,49,1,0,1
S00120070,75,75,0,0,0
S00120071,34,34,0,0,0
S00120072,79,78,1,0,1
S00120073,68,67,1,0,1
S00120074,49,49,0,0,0
S00120075,32,32,0,0,0
S00120076,60,60,0,0,0
S00120077,67,66,1,0,1
S00120078,77,76,1,0,1
S00120079,61,58,3,0,3
S00120080,39,39,0,0,0
S00120081,39,37,2,0,2
S00120082,73,73,0,0,0
S00120083,42,41,1,0,1
S00120084,78,75,3,0,3
S00120085,62,62,0,0,0
S00120086,69,69,0,0,0
S00120087,84,78,6,0,6
S00120088,52,51,1,0,1
S00120089,58,56,2,0,2
S00120090,59,58,1,0,1
S00120091,57,56,1,0,1
S00120092,52,51,1,0,1
S00120093,40,39,1,0,1
S00120094,75,71,4,0,4
S00120095,67,67,0,0,0
S00120096,56,55,1,0,1
S00120097,35,29,6,0,6
S00120098,76,34,42,0,42
S00120099,43,42,1,0,1
S00120100,31,31,0,0,0
S00120101,77,77,0,0,0
S00120102,59,59,0,0,0
S00120103,73,73,0,0,0
S00120104,58,58,0,0,0
S00120105,58,58,0,0,0
S00120106,25,25,0,0,0
S00120107,58,56,2,0,2
S00120108,48,48,0,0,0
S00120109,48,48,0,0,0
S00120110,58,58,0,0,0
S00120111,67,67,0,0,0
S00120112,42,42,0,0,0
S00120113,44,44,0,0,0
S00120114,56,56,0,0,0
S00120115,47,47,0,0,0
S00120116,59,59,0,0,0
S00120117,38,35,3,0,3
S00120118,48,47,1,0,1
S00120119,61,61,0,0,0
S00120120,66,64,2,0,2
S00120121,48,46,2,0,2
S00120122,74,73,1,0,1
S00120123,58,57,1,0,1
S00120124,53,52,1,0,1
S00120125,46,46,0,0,0
S00120126,51,49,2,0,2
S00120127,51,49,2,0,2
S00120128,41,41,0,0,0
S00120129,57,57,0,0,0
S00120130,76,69,7,0,7
S00120131,55,53,2,0,2
S00120132,74,54,20,0,20
S00120133,156,54,102,1,101
S00120134,55,55,0,0,0
S00120135,88,61,27,0,27
S00120136,67,67,0,0,0
S00120137,67,67,0,0,0
S00120138,52,50,2,0,2
S00120139,50,48,2,0,2
S00120140,65,63,2,0,2
S00120141,42,42,0,0,0
S00120142,50,48,2,0,2
S00120143,43,43,0,0,0
S00120144,51,47,4,0,4
S00120145,59,59,0,0,0
S00120146,53,53,0,0,0
S00120147,52,50,2,0,2
S00120148,52,52,0,0,0
S00120149,49,49,0,0,0
S00120150,20,20,0,0,0
S00120151,45,45,0,0,0
S00120152,49,49,0,0,0
S00120153,39,39,0,0,0
S00120154,56,56,0,0,0
S00120155,47,47,0,0,0
S00120156,50,50,0,0,0
S00120157,46,46,0,0,0
S00120158,40,40,0,0,0
S00120159,54,51,3,0,3
S00120160,27,27,0,0,0
S00120161,41,41,0,0,0
S00120162,39,39,0,0,0
S00120163,33,33,0,0,0
S00120164,51,51,0,0,0
S00120165,30,30,0,0,0
S00120166,51,51,0,0,0
S00120167,46,46,0,0,0
S00120168,52,51,1,0,1
S00120169,54,54,0,0,0
S00120170,41,41,0,0,0
S00120171,45,26,19,1,18
S00120172,53,53,0,0,0
S00120173,60,58,2,0,2
S00120174,43,43,0,0,0
S00120175,49,49,0,0,0
S00120176,42,42,0,0,0
S00120177,54,54,0,0,0
S00120178,35,35,0,0,0
S00120179,58,55,3,0,3
S00120180,47,47,0,0,0
S00120181,29,29,0,0,0
S00120182,32,32,0,0,0
S00120183,32,32,0,0,0
S00120184,33,32,1,0,1
S00120185,62,61,1,0,1
S00120186,51,48,3,0,3
S00120187,51,48,3,0,3
S00120188,81,76,5,0,5
S00120189,43,43,0,0,0
S00120190,22,22,0,0,0
S00120191,38,36,2,1,1
S00120192,70,65,5,0,5
S00120193,46,45,1,0,1
S00120194,72,61,11,1,10
S00120195,38,37,1,0,1
S00120196,30,29,1,0,1
S00120197,59,59,0,0,0
S00120198,29,29,0,0,0
S00120199,32,32,0,0,0
S00120200,86,84,2,0,2
S00120201,57,57,0,0,0
S00120202,20,20,0,0,0
S00120203,59,56,3,0,3
S00120204,28,28,0,0,0
S00120205,50,49,1,0,1
S00120206,47,46,1,0,1
S00120207,60,60,0,0,0
S00120208,52,51,1,0,1
S00120209,25,24,1,0,1
S00120210,34,34,0,0,0
S00120211,51,49,2,0,2
S00120212,50,48,2,0,2
S00120213,79,74,5,0,5
S00120214,54,47,7,1,6
S00120215,77,76,1,0,1
S00120216,63,62,1,0,1
S00120217,59,59,0,0,0
S00120218,30,29,1,0,1
S00120219,50,47,3,0,3
S00120220,71,71,0,0,0
S00120221,54,54,0,0,0
S00120222,60,59,1,0,1
S00120223,31,31,0,0,0
S00120224,67,65,2,0,2
S00120225,21,21,0,0,0
S00120226,40,40,0,0,0
S00120227,55,53,2,0,2
S00120228,53,52,1,0,1
S00120229,82,76,6,0,6
S00120230,34,32,2,0,2
S00120231,37,37,0,0,0
S00120232,39,37,2,0,2
S00120233,72,69,3,1,2
S00120234,24,23,1,0,1
S00120235,75,71,4,0,4
S00120236,39,39,0,0,0
S00120237,45,44,1,0,1
S00120238,43,43,0,0,0
S00120239,42,42,0,0,0
S00120240,58,54,4,1,3
S00120241,58,57,1,0,1
S00120242,61,59,2,0,2
S00120243,30,30,0,0,0
S00120244,34,31,3,0,3
S00120245,48,48,0,0,0
S00120246,49,48,1,0,1
S00120247,62,56,6,4,2
S00120248,66,60,6,1,5
S00120249,47,47,0,0,0
S00120250,53,52,1,0,1
S00120251,57,53,4,0,4
S00120252,33,33,0,0,0
S00120253,94,90,4,0,4
S00120254,50,49,1,0,1
S00120255,42,41,1,0,1
S00120256,49,46,3,0,3
S00120257,46,40,6,0,6
S00120258,35,35,0,0,0
S00120259,58,58,0,0,0
S00120260,32,32,0,0,0
S00120261,48,48,0,0,0
S00120262,64,62,2,0,2
S00120263,26,26,0,0,0
S00120264,38,38,0,0,0
S00120265,48,48,0,0,0
S00120266,22,21,1,1,0
S00120267,90,81,9,2,7
S00120268,44,40,4,1,3
S00120269,33,33,0,0,0
S00120270,44,42,2,1,1
S00120271,73,68,5,1,4
S00120272,50,49,1,0,1
S00120273,47,47,0,0,0
S00120274,57,49,8,0,8
S00120275,31,31,0,0,0
S00120276,59,45,14,0,14
S00120277,38,38,0,0,0
S00120278,54,54,0,0,0
S00120279,44,44,0,0,0
S00120280,67,67,0,0,0
S00120281,55,51,4,2,2
S00120282,53,53,0,0,0
S00120283,38,37,1,0,1
S00120284,73,69,4,0,4
S00120285,35,34,1,0,1
S00120286,59,55,4,0,4
S00120287,36,36,0,0,0
S00120288,40,39,1,1,0
S00120289,45,44,1,0,1
S00120290,51,51,0,0,0
S00120291,54,51,3,3,0
S00120292,34,31,3,0,3
S00120293,56,55,1,1,0
S00120294,88,85,3,0,3
S00120295,50,47,3,0,3
S00120296,66,63,3,0,3
S00120297,57,54,3,1,2
S00120298,38,38,0,0,0
S00120299,56,52,4,0,4
S00120300,61,59,2,0,2
S00120301,81,76,5,0,5
S00120302,58,57,1,0,1
S00120303,43,39,4,0,4
S00120304,44,41,3,0,3
S00120305,48,43,5,0,5
S00120306,76,66,10,0,10
S00120307,48,44,4,0,4
S00120308,64,62,2,0,2
S00120309,126,86,40,0,40
S00120310,69,68,1,0,1
S00120311,61,61,0,0,0
S00120312,26,26,0,0,0
S00120313,46,46,0,0,0
S00120314,78,74,4,0,4
S00120315,42,42,0,0,0
S00120316,62,61,1,0,1
S00120317,42,36,6,0,6
S00120318,70,70,0,0,0
S00120319,46,46,0,0,0
S00120320,62,62,0,0,0
S00120321,68,66,2,0,2
S00120322,42,38,4,0,4
S00120323,38,37,1,0,1
S00120324,63,62,1,0,1
S00120325,40,38,2,0,2
S00120326,73,67,6,1,5
S00120327,58,54,4,0,4
S00120328,90,75,15,0,15
S00120329,33,29,4,1,3
S00120330,64,63,1,0,1
S00120331,58,58,0,0,0
S00120332,37,37,0,0,0
S00120333,45,44,1,0,1
S00120334,33,33,0,0,0
S00120335,72,72,0,0,0
S00120336,56,54,2,0,2
S00120337,55,53,2,0,2
S00120338,64,64,0,0,0
S00120339,51,51,0,0,0
S00120340,54,54,0,0,0
S00120341,52,52,0,0,0
S00120342,51,51,0,0,0
S00120343,65,65,0,0,0
S00120344,41,41,0,0,0
S00120345,54,53,1,0,1
S00120346,36,34,2,0,2
S00120347,54,51,3,0,3
S00120348,63,63,0,0,0
S00120349,79,76,3,0,3
S00120350,60,60,0,0,0
S00120351,35,33,2,0,2
S00120352,63,59,4,0,4
S00120353,53,52,1,0,1
S00120354,66,59,7,0,7
S00120355,59,52,7,0,7
S00120356,33,29,4,0,4
S00120357,55,54,1,0,1
S00120358,107,55,52,0,52
S00120359,73,73,0,0,0
S00120360,43,43,0,0,0
S00120361,29,29,0,0,0
S00120362,50,50,0,0,0
S00120363,55,55,0,0,0
S00120364,36,36,0,0,0
S00120365,75,75,0,0,0
S00120366,28,28,0,0,0
S00120367,63,63,0,0,0
S00120368,44,44,0,0,0
S00120369,69,68,1,0,1
S00120370,60,51,9,0,9
S00120371,27,27,0,0,0
S00120372,62,62,0,0,0
S00120373,72,72,0,0,0
S00120374,65,65,0,0,0
S00120375,61,61,0,0,0
S00120376,35,35,0,0,0
S00120377,36,36,0,0,0
S00120378,55,49,6,2,4
S00120379,58,57,1,0,1
S00120380,50,49,1,0,1
S00120381,43,40,3,0,3
S00120382,71,67,4,4,0
S00120383,53,53,0,0,0
S00120384,47,44,3,2,1
S00120385,48,47,1,0,1
S00120386,39,39,0,0,0
S00120387,44,44,0,0,0
S00120388,31,31,0,0,0
S00120389,49,49,0,0,0
S00120390,50,48,2,2,0
S00120391,27,26,1,0,1
S00120392,66,62,4,1,3
S00120393,69,64,5,5,0
S00120394,39,36,3,1,2
S00120395,65,60,5,1,4
S00120396,58,58,0,0,0
S00120397,65,63,2,0,2
S00120398,36,33,3,1,2
S00120399,64,63,1,1,0
S00120400,64,61,3,1,2
S00120401,74,74,0,0,0
S00120402,27,26,1,1,0
S00120403,55,47,8,5,3
S00120404,56,55,1,1,0
S00120405,45,29,16,1,15
S00120406,62,59,3,2,1
S00120407,33,28,5,1,4
S00120408,45,45,0,0,0
S00120409,34,33,1,0,1
S00120410,30,30,0,0,0
S00120411,51,51,0,0,0
S00120412,50,44,6,6,0
S00120413,77,72,5,0,5
S00120414,46,43,3,0,3
S00120415,40,39,1,1,0
S00120416,32,31,1,0,1
S00120417,39,39,0,0,0
S00120418,41,41,0,0,0
S00120419,55,48,7,3,4
S00120420,49,45,4,1,3
S00120421,54,54,0,0,0
S00120422,32,29,3,2,1
S00120423,53,53,0,0,0
S00120424,65,63,2,0,2
S00120425,55,55,0,0,0
S00120426,55,53,2,1,1
S00120427,65,59,6,0,6
S00120428,60,60,0,0,0
S00120429,70,69,1,0,1
S00120430,66,66,0,0,0
S00120431,74,72,2,0,2
S00120432,69,68,1,0,1
S00120433,43,42,1,0,1
S00120434,52,49,3,3,0
S00120435,52,51,1,0,1
S00120436,46,45,1,1,0
S00120437,41,40,1,1,0
S00120438,74,74,0,0,0
S00120439,55,53,2,2,0
S00120440,62,60,2,1,1
S00120441,38,37,1,0,1
S00120442,73,72,1,0,1
S00120443,46,46,0,0,0
S00120444,40,40,0,0,0
S00120445,42,42,0,0,0
S00120446,68,65,3,2,1
S00120447,68,68,0,0,0
S00120448,78,75,3,0,3
S00120449,56,56,0,0,0
S00120450,48,48,0,0,0
S00120451,42,41,1,0,1
S00120452,49,47,2,1,1
S00120453,80,78,2,0,2
S00120454,54,54,0,0,0
S00120455,71,70,1,0,1
S00120456,30,30,0,0,0
S00120457,49,49,0,0,0
S00120458,41,40,1,0,1
S00120459,78,76,2,0,2
S00120460,50,49,1,0,1
S00120461,52,51,1,0,1
S00120462,47,46,1,0,1
S00120463,42,41,1,0,1
S00120464,35,35,0,0,0
S00120465,48,47,1,0,1
S00120466,59,58,1,0,1
S00120467,43,43,0,0,0
S00120468,41,41,0,0,0
S00120469,55,54,1,0,1
S00120470,60,59,1,0,1
S00120471,51,50,1,0,1
S00120472,53,52,1,0,1
S00120473,43,43,0,0,0
S00120474,49,49,0,0,0
S00120475,56,55,1,0,1
S00120476,29,29,0,0,0
S00120477,55,55,0,0,0
S00120478,43,43,0,0,0
S00120479,34,34,0,0,0
S00120480,53,51,2,0,2
S00120481,42,41,1,0,1
S00120482,44,43,1,1,0
S00120483,56,56,0,0,0
S00120484,48,48,0,0,0
S00120485,58,56,2,1,1
S00120486,52,51,1,0,1
S00120487,50,49,1,0,1
S00120488,41,40,1,0,1
S00120489,45,45,0,0,0
S00120490,56,56,0,0,0
S00120491,44,44,0,0,0
S00120492,45,44,1,0,1
S00120493,29,28,1,0,1
S00120494,46,45,1,1,0
S00120495,60,59,1,0,1
S00120496,69,68,1,0,1
S00120497,59,59,0,0,0
S00120498,54,54,0,0,0
S00120499,52,52,0,0,0
S00120500,60,60,0,0,0
S00120501,54,53,1,1,0
S00120502,28,28,0,0,0
S00120503,54,54,0,0,0
S00120504,47,46,1,0,1
S00120505,46,46,0,0,0
S00120506,40,38,2,1,1
S00120507,52,51,1,1,0
S00120508,73,73,0,0,0
S00120509,42,42,0,0,0
S00120510,41,41,0,0,0
S00120511,57,57,0,0,0
S00120512,51,51,0,0,0
S00120513,57,57,0,0,0
S00120514,41,41,0,0,0
S00120515,72,72,0,0,0
S00120516,66,66,0,0,0
S00120517,52,51,1,0,1
S00120518,47,46,1,1,0
S00120519,48,47,1,1,0
S00120520,51,43,8,7,1
S00120521,46,42,4,2,2
S00120522,49,48,1,1,0
S00120523,40,40,0,0,0
S00120524,55,53,2,0,2
S00120525,65,65,0,0,0
S00120526,40,39,1,0,1
S00120527,53,50,3,0,3
S00120528,40,40,0,0,0
S00120529,53,53,0,0,0
S00120530,44,35,9,7,2
S00120531,46,42,4,3,1
S00120532,78,76,2,1,1
S00120533,69,67,2,1,1
S00120534,58,54,4,3,1
S00120535,69,66,3,2,1
S00120536,48,46,2,1,1
S00120537,50,47,3,0,3
S00120538,45,43,2,0,2
S00120539,43,43,0,0,0
S00120540,64,63,1,0,1
S00120541,30,29,1,0,1
S00120542,47,45,2,0,2
S00120543,50,50,0,0,0
S00120544,48,48,0,0,0
S00120545,40,39,1,0,1
S00120546,40,40,0,0,0
S00120547,74,74,0,0,0
S00120548,76,75,1,1,0
S00120549,61,60,1,0,1
S00120550,47,46,1,1,0
S00120551,48,46,2,0,2
S00120552,46,46,0,0,0
S00120553,59,59,0,0,0
S00120554,57,57,0,0,0
S00120555,50,46,4,1,3
S00120556,59,57,2,1,1
S00120557,52,52,0,0,0
S00120558,69,65,4,0,4
S00120559,38,38,0,0,0
S00120560,59,57,2,1,1
S00120561,61,59,2,0,2
S00120562,41,40,1,0,1
S00120563,87,76,11,2,9
S00120564,48,47,1,1,0
S00120565,54,53,1,0,1
S00120566,55,55,0,0,0
S00120567,51,50,1,1,0
S00120568,47,46,1,1,0
S00120569,51,51,0,0,0
S00120570,50,50,0,0,0
S00120571,64,61,3,2,1
S00120572,43,42,1,0,1
S00120573,49,47,2,2,0
S00120574,49,47,2,2,0
S00120575,37,37,0,0,0
S00120576,41,36,5,4,1
S00120577,49,43,6,6,0
S00120578,79,72,7,5,2
S00120579,51,45,6,6,0
S00120580,75,71,4,0,4
S00120581,25,24,1,0,1
S00120582,25,23,2,0,2
S00120583,57,56,1,0,1
S00120584,44,43,1,0,1
S00120585,38,38,0,0,0
S00120586,46,45,1,0,1
S00120587,76,76,0,0,0
S00120588,52,50,2,0,2
S00120589,58,58,0,0,0
S00120590,75,67,8,0,8
S00120591,75,64,11,7,4
S00120592,65,62,3,1,2
S00120593,66,64,2,0,2
S00120594,70,69,1,0,1
S00120595,70,70,0,0,0
S00120596,66,65,1,0,1
S00120597,49,49,0,0,0
S00120598,62,62,0,0,0
S00120599,46,45,1,0,1
S00120600,46,45,1,0,1
S00120601,43,42,1,0,1
S00120602,45,45,0,0,0
S00120603,22,20,2,0,2
S00120604,25,25,0,0,0
S00120605,46,46,0,0,0
S00120606,54,53,1,0,1
S00120607,58,57,1,0,1
S00120608,40,38,2,0,2
S00120609,42,41,1,0,1
S00120610,27,26,1,0,1
S00120611,44,44,0,0,0
S00120612,36,35,1,0,1
S00120613,40,39,1,0,1
S00120614,30,30,0,0,0
S00120615,62,62,0,0,0
S00120616,52,51,1,0,1
S00120617,55,52,3,0,3
S00120618,50,48,2,0,2
S00120619,47,46,1,0,1
S00120620,36,36,0,0,0
S00120621,43,43,0,0,0
S00120622,49,49,0,0,0
S00120623,49,49,0,0,0
S00120624,53,52,1,0,1
S00120625,53,53,0,0,0
S00120626,52,52,0,0,0
S00120627,54,54,0,0,0
S00120628,67,66,1,0,1
S00120629,48,44,4,0,4
S00120630,57,56,1,0,1
S00120631,37,37,0,0,0
S00120632,73,73,0,0,0
S00120633,45,45,0,0,0
S00120634,44,41,3,0,3
S00120635,52,50,2,0,2
S00120636,50,50,0,0,0
S00120637,50,48,2,0,2
S00120638,53,52,1,0,1
S00120639,44,44,0,0,0
S00120640,53,52,1,0,1
S00120641,40,38,2,0,2
S00120642,53,52,1,0,1
S00120643,40,38,2,0,2
S00120644,44,42,2,0,2
S00120645,61,60,1,0,1
S00120646,72,70,2,1,1
S00120647,71,71,0,0,0
S00120648,61,60,1,0,1
S00120649,51,51,0,0,0
S00120650,55,55,0,0,0
S00120651,50,50,0,0,0
S00120652,75,74,1,0,1
S00120653,70,69,1,0,1
S00120654,49,49,0,0,0
S00120655,55,55,0,0,0
S00120656,43,43,0,0,0
S00120657,74,73,1,0,1
S00120658,67,66,1,0,1
S00120659,47,45,2,0,2
S00120660,41,41,0,0,0
S00120661,62,58,4,4,0
S00120662,47,47,0,0,0
S00120663,47,46,1,1,0
S00120664,44,43,1,0,1
S00120665,49,49,0,0,0
S00120666,70,68,2,0,2
S00120667,26,26,0,0,0
S00120668,57,56,1,0,1
S00120669,53,53,0,0,0
S00120670,48,48,0,0,0
S00120671,50,50,0,0,0
S00120672,47,47,0,0,0
S00120673,44,43,1,0,1
S00120674,62,60,2,1,1
S00120675,40,39,1,0,1
S00120676,69,68,1,0,1
S00120677,64,63,1,0,1
S00120678,40,39,1,0,1
S00120679,38,34,4,0,4
S00120680,43,42,1,0,1
S00120681,76,70,6,0,6
S00120682,50,49,1,0,1
S00120683,77,76,1,0,1
S00120684,57,57,0,0,0
S00120685,66,64,2,0,2
S00120686,51,50,1,0,1
S00120687,43,42,1,0,1
S00120688,54,54,0,0,0
S00120689,46,44,2,0,2
S00120690,55,55,0,0,0
S00120691,43,41,2,0,2
S00120692,48,46,2,1,1
S00120693,47,46,1,0,1
S00120694,44,42,2,2,0
S00120695,44,43,1,0,1
S00120696,54,53,1,0,1
S00120697,40,40,0,0,0
S00120698,66,65,1,1,0
S00120699,41,40,1,0,1
S00120700,47,47,0,0,0
S00120701,43,42,1,0,1
S00120702,73,71,2,2,0
S00120703,50,50,0,0,0
S00120704,39,39,0,0,0
S00120705,58,55,3,0,3
S00120706,41,41,0,0,0
S00120707,52,51,1,0,1
S00120708,48,47,1,0,1
S00120709,52,50,2,0,2
S00120710,43,43,0,0,0
S00120711,44,41,3,0,3
S00120712,44,44,0,0,0
S00120713,54,53,1,1,0
S00120714,51,47,4,3,1
S00120715,51,49,2,2,0
S00120716,51,47,4,2,2
S00120717,65,65,0,0,0
S00120718,65,64,1,0,1
S00120719,57,54,3,0,3
S00120720,37,37,0,0,0
S00120721,46,42,4,0,4
S00120722,56,56,0,0,0
S00120723,59,58,1,1,0
S00120724,54,54,0,0,0
S00120725,59,57,2,0,2
S00120726,33,32,1,1,0
S00120727,58,56,2,0,2
S00120728,37,37,0,0,0
S00120729,39,39,0,0,0
S00120730,52,52,0,0,0
S00120731,40,40,0,0,0
S00120732,69,68,1,0,1
S00120733,54,54,0,0,0
S00120734,49,47,2,0,2
S00120735,48,47,1,0,1
S00120736,54,49,5,2,3
S00120737,52,49,3,0,3
S00120738,33,32,1,0,1
S00120739,47,47,0,0,0
S00120740,47,46,1,0,1
S00120741,55,54,1,0,1
S00120742,25,25,0,0,0
S00120743,40,40,0,0,0
S00120744,50,47,3,2,1
S00120745,33,33,0,0,0
S00120746,38,35,3,1,2
S00120747,47,46,1,0,1
S00120748,83,80,3,1,2
S00120749,43,41,2,2,0
S00120750,58,58,0,0,0
S00120751,52,52,0,0,0
S00120752,35,34,1,0,1
S00120753,76,74,2,1,1
S00120754,57,56,1,1,0
S00120755,51,51,0,0,0
S00120756,67,67,0,0,0
S00120757,59,59,0,0,0
S00120758,42,42,0,0,0
S00120759,67,67,0,0,0
S00120760,52,51,1,0,1
S00120761,63,63,0,0,0
S00120762,44,44,0,0,0
S00120763,40,39,1,0,1
S00120764,39,39,0,0,0
S00120765,48,48,0,0,0
S00120766,58,58,0,0,0
S00120767,42,40,2,1,1
S00120768,50,50,0,0,0
S00120769,50,49,1,0,1
S00120770,47,47,0,0,0
S00120771,72,71,1,0,1
S00120772,66,63,3,0,3
S00120773,47,46,1,1,0
S00120774,50,48,2,0,2
S00120775,42,41,1,0,1
S00120776,40,40,0,0,0
S00120777,38,38,0,0,0
S00120778,51,45,6,5,1
S00120779,47,45,2,2,0
S00120780,73,73,0,0,0
S00120781,46,45,1,0,1
S00120782,51,51,0,0,0
S00120783,70,68,2,1,1
S00120784,24,22,2,2,0
S00120785,60,56,4,4,0
S00120786,49,49,0,0,0
S00120787,73,73,0,0,0
S00120788,49,49,0,0,0
S00120789,49,47,2,1,1
S00120790,49,48,1,0,1
S00120791,46,44,2,2,0
S00120792,61,59,2,0,2
S00120793,59,57,2,2,0
S00120794,44,44,0,0,0
S00120795,43,41,2,2,0
S00120796,45,43,2,1,1
S00120797,49,46,3,2,1
S00120798,51,50,1,1,0
S00120799,50,47,3,2,1
S00120800,45,44,1,1,0
S00120801,46,41,5,1,4
S00120802,50,47,3,1,2
S00120803,51,50,1,0,1
S00120804,44,40,4,4,0
S00120805,45,44,1,0,1
S00120806,64,59,5,4,1
S00120807,51,50,1,0,1
S00120808,38,35,3,2,1
S00120809,51,50,1,0,1
S00120810,57,57,0,0,0
S00120811,42,41,1,0,1
S00120812,43,42,1,0,1
S00120813,43,42,1,0,1
S00120814,51,48,3,0,3
S00120815,51,49,2,0,2
S00120816,43,40,3,0,3
S00120817,50,45,5,4,1
S00120818,43,43,0,0,0
S00120819,51,51,0,0,0
S00120820,66,66,0,0,0
S00120821,66,63,3,2,1
S00120822,61,54,7,6,1
S00120823,58,56,2,2,0
S00120824,42,38,4,4,0
S00120825,66,65,1,1,0
S00120826,54,53,1,1,0
S00120827,47,47,0,0,0
S00120828,43,41,2,0,2
S00120829,35,35,0,0,0
S00120830,38,37,1,1,0
S00120831,48,48,0,0,0
S00120832,41,40,1,0,1
S00120833,28,27,1,1,0
S00120834,44,41,3,2,1
S00120835,40,37,3,2,1
S00120836,62,55,7,6,1
S00120837,66,63,3,3,0
S00120838,40,39,1,0,1
S00120839,70,66,4,0,4
S00120840,69,65,4,2,2
S00120841,49,48,1,1,0
S00120842,48,48,0,0,0
S00120843,42,42,0,0,0
S00120844,49,47,2,2,0
S00120845,50,48,2,2,0
S00120846,47,46,1,1,0
S00120847,40,37,3,2,1
S00120848,43,38,5,5,0
S00120849,47,35,12,10,2
S00120850,78,75,3,1,2
S00120851,58,56,2,1,1
S00120852,44,43,1,0,1
S00120853,53,51,2,0,2
S00120854,77,77,0,0,0
S00120855,58,56,2,1,1
S00120856,73,71,2,0,2
S00120857,68,68,0,0,0
S00120858,46,46,0,0,0
S00120859,50,49,1,1,0
S00120860,62,62,0,0,0
S00120861,44,38,6,4,2
S00120862,68,67,1,0,1
S00120863,56,54,2,2,0
S00120864,46,46,0,0,0
S00120865,41,41,0,0,0
S00120866,48,46,2,0,2
S00120867,51,46,5,0,5
S00120868,76,69,7,3,4
S00120869,50,47,3,0,3
S00120870,36,34,2,1,1
S00120871,60,57,3,2,1
S00120872,40,40,0,0,0
S00120873,40,38,2,1,1
S00120874,68,67,1,0,1
S00120875,50,45,5,5,0
S00120876,46,45,1,0,1
S00120877,35,31,4,1,3
S00120878,41,39,2,0,2
S00120879,43,43,0,0,0
S00120880,54,50,4,3,1
S00120881,66,66,0,0,0
S00120882,63,62,1,1,0
S00120883,57,55,2,0,2
S00120884,48,46,2,0,2
S00120885,63,61,2,0,2
S00120886,51,50,1,1,0
S00120887,50,48,2,2,0
S00120888,42,39,3,2,1
S00120889,66,60,6,0,6
S00120890,46,45,1,0,1
S00120891,51,49,2,1,1
S00120892,43,42,1,1,0
S00120893,68,67,1,0,1
S00120894,69,69,0,0,0
S00120895,42,41,1,0,1
S00120896,55,54,1,0,1
S00120897,48,47,1,0,1
S00120898,68,63,5,4,1
S00120899,58,58,0,0,0
S00120900,44,44,0,0,0
S00120901,43,40,3,2,1
S00120902,44,43,1,0,1
S00120903,30,30,0,0,0
S00120904,44,44,0,0,0
S00120905,50,49,1,0,1
S00120906,39,39,0,0,0
S00120907,45,45,0,0,0
S00120908,48,47,1,1,0
S00120909,44,41,3,3,0
S00120910,56,53,3,0,3
S00120911,71,61,10,0,10
S00120912,65,53,12,0,12
S00120913,51,45,6,2,4
S00120914,60,58,2,0,2
S00120915,45,45,0,0,0
S00120916,44,44,0,0,0
S00120917,34,34,0,0,0
S00120918,53,53,0,0,0
S00120919,58,58,0,0,0
S00120920,58,58,0,0,0
S00120921,45,45,0,0,0
S00120922,34,31,3,3,0
S00120923,47,43,4,1,3
S00120924,35,35,0,0,0
S00120925,60,49,11,7,4
S00120926,54,53,1,1,0
S00120927,49,49,0,0,0
S00120928,83,82,1,0,1
S00120929,87,77,10,5,5
S00120930,45,45,0,0,0
S00120931,29,29,0,0,0
S00120932,32,32,0,0,0
S00120933,28,27,1,1,0
S00120934,32,28,4,0,4
S00120935,52,50,2,0,2
S00120936,49,49,0,0,0
S00120937,56,56,0,0,0
S00120938,60,57,3,2,1
S00120939,49,40,9,8,1
S00120940,36,36,0,0,0
S00120941,44,44,0,0,0
S00120942,42,41,1,0,1
S00120943,41,40,1,0,1
S00120944,32,31,1,0,1
S00120945,54,53,1,1,0
S00120946,35,35,0,0,0
S00120947,46,44,2,1,1
S00120948,37,37,0,0,0
S00120949,66,66,0,0,0
S00120950,34,33,1,0,1
S00120951,68,68,0,0,0
S00120952,68,67,1,0,1
S00120953,23,23,0,0,0
S00120954,22,22,0,0,0
S00120955,63,62,1,0,1
S00120956,55,54,1,0,1
S00120957,76,71,5,3,2
S00120958,55,51,4,2,2
S00120959,68,63,5,2,3
S00120960,38,32,6,4,2
S00120961,69,59,10,6,4
S00120962,43,38,5,1,4
S00120963,54,51,3,2,1
S00120964,39,38,1,0,1
S00120965,40,38,2,0,2
S00120966,24,24,0,0,0
S00120967,46,46,0,0,0
S00120968,48,45,3,1,2
S00120969,62,54,8,5,3
S00120970,47,47,0,0,0
S00120971,71,71,0,0,0
S00120972,55,53,2,0,2
S00120973,29,27,2,0,2
S00120974,63,57,6,1,5
S00120975,56,56,0,0,0
S00120976,63,58,5,5,0
S00120977,64,63,1,0,1
S00120978,37,37,0,0,0
S00120979,32,31,1,0,1
S00120980,62,60,2,0,2
S00120981,62,61,1,0,1
S00120982,51,49,2,0,2
S00120983,68,67,1,0,1
S00120984,34,34,0,0,0
S00120985,38,34,4,2,2
S00120986,48,47,1,1,0
S00120987,55,53,2,0,2
S00120988,79,74,5,2,3
S00120989,30,29,1,0,1
S00120990,62,60,2,2,0
S00120991,42,40,2,0,2
S00120992,64,64,0,0,0
S00120993,37,36,1,1,0
S00120994,61,60,1,0,1
S00120995,46,46,0,0,0
S00120996,37,36,1,0,1
S00120997,32,32,0,0,0
S00120998,52,50,2,0,2
S00120999,49,49,0,0,0
S00121000,38,34,4,1,3
S00121001,33,33,0,0,0
S00121002,59,58,1,0,1
S00121003,21,21,0,0,0
S00121004,65,65,0,0,0
S00121005,55,54,1,0,1
S00121006,69,66,3,2,1
S00121007,55,52,3,3,0
S00121008,59,58,1,0,1
S00121009,33,31,2,0,2
S00121010,43,41,2,0,2
S00121011,65,64,1,1,0
S00121012,57,56,1,0,1
S00121013,45,45,0,0,0
S00121014,76,71,5,4,1
S00121015,49,46,3,1,2
S00121016,48,46,2,0,2
S00121017,50,45,5,3,2
S00121018,56,56,0,0,0
S00121019,38,38,0,0,0
S00121020,48,46,2,0,2
S00121021,36,35,1,0,1
S00121022,51,49,2,0,2
S00121023,35,35,0,0,0
S00121024,48,48,0,0,0
S00121025,71,71,0,0,0
S00121026,51,51,0,0,0
S00121027,36,36,0,0,0
S00121028,54,54,0,0,0
S00121029,43,42,1,0,1
S00121030,42,42,0,0,0
S00121031,61,61,0,0,0
S00121032,48,48,0,0,0
S00121033,48,48,0,0,0
S00121034,54,54,0,0,0
S00121035,63,62,1,0,1
S00121036,29,29,0,0,0
S00121037,43,43,0,0,0
S00121038,24,24,0,0,0
S00121039,41,37,4,2,2
S00121040,55,44,11,1,10
S00121041,46,42,4,0,4
S00121042,49,47,2,1,1
S00121043,33,31,2,0,2
S00121044,59,55,4,3,1
S00121045,61,60,1,0,1
S00121046,36,34,2,1,1
S00121047,64,64,0,0,0
S00121048,38,38,0,0,0
S00121049,36,35,1,0,1
S00121050,58,58,0,0,0
S00121051,30,29,1,0,1
S00121052,50,49,1,1,0
S00121053,56,55,1,0,1
S00121054,26,24,2,1,1
S00121055,39,38,1,0,1
S00121056,59,58,1,0,1
S00121057,38,37,1,0,1
S00121058,77,76,1,0,1
S00121059,61,61,0,0,0
S00121060,56,56,0,0,0
S00121061,49,49,0,0,0
S00121062,32,29,3,3,0
S00121063,59,58,1,0,1
S00121064,27,26,1,1,0
S00121065,39,38,1,0,1
S00121066,50,50,0,0,0
S00121067,36,36,0,0,0
S00121068,50,45,5,1,4
S00121069,44,42,2,2,0
S00121070,47,45,2,2,0
S00121071,31,31,0,0,0
S00121072,58,58,0,0,0
S00121073,57,56,1,1,0
S00121074,38,37,1,0,1
S00121075,56,54,2,2,0
S00121076,31,31,0,0,0
S00121077,36,35,1,0,1
S00121078,44,43,1,1,0
S00121079,51,51,0,0,0
S00121080,60,56,4,3,1
S00121081,67,63,4,3,1
S00121082,36,35,1,0,1
S00121083,68,64,4,0,4
S00121084,77,76,1,0,1
S00121085,52,51,1,1,0
S00121086,47,46,1,0,1
S00121087,78,75,3,1,2
S00121088,66,63,3,2,1
S00121089,37,36,1,1,0
S00121090,51,47,4,2,2
S00121091,84,62,22,8,14
S00121092,43,43,0,0,0
S00121093,53,52,1,0,1
S00121094,57,43,14,7,7
S00121095,65,64,1,1,0
S00121096,45,41,4,3,1
S00121097,63,58,5,2,3
S00121098,65,58,7,1,6
S00121099,28,27,1,0,1
S00121100,53,48,5,1,4
S00121101,28,27,1,0,1
S00121102,44,41,3,0,3
S00121103,69,69,0,0,0
S00121104,28,28,0,0,0
S00121105,48,47,1,0,1
S00121106,49,48,1,0,1
S00121107,35,34,1,1,0
S00121108,67,63,4,2,2
S00121109,46,42,4,2,2
S00121110,40,38,2,0,2
S00121111,46,43,3,1,2
S00121112,57,54,3,0,3
S00121113,65,63,2,1,1
S00121114,58,55,3,0,3
S00121115,74,66,8,2,6
S00121116,72,70,2,0,2
S00121117,62,59,3,0,3
S00121118,55,49,6,0,6
S00121119,51,49,2,1,1
S00121120,46,44,2,0,2
S00121121,55,49,6,1,5
S00121122,38,38,0,0,0
S00121123,68,61,7,3,4
S00121124,67,60,7,1,6
S00121125,69,57,12,2,10
S00121126,36,36,0,0,0
S00121127,76,69,7,2,5
S00121128,42,40,2,0,2
S00121129,40,38,2,0,2
S00121130,48,41,7,1,6
S00121131,68,60,8,0,8
S00121132,40,39,1,0,1
S00121133,51,50,1,1,0
S00121134,76,75,1,0,1
S00121135,76,71,5,2,3
S00121136,45,42,3,1,2
S00121137,40,38,2,0,2
S00121138,40,39,1,0,1
S00121139,70,63,7,2,5
S00121140,57,55,2,0,2
S00121141,35,35,0,0,0
S00121142,82,74,8,2,6
S00121143,41,37,4,0,4
S00121144,43,41,2,0,2
S00121145,60,57,3,0,3
S00121146,58,55,3,0,3
S00121147,53,52,1,0,1
S00121148,36,36,0,0,0
S00121149,70,65,5,0,5
S00121150,33,28,5,2,3
S00121151,43,42,1,0,1
S00121152,39,39,0,0,0
S00121153,44,40,4,0,4
S00121154,48,45,3,0,3
S00121155,68,66,2,1,1
S00121156,69,66,3,1,2
S00121157,70,69,1,0,1
S00121158,42,41,1,1,0
S00121159,67,65,2,0,2
S00121160,56,54,2,1,1
S00121161,68,67,1,0,1
S00121162,33,30,3,0,3
S00121163,41,41,0,0,0
S00121164,52,52,0,0,0
S00121165,77,72,5,0,5
S00121166,60,57,3,1,2
S00121167,45,45,0,0,0
S00121168,32,31,1,0,1
S00121169,28,27,1,0,1
S00121170,59,59,0,0,0
S00121171,66,64,2,0,2
S00121172,61,59,2,0,2
S00121173,26,25,1,1,0
S00121174,73,66,7,1,6
S00121175,41,40,1,0,1
S00121176,29,29,0,0,0
S00121177,50,46,4,1,3
S00121178,32,32,0,0,0
S00121179,55,31,24,12,12
S00121180,35,34,1,0,1
S00121181,59,55,4,2,2
S00121182,60,53,7,6,1
S00121183,65,63,2,1,1
S00121184,58,55,3,0,3
S00121185,39,33,6,4,2
S00121186,45,44,1,0,1
S00121187,63,62,1,1,0
S00121188,57,54,3,2,1
S00121189,76,71,5,2,3
S00121190,50,47,3,0,3
S00121191,45,40,5,0,5
S00121192,51,47,4,2,2
S00121193,77,76,1,0,1
S00121194,59,59,0,0,0
S00121195,58,52,6,5,1
S00121196,52,48,4,1,3
S00121197,56,51,5,2,3
S00121198,36,33,3,0,3
S00121199,31,28,3,1,2
S00121200,55,52,3,1,2
S00121201,74,69,5,4,1
S00121202,52,48,4,2,2
S00121203,42,37,5,4,1
S00121204,48,42,6,5,1
S00121205,65,57,8,6,2
S00121206,57,48,9,8,1
S00121207,40,38,2,1,1
S00121208,55,44,11,8,3
S00121209,35,34,1,0,1
S00121210,79,70,9,8,1
S00121211,63,58,5,1,4
S00121212,27,25,2,1,1
S00121213,30,24,6,5,1
S00121214,31,27,4,0,4
S00121215,41,38,3,0,3
S00121216,95,79,16,0,16
S00121217,54,50,4,1,3
S00121218,57,47,10,3,7
S00121219,60,59,1,0,1
S00121220,37,32,5,3,2
S00121221,32,30,2,1,1
S00121222,50,46,4,0,4
S00121223,37,35,2,0,2
S00121224,50,49,1,0,1
S00121225,45,38,7,0,7
S00121226,74,71,3,1,2
S00121227,77,72,5,3,2
S00121228,68,63,5,2,3
S00121229,50,45,5,1,4
S00121230,61,57,4,1,3
S00121231,53,51,2,0,2
S00121232,32,32,0,0,0
S00121233,79,73,6,4,2
S00121234,41,38,3,0,3
S00121235,50,46,4,0,4
S00121236,78,76,2,0,2
S00121237,63,62,1,0,1
S00121238,50,48,2,0,2
S00121239,43,43,0,0,0
S00121240,57,54,3,0,3
S00121241,70,68,2,0,2
S00121242,28,27,1,0,1
S00121243,46,46,0,0,0
S00121244,44,43,1,0,1
S00121245,57,53,4,3,1
S00121246,42,42,0,0,0
S00121247,71,64,7,2,5
S00121248,47,45,2,2,0
S00121249,79,77,2,0,2
S00121250,49,49,0,0,0
S00121251,46,46,0,0,0
S00121252,49,49,0,0,0
S00121253,70,67,3,1,2
S00121254,59,59,0,0,0
S00121255,59,59,0,0,0
S00121256,60,60,0,0,0
S00121257,70,70,0,0,0
S00121258,71,68,3,0,3
S00121259,61,60,1,1,0
S00121260,68,68,0,0,0
S00121261,57,54,3,0,3
S00121262,48,47,1,0,1
S00121263,81,76,5,0,5
S00121264,81,68,13,0,13
S00121265,67,65,2,0,2
S00121266,72,69,3,0,3
S00121267,65,59,6,2,4
S00121268,48,45,3,0,3
S00121269,33,32,1,0,1
S00121270,62,60,2,1,1
S00121271,52,52,0,0,0
S00121272,48,48,0,0,0
S00121273,78,75,3,0,3
S00121274,87,81,6,0,6
S00121275,61,60,1,0,1
S00121276,28,27,1,0,1
S00121277,64,64,0,0,0
S00121278,28,27,1,0,1
S00121279,37,36,1,0,1
S00121280,54,52,2,0,2
S00121281,61,59,2,0,2
S00121282,76,72,4,0,4
S00121283,72,71,1,0,1
S00121284,48,47,1,0,1
S00121285,57,56,1,0,1
S00121286,53,52,1,1,0
S00121287,41,40,1,0,1
S00121288,66,65,1,0,1
S00121289,75,72,3,0,3
S00121290,46,46,0,0,0
S00121291,54,50,4,0,4
S00121292,44,44,0,0,0
S00121293,64,63,1,0,1
S00121294,61,60,1,0,1
S00121295,69,67,2,0,2
S00121296,42,40,2,1,1
S00121297,57,51,6,0,6
S00121298,43,39,4,0,4
S00121299,63,62,1,0,1
S00121300,53,52,1,0,1
S00121301,40,40,0,0,0
S00121302,46,45,1,0,1
S00121303,58,56,2,0,2
S00121304,50,49,1,0,1
S00121305,54,52,2,0,2
S00121306,45,44,1,0,1
S00121307,55,51,4,0,4
S00121308,50,47,3,0,3
S00121309,63,55,8,2,6
S00121310,66,56,10,0,10
S00121311,58,57,1,0,1
S00121312,40,40,0,0,0
S00121313,46,42,4,1,3
S00121314,52,52,0,0,0
S00121315,43,41,2,0,2
S00121316,69,61,8,0,8
S00121317,63,62,1,0,1
S00121318,47,43,4,0,4
S00121319,75,70,5,0,5
S00121320,81,75,6,0,6
S00121321,56,55,1,0,1
S00121322,77,57,20,0,20
S00121323,58,58,0,0,0
S00121324,77,77,0,0,0
S00121325,44,42,2,0,2
S00121326,68,68,0,0,0
S00121327,74,71,3,0,3
S00121328,46,46,0,0,0
S00121329,40,38,2,0,2
S00121330,54,52,2,0,2
S00121331,56,56,0,0,0
S00121332,51,48,3,0,3
S00121333,45,43,2,0,2
S00121334,59,58,1,0,1
S00121335,61,59,2,1,1
S00121336,48,46,2,0,2
S00121337,60,56,4,0,4
S00121338,77,74,3,1,2
S00121339,44,44,0,0,0
S00121340,72,68,4,0,4
S00121341,30,30,0,0,0
S00121342,67,65,2,0,2
S00121343,76,75,1,1,0
S00121344,54,53,1,0,1
S00121345,69,68,1,0,1
S00121346,49,48,1,0,1
S00121347,52,51,1,0,1
S00121348,28,28,0,0,0
S00121349,39,38,1,0,1
S00121350,36,32,4,0,4
S00121351,28,25,3,0,3
S00121352,24,21,3,1,2
S00121353,55,51,4,1,3
S00121354,48,40,8,0,8
S00121355,44,28,16,0,16
S00121356,55,21,34,0,34
S00121357,57,23,34,0,34
S00121358,56,52,4,0,4
S00121359,55,54,1,0,1
S00121360,40,38,2,0,2
S00121361,51,51,0,0,0
S00121362,68,64,4,1,3
S00121363,44,44,0,0,0
S00121364,42,35,7,0,7
S00121365,48,45,3,0,3
S00121366,38,37,1,0,1
S00121367,52,50,2,0,2
S00121368,62,61,1,0,1
S00121369,66,59,7,0,7
S00121370,43,42,1,0,1
S00121371,83,75,8,0,8
S00121372,49,44,5,0,5
S00121373,55,53,2,0,2
S00121374,37,32,5,1,4
S00121375,62,52,10,0,10
S00121376,62,58,4,0,4
S00121377,65,62,3,0,3
S00121378,52,48,4,1,3
S00121379,45,44,1,1,0
S00121380,58,55,3,1,2
S00121381,79,75,4,1,3
S00121382,50,47,3,0,3
S00121383,51,49,2,0,2
S00121384,42,37,5,0,5
S00121385,40,38,2,0,2
S00121386,48,48,0,0,0
S00121387,56,53,3,0,3
S00121388,47,45,2,0,2
S00121389,44,44,0,0,0
S00121390,50,45,5,0,5
S00121391,73,66,7,0,7
S00121392,49,48,1,0,1
S00121393,54,54,0,0,0
S00121394,45,44,1,0,1
S00121395,42,42,0,0,0
S00121396,45,45,0,0,0
S00121397,40,40,0,0,0
S00121398,66,66,0,0,0
S00121399,47,41,6,0,6
S00121400,59,59,0,0,0
S00121401,49,49,0,0,0
S00121402,44,44,0,0,0
S00121403,79,76,3,0,3
S00121404,43,42,1,0,1
S00121405,69,67,2,0,2
S00121406,69,67,2,1,1
S00121407,44,38,6,0,6
S00121408,44,42,2,0,2
S00121409,43,43,0,0,0
S00121410,36,35,1,0,1
S00121411,60,58,2,0,2
S00121412,45,45,0,0,0
S00121413,43,41,2,0,2
S00121414,49,45,4,0,4
S00121415,58,58,0,0,0
S00121416,44,44,0,0,0
S00121417,69,63,6,0,6
S00121418,52,45,7,0,7
S00121419,31,31,0,0,0
S00121420,53,51,2,0,2
S00121421,60,59,1,0,1
S00121422,47,45,2,0,2
S00121423,79,78,1,0,1
S00121424,43,43,0,0,0
S00121425,46,45,1,0,1
S00121426,53,51,2,0,2
S00121427,60,60,0,0,0
S00121428,41,39,2,0,2
S00121429,53,53,0,0,0
S00121430,54,51,3,0,3
S00121431,44,44,0,0,0
S00121432,58,52,6,0,6
S00121433,47,44,3,0,3
S00121434,76,76,0,0,0
S00121435,72,69,3,0,3
S00121436,38,35,3,0,3
S00121437,35,33,2,0,2
S00121438,41,40,1,0,1
S00121439,72,71,1,0,1
S00121440,52,52,0,0,0
S00121441,59,58,1,0,1
S00121442,42,42,0,0,0
S00121443,66,66,0,0,0
S00121444,45,45,0,0,0
S00121445,50,48,2,0,2
S00121446,65,65,0,0,0
S00121447,64,63,1,0,1
S00121448,59,59,0,0,0
S00121449,60,59,1,0,1
S00121450,55,55,0,0,0
S00121451,36,35,1,0,1
S00121452,34,33,1,0,1
S00121453,51,47,4,1,3
S00121454,42,42,0,0,0
S00121455,60,58,2,0,2
S00121456,43,41,2,0,2
S00121457,74,68,6,0,6
S00121458,55,54,1,0,1
S00121459,68,66,2,1,1
S00121460,53,49,4,0,4
S00121461,64,62,2,0,2
S00121462,42,42,0,0,0
S00121463,68,67,1,0,1
S00121464,72,70,2,0,2
S00121465,53,50,3,0,3
S00121466,44,44,0,0,0
S00121467,55,54,1,0,1
S00121468,53,53,0,0,0
S00121469,56,56,0,0,0
S00121470,40,37,3,0,3
S00121471,76,76,0,0,0
S00121472,44,42,2,0,2
S00121473,65,65,0,0,0
S00121474,54,54,0,0,0
S00121475,26,26,0,0,0
S00121476,49,49,0,0,0
S00121477,48,47,1,0,1
S00121478,36,35,1,0,1
S00121479,51,49,2,0,2
S00121480,53,53,0,0,0
S00121481,44,43,1,0,1
S00121482,100,97,3,0,3
S00121483,49,49,0,0,0
S00121484,64,64,0,0,0
S00121485,60,58,2,0,2
S00121486,76,73,3,0,3
S00121487,73,71,2,0,2
S00121488,70,67,3,0,3
S00121489,85,73,12,9,3
S00121490,63,47,16,10,6
S00121491,46,39,7,5,2
S00121492,55,53,2,1,1
S00121493,51,45,6,4,2
S00121494,53,44,9,7,2
S00121495,62,60,2,2,0
S00121496,45,44,1,0,1
S00121497,51,49,2,0,2
S00121498,52,51,1,1,0
S00121499,55,50,5,3,2
S00121500,45,43,2,1,1
S00121501,69,64,5,0,5
S00121502,45,43,2,0,2
S00121503,50,47,3,0,3
S00121504,61,59,2,0,2
S00121505,56,55,1,0,1
S00121506,57,54,3,0,3
S00121507,55,55,0,0,0
S00121508,65,64,1,0,1
S00121509,65,65,0,0,0
S00121510,48,45,3,1,2
S00121511,48,46,2,1,1
S00121512,44,42,2,0,2
S00121513,50,48,2,0,2
S00121514,49,49,0,0,0
S00121515,64,58,6,2,4
S00121516,55,50,5,3,2
S00121517,45,39,6,1,5
S00121518,68,65,3,0,3
S00121519,47,47,0,0,0
S00121520,53,52,1,0,1
S00121521,39,38,1,0,1
S00121522,62,52,10,8,2
S00121523,47,45,2,0,2
S00121524,60,56,4,1,3
S00121525,49,48,1,0,1
S00121526,36,34,2,0,2
S00121527,80,77,3,2,1
S00121528,36,35,1,0,1
S00121529,47,47,0,0,0
S00121530,29,28,1,0,1
S00121531,43,43,0,0,0
S00121532,41,41,0,0,0
S00121533,71,70,1,1,0
S00121534,62,61,1,1,0
S00121535,77,76,1,0,1
S00121536,65,65,0,0,0
S00121537,67,67,0,0,0
S00121538,61,60,1,0,1
S00121539,29,29,0,0,0
S00121540,26,25,1,0,1
S00121541,52,52,0,0,0
S00121542,42,42,0,0,0
S00121543,51,49,2,1,1
S00121544,58,58,0,0,0
S00121545,42,41,1,0,1
S00121546,73,71,2,0,2
S00121547,62,58,4,1,3
S00121548,53,52,1,0,1
S00121549,45,44,1,0,1
S00121550,43,36,7,4,3
S00121551,58,50,8,3,5
S00121552,52,44,8,2,6
S00121553,60,51,9,5,4
S00121554,57,52,5,2,3
S00121555,58,58,0,0,0
S00121556,39,34,5,0,5
S00121557,35,35,0,0,0
S00121558,46,46,0,0,0
S00121559,60,60,0,0,0
S00121560,45,45,0,0,0
S00121561,46,43,3,1,2
S00121562,75,69,6,2,4
S00121563,68,66,2,1,1
S00121564,51,46,5,0,5
S00121565,77,75,2,1,1
S00121566,52,46,6,2,4
S00121567,83,74,9,3,6
S00121568,85,62,23,22,1
S00121569,99,64,35,20,15
S00121570,33,33,0,0,0
S00121571,38,37,1,1,0
S00121572,78,72,6,4,2
S00121573,54,49,5,4,1
S00121574,43,43,0,0,0
S00121575,40,40,0,0,0
S00121576,55,54,1,0,1
S00121577,68,68,0,0,0
S00121578,28,26,2,0,2
S00121579,36,34,2,0,2
S00121580,45,45,0,0,0
S00121581,82,74,8,0,8
S00121582,63,61,2,1,1
S00121583,43,43,0,0,0
S00121584,35,35,0,0,0
S00121585,70,69,1,0,1
S00121586,39,39,0,0,0
S00121587,56,48,8,3,5
S00121588,64,57,7,2,5
S00121589,57,49,8,3,5
S00121590,44,42,2,1,1
S00121591,60,56,4,1,3
S00121592,46,45,1,0,1
S00121593,53,53,0,0,0
S00121594,36,35,1,1,0
S00121595,47,47,0,0,0
S00121596,34,33,1,0,1
S00121597,57,55,2,1,1
S00121598,57,55,2,0,2
S00121599,47,45,2,0,2
S00121600,75,68,7,3,4
S00121601,71,69,2,2,0
S00121602,58,58,0,0,0
S00121603,56,54,2,1,1
S00121604,53,52,1,0,1
S00121605,44,43,1,0,1
S00121606,43,39,4,0,4
S00121607,52,48,4,2,2
S00121608,37,35,2,0,2
S00121609,63,60,3,0,3
S00121610,51,49,2,0,2
S00121611,60,56,4,0,4
S00121612,57,56,1,0,1
S00121613,32,32,0,0,0
S00121614,62,61,1,0,1
S00121615,63,62,1,0,1
S00121616,68,58,10,4,6
S00121617,61,58,3,1,2
S00121618,65,63,2,1,1
S00121619,58,56,2,0,2
S00121620,52,51,1,0,1
S00121621,46,43,3,1,2
S00121622,37,34,3,0,3
S00121623,68,68,0,0,0
S00121624,57,55,2,1,1
S00121625,30,30,0,0,0
S00121626,44,44,0,0,0
S00121627,63,61,2,1,1
S00121628,60,51,9,7,2
S00121629,56,55,1,0,1
S00121630,46,46,0,0,0
S00121631,81,77,4,3,1
S00121632,46,46,0,0,0
S00121633,63,59,4,0,4
S00121634,55,52,3,1,2
S00121635,49,43,6,0,6
S00121636,53,51,2,0,2
S00121637,69,67,2,0,2
S00121638,52,50,2,0,2
S00121639,43,43,0,0,0
S00121640,35,35,0,0,0
S00121641,33,32,1,0,1
S00121642,53,52,1,0,1
S00121643,54,53,1,0,1
S00121644,28,28,0,0,0
S00121645,68,66,2,0,2
S00121646,44,42,2,0,2
S00121647,41,40,1,0,1
S00121648,59,57,2,0,2
S00121649,40,39,1,0,1
S00121650,45,44,1,0,1
S00121651,48,44,4,1,3
S00121652,35,34,1,0,1
S00121653,48,45,3,1,2
S00121654,39,37,2,1,1
S00121655,54,48,6,1,5
S00121656,78,77,1,0,1
S00121657,51,44,7,4,3
S00121658,61,59,2,1,1
S00121659,47,46,1,0,1
S00121660,46,44,2,1,1
S00121661,49,46,3,1,2
S00121662,42,39,3,1,2
S00121663,67,67,0,0,0
S00121664,54,45,9,4,5
S00121665,44,42,2,0,2
S00121666,51,49,2,1,1
S00121667,36,33,3,1,2
S00121668,57,55,2,0,2
S00121669,44,39,5,0,5
S00121670,50,48,2,1,1
S00121671,40,36,4,0,4
S00121672,59,56,3,0,3
S00121673,30,30,0,0,0
S00121674,51,47,4,0,4
S00121675,58,57,1,0,1
S00121676,48,42,6,2,4
S00121677,32,30,2,0,2
S00121678,57,54,3,1,2
S00121679,53,46,7,2,5
S00121680,43,43,0,0,0
S00121681,46,45,1,0,1
S00121682,48,46,2,0,2
S00121683,43,42,1,0,1
S00121684,68,65,3,1,2
S00121685,64,64,0,0,0
S00121686,39,38,1,0,1
S00121687,25,25,0,0,0
S00121688,20,20,0,0,0
S00121689,29,28,1,0,1
S00121690,59,54,5,2,3
S00121691,47,47,0,0,0
S00121692,30,29,1,0,1
S00121693,60,58,2,0,2
S00121694,49,49,0,0,0
S00121695,49,48,1,0,1
S00121696,56,56,0,0,0
S00121697,42,42,0,0,0
S00121698,52,50,2,0,2
S00121699,30,28,2,0,2
S00121700,42,41,1,0,1
S00121701,32,30,2,0,2
S00121702,35,32,3,0,3
S00121703,55,54,1,0,1
S00121704,51,51,0,0,0
S00121705,41,40,1,0,1
S00121706,38,37,1,0,1
S00121707,61,55,6,4,2
S00121708,45,45,0,0,0
S00121709,70,65,5,1,4
S00121710,29,28,1,1,0
S00121711,37,36,1,0,1
S00121712,49,47,2,0,2
S00121713,69,69,0,0,0
S00121714,62,60,2,0,2
S00121715,38,38,0,0,0
S00121716,44,43,1,0,1
S00121717,22,22,0,0,0
S00121718,56,54,2,0,2
S00121719,42,38,4,0,4
S00121720,20,20,0,0,0
S00121721,44,41,3,0,3
S00121722,30,29,1,1,0
S00121723,43,41,2,1,1
S00121724,42,42,0,0,0
S00121725,40,36,4,1,3
S00121726,41,35,6,2,4
S00121727,55,54,1,0,1
S00121728,46,46,0,0,0
S00121729,47,47,0,0,0
S00121730,35,35,0,0,0
S00121731,71,68,3,0,3
S00121732,29,29,0,0,0
S00121733,44,43,1,0,1
S00121734,38,38,0,0,0
S00121735,31,30,1,1,0
S00121736,59,57,2,0,2
S00121737,62,62,0,0,0
S00121738,24,24,0,0,0
S00121739,35,35,0,0,0
S00121740,56,56,0,0,0
S00121741,38,36,2,0,2
S00121742,64,58,6,0,6
S00121743,47,42,5,1,4
S00121744,65,61,4,3,1
S00121745,58,56,2,0,2
S00121746,57,53,4,1,3
S00121747,31,31,0,0,0
S00121748,69,66,3,1,2
S00121749,65,58,7,3,4
S00121750,49,49,0,0,0
S00121751,61,61,0,0,0
S00121752,53,49,4,2,2
S00121753,33,29,4,3,1
S00121754,68,59,9,2,7
S00121755,39,37,2,1,1
S00121756,46,37,9,5,4
S00121757,31,31,0,0,0
S00121758,57,51,6,0,6
S00121759,73,71,2,0,2
S00121760,33,33,0,0,0
S00121761,60,59,1,0,1
S00121762,91,90,1,1,0
S00121763,43,41,2,1,1
S00121764,38,37,1,1,0
S00121765,93,82,11,5,6
S00121766,97,96,1,0,1
S00121767,48,42,6,1,5
S00121768,45,44,1,0,1
S00121769,36,36,0,0,0
S00121770,29,29,0,0,0
S00121771,67,59,8,5,3
S00121772,63,57,6,5,1
S00121773,62,62,0,0,0
S00121774,50,50,0,0,0
S00121775,48,44,4,0,4
S00121776,49,47,2,0,2
S00121777,47,46,1,0,1
S00121778,38,37,1,0,1
S00121779,45,43,2,0,2
S00121780,49,48,1,0,1
S00121781,64,64,0,0,0
S00121782,52,50,2,0,2
S00121783,54,54,0,0,0
S00121784,77,76,1,0,1
S00121785,56,56,0,0,0
S00121786,40,38,2,0,2
S00121787,49,49,0,0,0
S00121788,74,66,8,2,6
S00121789,57,52,5,0,5
S00121790,62,60,2,0,2
S00121791,48,43,5,1,4
S00121792,59,55,4,0,4
S00121793,30,29,1,0,1
S00121794,67,53,14,0,14
S00121795,71,69,2,0,2
S00121796,29,29,0,0,0
S00121797,37,35,2,0,2
S00121798,41,29,12,0,12
S00121799,46,39,7,0,7
S00121800,77,74,3,0,3
S00121801,75,70,5,0,5
S00121802,66,63,3,0,3
S00121803,46,43,3,1,2
S00121804,49,37,12,1,11
S00121805,57,45,12,1,11
S00121806,31,30,1,0,1
S00121807,44,43,1,1,0
S00121808,47,43,4,2,2
S00121809,69,66,3,1,2
S00121810,46,43,3,0,3
S00121811,60,57,3,0,3
S00121812,44,41,3,0,3
S00121813,46,46,0,0,0
S00121814,79,77,2,0,2
S00121815,49,48,1,1,0
S00121816,56,55,1,0,1
S00121817,49,48,1,0,1
S00121818,66,57,9,1,8
S00121819,60,59,1,0,1
S00121820,33,31,2,0,2
S00121821,39,37,2,0,2
S00121822,62,61,1,0,1
S00121823,67,66,1,0,1
S00121824,44,34,10,0,10
S00121825,49,48,1,0,1
S00121826,30,30,0,0,0
S00121827,62,60,2,0,2
S00121828,38,37,1,0,1
S00121829,62,62,0,0,0
S00121830,44,40,4,0,4
S00121831,56,49,7,0,7
S00121832,45,45,0,0,0
S00121833,70,68,2,0,2
S00121834,36,35,1,0,1
S00121835,32,32,0,0,0
S00121836,62,61,1,0,1
S00121837,63,61,2,0,2
S00121838,24,24,0,0,0
S00121839,28,28,0,0,0
S00121840,37,37,0,0,0
S00121841,80,70,10,0,10
S00121842,61,58,3,0,3
S00121843,57,56,1,0,1
S00121844,50,49,1,0,1
S00121845,65,62,3,0,3
S00121846,78,74,4,0,4
S00121847,36,36,0,0,0
S00121848,41,40,1,0,1
S00121849,59,58,1,0,1
S00121850,74,71,3,0,3
S00121851,38,38,0,0,0
S00121852,35,33,2,0,2
S00121853,51,51,0,0,0
S00121854,30,27,3,0,3
S00121855,63,60,3,0,3
S00121856,59,54,5,0,5
S00121857,28,28,0,0,0
S00121858,49,47,2,1,1
S00121859,54,51,3,0,3
S00121860,56,53,3,1,2
S00121861,31,31,0,0,0
S00121862,68,68,0,0,0
S00121863,62,60,2,2,0
S00121864,56,53,3,2,1
S00121865,70,67,3,2,1
S00121866,68,63,5,4,1
S00121867,77,68,9,2,7
S00121868,67,67,0,0,0
S00121869,56,56,0,0,0
S00121870,66,62,4,1,3
S00121871,78,75,3,0,3
S00121872,46,41,5,1,4
S00121873,80,77,3,0,3
S00121874,65,60,5,2,3
S00121875,78,69,9,1,8
S00121876,24,24,0,0,0
S00121877,74,73,1,0,1
S00121878,53,52,1,0,1
S00121879,52,51,1,0,1
S00121880,52,51,1,0,1
S00121881,46,42,4,2,2
S00121882,44,42,2,0,2
S00121883,40,40,0,0,0
S00121884,64,59,5,0,5
S00121885,55,52,3,0,3
S00121886,33,31,2,0,2
S00121887,56,54,2,0,2
S00121888,58,58,0,0,0
S00121889,45,44,1,1,0
S00121890,69,69,0,0,0
S00121891,66,66,0,0,0
S00121892,79,69,10,1,9
S00121893,51,49,2,0,2
S00121894,41,41,0,0,0
S00121895,74,71,3,2,1
S00121896,81,76,5,1,4
S00121897,27,26,1,0,1
S00121898,32,31,1,1,0
S00121899,46,45,1,1,0
S00121900,58,57,1,1,0
S00121901,46,41,5,5,0
S00121902,69,62,7,2,5
S00121903,27,26,1,1,0
S00121904,65,61,4,0,4
S00121905,71,64,7,4,3
S00121906,32,29,3,2,1
S00121907,47,42,5,3,2
S00121908,38,31,7,5,2
S00121909,90,75,15,15,0
S00121910,73,32,41,41,0
S00121911,109,68,41,39,2
S00121912,81,60,21,20,1
S00121913,60,46,14,14,0
S00121914,71,47,24,24,0
S00121915,38,27,11,10,1
S00121916,31,26,5,5,0
S00121917,41,30,11,9,2
S00121918,79,48,31,25,6
S00121919,94,62,32,31,1
S00121920,72,52,20,18,2
S00121921,51,35,16,13,3
S00121922,74,46,28,24,4
S00121923,37,32,5,5,0
S00121924,54,36,18,18,0
S00121925,88,44,44,40,4
S00121926,41,38,3,3,0
S00121927,48,45,3,2,1
S00121928,68,42,26,26,0
S00121929,83,53,30,28,2
S00121930,74,73,1,0,1
S00121931,95,69,26,22,4
S00121932,90,62,28,24,4
S00121933,41,25,16,16,0
S00121934,69,61,8,8,0
S00121935,77,76,1,0,1
S00121936,67,67,0,0,0
S00121937,66,66,0,0,0
S00121938,53,53,0,0,0
S00121939,35,35,0,0,0
S00121940,64,64,0,0,0
S00121941,71,71,0,0,0
S00121942,75,74,1,0,1
S00121943,53,53,0,0,0
S00121944,43,43,0,0,0
S00121945,50,50,0,0,0
S00121946,47,47,0,0,0
S00121947,42,42,0,0,0
S00121948,58,58,0,0,0
S00121949,59,59,0,0,0
S00121950,74,73,1,0,1
S00121951,69,68,1,0,1
S00121952,38,38,0,0,0
S00121953,40,40,0,0,0
S00121954,71,71,0,0,0
S00121955,65,65,0,0,0
S00121956,73,73,0,0,0
S00121957,69,67,2,0,2
S00121958,66,65,1,0,1
S00121959,54,54,0,0,0
S00121960,81,80,1,0,1
S00121961,60,59,1,1,0
S00121962,61,59,2,1,1
S00121963,76,76,0,0,0
S00121964,41,41,0,0,0
S00121965,78,77,1,0,1
S00121966,52,52,0,0,0
S00121967,44,44,0,0,0
S00121968,67,64,3,1,2
S00121969,40,39,1,0,1
S00121970,40,39,1,0,1
S00121971,77,77,0,0,0
S00121972,76,76,0,0,0
S00121973,79,73,6,4,2
S00121974,58,57,1,1,0
S00121975,77,77,0,0,0
S00121976,55,53,2,1,1
S00121977,44,44,0,0,0
S00121978,41,39,2,1,1
S00121979,54,53,1,0,1
S00121980,44,44,0,0,0
S00121981,47,46,1,0,1
S00121982,24,24,0,0,0
S00121983,32,31,1,0,1
S00121984,70,70,0,0,0
S00121985,68,67,1,0,1
S00121986,65,65,0,0,0
S00121987,36,35,1,0,1
S00121988,26,26,0,0,0
S00121989,46,45,1,0,1
S00121990,78,76,2,0,2
S00121991,75,71,4,0,4
S00121992,76,74,2,0,2
S00121993,68,66,2,0,2
S00121994,61,61,0,0,0
S00121995,52,52,0,0,0
S00121996,66,63,3,0,3
S00121997,56,56,0,0,0
S00121998,77,77,0,0,0
S00121999,60,58,2,2,0
S00122000,60,60,0,0,0
S00122001,73,73,0,0,0
S00122002,41,39,2,0,2
S00122003,64,63,1,0,1
S00122004,72,72,0,0,0
S00122005,49,49,0,0,0
S00122006,74,72,2,0,2
S00122007,66,65,1,0,1
S00122008,59,58,1,0,1
S00122009,56,56,0,0,0
S00122010,48,48,0,0,0
S00122011,58,56,2,0,2
S00122012,63,63,0,0,0
S00122013,69,66,3,2,1
S00122014,27,27,0,0,0
S00122015,75,75,0,0,0
S00122016,49,49,0,0,0
S00122017,59,59,0,0,0
S00122018,38,38,0,0,0
S00122019,64,64,0,0,0
S00122020,74,72,2,0,2
S00122021,53,50,3,1,2
S00122022,38,38,0,0,0
S00122023,49,49,0,0,0
S00122024,61,60,1,0,1
S00122025,43,43,0,0,0
S00122026,56,56,0,0,0
S00122027,62,62,0,0,0
S00122028,26,25,1,1,0
S00122029,64,63,1,1,0
S00122030,39,39,0,0,0
S00122031,59,59,0,0,0
S00122032,33,31,2,1,1
S00122033,40,40,0,0,0
S00122034,67,67,0,0,0
S00122035,47,43,4,0,4
S00122036,41,41,0,0,0
S00122037,62,62,0,0,0
S00122038,63,63,0,0,0
S00122039,77,77,0,0,0
S00122040,44,43,1,1,0
S00122041,29,29,0,0,0
S00122042,51,50,1,0,1
S00122043,52,52,0,0,0
S00122044,43,43,0,0,0
S00122045,35,35,0,0,0
S00122046,47,46,1,0,1
S00122047,55,55,0,0,0
S00122048,55,55,0,0,0
S00122049,55,54,1,0,1
S00122050,65,65,0,0,0
S00122051,55,55,0,0,0
S00122052,26,25,1,0,1
S00122053,64,64,0,0,0
S00122054,71,68,3,0,3
S00122055,67,65,2,0,2
S00122056,46,45,1,0,1
S00122057,65,63,2,0,2
S00122058,46,46,0,0,0
S00122059,69,69,0,0,0
S00122060,48,46,2,0,2
S00122061,61,59,2,0,2
S00122062,38,36,2,0,2
S00122063,51,49,2,0,2
S00122064,53,52,1,0,1
S00122065,51,51,0,0,0
S00122066,43,43,0,0,0
S00122067,56,55,1,0,1
S00122068,41,39,2,0,2
S00122069,48,47,1,0,1
S00122070,40,40,0,0,0
S00122071,52,49,3,0,3
S00122072,49,47,2,0,2
S00122073,58,54,4,0,4
S00122074,53,51,2,0,2
S00122075,24,23,1,0,1
S00122076,26,25,1,0,1
S00122077,49,48,1,0,1
S00122078,53,53,0,0,0
S00122079,59,58,1,0,1
S00122080,44,43,1,0,1
S00122081,53,52,1,0,1
S00122082,50,49,1,0,1
S00122083,35,34,1,0,1
S00122084,45,44,1,0,1
S00122085,67,65,2,0,2
S00122086,43,43,0,0,0
S00122087,46,45,1,0,1
S00122088,49,49,0,0,0
S00122089,55,54,1,0,1
S00122090,46,44,2,0,2
S00122091,52,47,5,0,5
S00122092,54,49,5,0,5
S00122093,52,37,15,0,15
S00122094,63,60,3,0,3
S00122095,44,43,1,0,1
S00122096,41,37,4,0,4
S00122097,50,47,3,0,3
S00122098,41,40,1,0,1
S00122099,41,41,0,0,0
S00122100,49,49,0,0,0
S00122101,46,44,2,1,1
S00122102,45,44,1,0,1
S00122103,73,72,1,0,1
S00122104,68,64,4,4,0
S00122105,46,46,0,0,0
S00122106,46,46,0,0,0
S00122107,76,76,0,0,0
S00122108,60,57,3,0,3
S00122109,77,74,3,0,3
S00122110,51,51,0,0,0
S00122111,63,63,0,0,0
S00122112,59,59,0,0,0
S00122113,56,56,0,0,0
S00122114,57,53,4,0,4
S00122115,55,52,3,0,3
S00122116,37,37,0,0,0
S00122117,61,57,4,0,4
S00122118,48,47,1,1,0
S00122119,45,43,2,1,1
S00122120,45,38,7,0,7
S00122121,52,49,3,0,3
S00122122,47,47,0,0,0
S00122123,33,33,0,0,0
S00122124,60,58,2,0,2
S00122125,62,61,1,0,1
S00122126,43,42,1,0,1
S00122127,51,51,0,0,0
S00122128,53,53,0,0,0
S00122129,32,31,1,0,1
S00122130,68,67,1,0,1
S00122131,52,51,1,0,1
S00122132,62,61,1,0,1
S00122133,39,38,1,0,1
S00122134,57,56,1,0,1
S00122135,42,42,0,0,0
S00122136,51,51,0,0,0
S00122137,62,62,0,0,0
S00122138,43,43,0,0,0
S00122139,41,39,2,0,2
S00122140,44,43,1,0,1
S00122141,67,65,2,0,2
S00122142,76,76,0,0,0
S00122143,48,48,0,0,0
S00122144,36,36,0,0,0
S00122145,71,71,0,0,0
S00122146,47,47,0,0,0
S00122147,32,32,0,0,0
S00122148,48,48,0,0,0
S00122149,72,71,1,0,1
S00122150,53,50,3,0,3
S00122151,50,49,1,0,1
S00122152,42,41,1,0,1
S00122153,27,27,0,0,0
S00122154,72,72,0,0,0
S00122155,42,41,1,0,1
S00122156,36,36,0,0,0
S00122157,63,62,1,0,1
S00122158,43,43,0,0,0
S00122159,52,46,6,0,6
S00122160,60,59,1,0,1
S00122161,43,41,2,1,1
S00122162,53,53,0,0,0
S00122163,50,50,0,0,0
S00122164,44,41,3,0,3
S00122165,25,25,0,0,0
S00122166,56,56,0,0,0
S00122167,51,51,0,0,0
S00122168,47,46,1,0,1
S00122169,29,28,1,0,1
S00122170,49,49,0,0,0
S00122171,73,59,14,0,14
S00122172,41,39,2,0,2
S00122173,56,55,1,0,1
S00122174,71,71,0,0,0
S00122175,45,44,1,0,1
S00122176,40,39,1,0,1
S00122177,51,51,0,0,0
S00122178,52,52,0,0,0
S00122179,48,46,2,0,2
S00122180,54,53,1,0,1
S00122181,40,39,1,0,1
S00122182,54,54,0,0,0
S00122183,50,50,0,0,0
S00122184,45,45,0,0,0
S00122185,61,61,0,0,0
S00122186,81,81,0,0,0
S00122187,74,72,2,1,1
S00122188,63,63,0,0,0
S00122189,42,41,1,0,1
S00122190,67,67,0,0,0
S00122191,78,78,0,0,0
S00122192,49,49,0,0,0
S00122193,56,56,0,0,0
S00122194,62,59,3,3,0
S00122195,56,56,0,0,0
S00122196,49,48,1,1,0
S00122197,49,47,2,2,0
S00122198,48,46,2,1,1
S00122199,43,42,1,0,1
S00122200,43,43,0,0,0
S00122201,43,43,0,0,0
S00122202,54,54,0,0,0
S00122203,47,47,0,0,0
S00122204,74,71,3,0,3
S00122205,76,76,0,0,0
S00122206,48,45,3,0,3
S00122207,54,53,1,0,1
S00122208,40,39,1,1,0
S00122209,56,53,3,3,0
S00122210,48,43,5,5,0
S00122211,41,41,0,0,0
S00122212,72,72,0,0,0
S00122213,57,57,0,0,0
S00122214,71,67,4,4,0
S00122215,62,59,3,2,1
S00122216,48,47,1,0,1
S00122217,50,50,0,0,0
S00122218,65,65,0,0,0
S00122219,57,56,1,0,1
S00122220,50,50,0,0,0
S00122221,57,54,3,0,3
S00122222,62,60,2,0,2
S00122223,43,41,2,0,2
S00122224,50,50,0,0,0
S00122225,40,35,5,0,5
S00122226,40,38,2,2,0
S00122227,56,55,1,0,1
S00122228,69,68,1,1,0
S00122229,58,56,2,1,1
S00122230,49,49,0,0,0
S00122231,56,50,6,0,6
S00122232,52,43,9,9,0
S00122233,82,81,1,0,1
S00122234,56,55,1,0,1
S00122235,47,46,1,1,0
S00122236,60,55,5,0,5
S00122237,47,46,1,0,1
S00122238,68,66,2,2,0
S00122239,56,55,1,0,1
S00122240,74,72,2,0,2
S00122241,71,58,13,5,8
S00122242,52,51,1,0,1
S00122243,51,51,0,0,0
S00122244,70,65,5,3,2
S00122245,49,47,2,0,2
S00122246,50,48,2,0,2
S00122247,55,53,2,0,2
S00122248,80,69,11,0,11
S00122249,56,51,5,0,5
S00122250,55,52,3,0,3
S00122251,40,36,4,2,2
S00122252,66,63,3,2,1
S00122253,73,69,4,0,4
S00122254,57,52,5,0,5
S00122255,54,54,0,0,0
S00122256,47,47,0,0,0
S00122257,37,34,3,0,3
S00122258,59,56,3,0,3
S00122259,42,40,2,0,2
S00122260,50,50,0,0,0
S00122261,53,52,1,0,1
S00122262,45,45,0,0,0
S00122263,56,56,0,0,0
S00122264,25,25,0,0,0
S00122265,36,33,3,0,3
S00122266,46,44,2,0,2
S00122267,64,61,3,0,3
S00122268,41,40,1,0,1
S00122269,43,42,1,0,1
S00122270,47,44,3,0,3
S00122271,44,44,0,0,0
S00122272,48,43,5,0,5
S00122273,87,85,2,0,2
S00122274,46,45,1,0,1
S00122275,66,62,4,0,4
S00122276,81,72,9,0,9
S00122277,58,53,5,0,5
S00122278,50,45,5,0,5
S00122279,56,50,6,0,6
S00122280,58,53,5,0,5
S00122281,45,45,0,0,0
S00122282,47,43,4,1,3
S00122283,42,41,1,0,1
S00122284,47,43,4,0,4
S00122285,63,63,0,0,0
S00122286,39,35,4,0,4
S00122287,47,46,1,0,1
S00122288,50,48,2,0,2
S00122289,64,53,11,0,11
S00122290,47,43,4,0,4
S00122291,40,40,0,0,0
S00122292,74,68,6,0,6
S00122293,54,52,2,0,2
S00122294,72,66,6,0,6
S00122295,42,42,0,0,0
S00122296,41,39,2,0,2
S00122297,64,61,3,0,3
S00122298,64,59,5,0,5
S00122299,48,48,0,0,0
S00122300,38,38,0,0,0
S00122301,47,47,0,0,0
S00122302,46,43,3,0,3
S00122303,41,41,0,0,0
S00122304,49,49,0,0,0
S00122305,59,59,0,0,0
S00122306,56,55,1,0,1
S00122307,57,56,1,0,1
S00122308,47,47,0,0,0
S00122309,50,50,0,0,0
S00122310,64,62,2,0,2
S00122311,49,47,2,0,2
S00122312,44,42,2,0,2
S00122313,66,62,4,0,4
S00122314,41,39,2,0,2
S00122315,59,57,2,0,2
S00122316,47,45,2,0,2
S00122317,50,50,0,0,0
S00122318,42,41,1,0,1
S00122319,61,59,2,0,2
S00122320,56,54,2,0,2
S00122321,52,50,2,0,2
S00122322,71,69,2,0,2
S00122323,63,63,0,0,0
S00122324,36,36,0,0,0
S00122325,46,44,2,0,2
S00122326,68,67,1,0,1
S00122327,65,64,1,0,1
S00122328,54,52,2,0,2
S00122329,26,26,0,0,0
S00122330,58,57,1,0,1
S00122331,52,52,0,0,0
S00122332,50,48,2,0,2
S00122333,44,41,3,0,3
S00122334,47,47,0,0,0
S00122335,36,34,2,0,2
S00122336,47,47,0,0,0
S00122337,44,44,0,0,0
S00122338,43,43,0,0,0
S00122339,46,46,0,0,0
S00122340,41,40,1,0,1
S00122341,50,49,1,0,1
S00122342,74,73,1,0,1
S00122343,62,58,4,2,2
S00122344,48,48,0,0,0
S00122345,31,30,1,0,1
S00122346,55,53,2,0,2
S00122347,54,51,3,3,0
S00122348,57,57,0,0,0
S00122349,76,71,5,0,5
S00122350,59,56,3,1,2
S00122351,41,41,0,0,0
S00122352,51,49,2,0,2
S00122353,50,49,1,0,1
S00122354,58,58,0,0,0
S00122355,76,76,0,0,0
S00122356,75,74,1,0,1
S00122357,72,71,1,0,1
S00122358,74,74,0,0,0
S00122359,43,42,1,0,1
S00122360,35,32,3,0,3
S00122361,52,52,0,0,0
S00122362,61,60,1,0,1
S00122363,46,44,2,0,2
S00122364,49,48,1,0,1
S00122365,42,41,1,0,1
S00122366,52,51,1,1,0
S00122367,68,67,1,0,1
S00122368,44,39,5,0,5
S00122369,49,47,2,0,2
S00122370,76,76,0,0,0
S00122371,45,45,0,0,0
S00122372,80,80,0,0,0
S00122373,54,53,1,0,1
S00122374,74,74,0,0,0
S00122375,68,67,1,0,1
S00122376,58,57,1,0,1
S00122377,51,51,0,0,0
S00122378,56,54,2,0,2
S00122379,46,41,5,0,5
S00122380,54,52,2,1,1
S00122381,46,46,0,0,0
S00122382,36,34,2,0,2
S00122383,56,54,2,0,2
S00122384,45,43,2,0,2
S00122385,46,46,0,0,0
S00122386,45,44,1,0,1
S00122387,47,45,2,0,2
S00122388,49,49,0,0,0
S00122389,57,56,1,0,1
S00122390,78,69,9,0,9
S00122391,66,66,0,0,0
S00122392,47,47,0,0,0
S00122393,50,50,0,0,0
S00122394,53,52,1,0,1
S00122395,59,58,1,0,1
S00122396,60,60,0,0,0
S00122397,57,57,0,0,0
S00122398,51,50,1,1,0
S00122399,48,47,1,1,0
S00122400,42,38,4,3,1
S00122401,79,77,2,0,2
S00122402,54,52,2,0,2
S00122403,46,46,0,0,0
S00122404,62,62,0,0,0
S00122405,30,29,1,0,1
S00122406,57,56,1,0,1
S00122407,57,51,6,0,6
S00122408,60,59,1,0,1
S00122409,60,59,1,1,0
S00122410,48,48,0,0,0
S00122411,60,57,3,2,1
S00122412,60,60,0,0,0
S00122413,62,61,1,0,1
S00122414,48,47,1,0,1
S00122415,46,46,0,0,0
S00122416,49,47,2,0,2
S00122417,53,52,1,0,1
S00122418,54,54,0,0,0
S00122419,71,70,1,0,1
S00122420,65,65,0,0,0
S00122421,49,49,0,0,0
S00122422,29,29,0,0,0
S00122423,67,67,0,0,0
S00122424,47,45,2,0,2
S00122425,69,69,0,0,0
S00122426,27,27,0,0,0
S00122427,37,37,0,0,0
S00122428,53,50,3,1,2
S00122429,60,58,2,0,2
S00122430,68,66,2,0,2
S00122431,64,63,1,0,1
S00122432,75,73,2,0,2
S00122433,35,34,1,0,1
S00122434,26,25,1,0,1
S00122435,24,23,1,0,1
S00122436,72,71,1,0,1
S00122437,79,73,6,0,6
S00122438,46,46,0,0,0
S00122439,40,40,0,0,0
S00122440,42,42,0,0,0
S00122441,51,50,1,0,1
S00122442,50,49,1,0,1
S00122443,54,54,0,0,0
S00122444,49,49,0,0,0
S00122445,38,38,0,0,0
S00122446,49,49,0,0,0
S00122447,45,44,1,0,1
S00122448,64,61,3,0,3
S00122449,55,54,1,0,1
S00122450,38,37,1,0,1
S00122451,76,75,1,0,1
S00122452,64,63,1,0,1
S00122453,55,55,0,0,0
S00122454,26,26,0,0,0
S00122455,38,37,1,0,1
S00122456,48,48,0,0,0
S00122457,49,48,1,0,1
S00122458,41,40,1,0,1
S00122459,44,43,1,0,1
S00122460,54,47,7,0,7
S00122461,64,64,0,0,0
S00122462,70,69,1,0,1
S00122463,61,60,1,0,1
S00122464,66,66,0,0,0
S00122465,61,60,1,0,1
S00122466,51,51,0,0,0
S00122467,53,52,1,0,1
S00122468,80,80,0,0,0
S00122469,65,65,0,0,0
S00122470,52,51,1,0,1
S00122471,50,50,0,0,0
S00122472,42,42,0,0,0
S00122473,38,38,0,0,0
S00122474,69,69,0,0,0
S00122475,70,69,1,0,1
S00122476,54,54,0,0,0
S00122477,35,35,0,0,0
S00122478,78,77,1,0,1
S00122479,44,42,2,0,2
S00122480,67,67,0,0,0
S00122481,41,40,1,0,1
S00122482,44,44,0,0,0
S00122483,43,42,1,0,1
S00122484,42,42,0,0,0
S00122485,49,47,2,0,2
S00122486,44,44,0,0,0
S00122487,41,40,1,0,1
S00122488,48,48,0,0,0
S00122489,46,46,0,0,0
S00122490,41,41,0,0,0
S00122491,44,43,1,0,1
S00122492,43,43,0,0,0
S00122493,52,51,1,0,1
S00122494,46,45,1,0,1
S00122495,45,45,0,0,0
S00122496,48,48,0,0,0
S00122497,55,55,0,0,0
S00122498,48,45,3,0,3
S00122499,65,63,2,0,2
S00122500,62,61,1,0,1
S00122501,43,42,1,0,1
S00122502,49,45,4,1,3
S00122503,39,38,1,0,1
S00122504,50,46,4,0,4
S00122505,55,54,1,0,1
S00122506,45,44,1,0,1
S00122507,77,73,4,2,2
S00122508,71,65,6,1,5
S00122509,53,52,1,1,0
S00122510,57,56,1,1,0
S00122511,49,48,1,0,1
S00122512,67,64,3,3,0
S00122513,36,35,1,0,1
S00122514,48,47,1,1,0
S00122515,41,35,6,1,5
S00122516,54,54,0,0,0
S00122517,42,42,0,0,0
S00122518,34,32,2,1,1
S00122519,54,50,4,1,3
S00122520,48,40,8,5,3
S00122521,74,69,5,3,2
S00122522,60,50,10,5,5
S00122523,57,53,4,3,1
S00122524,44,44,0,0,0
S00122525,56,55,1,1,0
S00122526,43,43,0,0,0
S00122527,36,36,0,0,0
S00122528,65,64,1,1,0
S00122529,51,49,2,1,1
S00122530,44,43,1,1,0
S00122531,49,48,1,1,0
S00122532,50,49,1,0,1
S00122533,48,46,2,0,2
S00122534,58,56,2,2,0
S00122535,42,42,0,0,0
S00122536,55,48,7,1,6
S00122537,44,44,0,0,0
S00122538,44,42,2,1,1
S00122539,40,39,1,1,0
S00122540,36,36,0,0,0
S00122541,48,46,2,1,1
S00122542,29,29,0,0,0
S00122543,66,63,3,1,2
S00122544,69,69,0,0,0
S00122545,64,63,1,0,1
S00122546,42,40,2,0,2
S00122547,58,57,1,0,1
S00122548,45,45,0,0,0
S00122549,59,58,1,0,1
S00122550,89,88,1,0,1
S00122551,60,59,1,0,1
S00122552,43,41,2,0,2
S00122553,49,48,1,0,1
S00122554,54,48,6,1,5
S00122555,43,43,0,0,0
S00122556,63,60,3,0,3
S00122557,43,42,1,0,1
S00122558,79,75,4,0,4
S00122559,64,63,1,0,1
S00122560,75,75,0,0,0
S00122561,65,65,0,0,0
S00122562,79,76,3,0,3
S00122563,64,64,0,0,0
S00122564,72,71,1,0,1
S00122565,73,71,2,0,2
S00122566,57,56,1,0,1
S00122567,78,75,3,0,3
S00122568,63,60,3,1,2
S00122569,31,28,3,0,3
S00122570,48,47,1,0,1
S00122571,49,49,0,0,0
S00122572,52,51,1,1,0
S00122573,60,60,0,0,0
S00122574,51,51,0,0,0
S00122575,42,42,0,0,0
S00122576,55,55,0,0,0
S00122577,45,45,0,0,0
S00122578,39,38,1,0,1
S00122579,44,44,0,0,0
S00122580,40,39,1,1,0
S00122581,51,50,1,0,1
S00122582,49,49,0,0,0
S00122583,44,42,2,0,2
S00122584,44,44,0,0,0
S00122585,43,43,0,0,0
S00122586,52,52,0,0,0
S00122587,74,71,3,0,3
S00122588,69,68,1,0,1
S00122589,44,44,0,0,0
S00122590,44,44,0,0,0
S00122591,40,40,0,0,0
S00122592,69,65,4,1,3
S00122593,52,52,0,0,0
S00122594,37,37,0,0,0
S00122595,54,53,1,0,1
S00122596,46,46,0,0,0
S00122597,42,42,0,0,0
S00122598,46,42,4,0,4
S00122599,46,46,0,0,0
S00122600,50,50,0,0,0
S00122601,50,50,0,0,0
S00122602,71,69,2,0,2
S00122603,67,66,1,0,1
S00122604,64,62,2,0,2
S00122605,52,47,5,0,5
S00122606,62,57,5,0,5
S00122607,57,54,3,0,3
S00122608,45,37,8,0,8
S00122609,45,44,1,0,1
S00122610,46,44,2,0,2
S00122611,42,41,1,0,1
S00122612,65,62,3,0,3
S00122613,75,73,2,0,2
S00122614,47,44,3,0,3
S00122615,27,27,0,0,0
S00122616,63,62,1,0,1
S00122617,38,34,4,0,4
S00122618,56,55,1,0,1
S00122619,56,51,5,0,5
S00122620,42,40,2,0,2
S00122621,48,47,1,0,1
S00122622,67,66,1,0,1
S00122623,51,50,1,0,1
S00122624,58,56,2,0,2
S00122625,34,34,0,0,0
S00122626,53,53,0,0,0
S00122627,47,47,0,0,0
S00122628,50,50,0,0,0
S00122629,42,42,0,0,0
S00122630,56,56,0,0,0
S00122631,67,67,0,0,0
S00122632,73,73,0,0,0
S00122633,69,69,0,0,0
S00122634,51,50,1,0,1
S00122635,51,50,1,1,0
S00122636,49,49,0,0,0
S00122637,47,47,0,0,0
S00122638,24,24,0,0,0
S00122639,72,71,1,0,1
S00122640,46,45,1,1,0
S00122641,41,40,1,0,1
S00122642,50,49,1,1,0
S00122643,48,48,0,0,0
S00122644,40,39,1,0,1
S00122645,51,51,0,0,0
S00122646,40,40,0,0,0
S00122647,47,47,0,0,0
S00122648,63,62,1,1,0
S00122649,46,42,4,0,4
S00122650,45,38,7,0,7
S00122651,55,53,2,0,2
S00122652,51,48,3,0,3
S00122653,56,54,2,0,2
S00122654,71,69,2,0,2
S00122655,69,69,0,0,0
S00122656,77,74,3,3,0
S00122657,70,69,1,0,1
S00122658,73,67,6,0,6
S00122659,56,52,4,0,4
S00122660,44,43,1,0,1
S00122661,58,55,3,1,2
S00122662,66,65,1,0,1
S00122663,67,65,2,0,2
S00122664,54,54,0,0,0
S00122665,67,66,1,1,0
S00122666,60,60,0,0,0
S00122667,68,68,0,0,0
S00122668,73,72,1,0,1
S00122669,71,68,3,0,3
S00122670,43,42,1,0,1
S00122671,57,53,4,1,3
S00122672,41,41,0,0,0
S00122673,78,44,34,32,2
S00122674,136,49,87,85,2
S00122675,91,52,39,33,6
S00122676,48,36,12,12,0
S00122677,63,39,24,22,2
S00122678,162,75,87,74,13
S00122679,145,60,85,77,8
S00122680,37,26,11,11,0
S00122681,103,53,50,49,1
S00122682,48,48,0,0,0
S00122683,50,46,4,4,0
S00122684,74,52,22,22,0
S00122685,69,68,1,0,1
S00122686,52,50,2,0,2
S00122687,38,34,4,3,1
S00122688,61,58,3,1,2
S00122689,47,42,5,0,5
S00122690,55,54,1,1,0
S00122691,91,74,17,13,4
S00122692,69,60,9,8,1
S00122693,68,67,1,0,1
S00122694,46,44,2,0,2
S00122695,46,40,6,6,0
S00122696,54,51,3,1,2
S00122697,55,54,1,0,1
S00122698,71,66,5,3,2
S00122699,57,54,3,2,1
S00122700,90,75,15,13,2
S00122701,59,52,7,5,2
S00122702,47,40,7,6,1
S00122703,50,44,6,3,3
S00122704,71,70,1,0,1
S00122705,91,78,13,4,9
S00122706,89,81,8,7,1
S00122707,84,57,27,23,4
S00122708,55,46,9,2,7
S00122709,53,44,9,8,1
S00122710,49,32,17,15,2
S00122711,72,49,23,10,13
S00122712,87,73,14,10,4
S00122713,64,40,24,9,15
S00122714,25,24,1,1,0
S00122715,59,48,11,6,5
S00122716,55,53,2,1,1
S00122717,80,70,10,5,5
S00122718,46,43,3,1,2
S00122719,39,38,1,0,1
S00122720,87,74,13,7,6
S00122721,71,70,1,0,1
S00122722,71,70,1,0,1
S00122723,83,68,15,1,14
S00122724,58,53,5,2,3
S00122725,60,59,1,1,0
S00122726,61,57,4,3,1
S00122727,59,59,0,0,0
S00122728,64,59,5,5,0
S00122729,87,73,14,12,2
S00122730,90,76,14,11,3
S00122731,76,57,19,15,4
S00122732,62,60,2,2,0
S00122733,53,51,2,0,2
S00122734,75,70,5,0,5
S00122735,48,44,4,2,2
S00122736,51,46,5,2,3
S00122737,42,41,1,0,1
S00122738,60,59,1,1,0
S00122739,24,24,0,0,0
S00122740,29,29,0,0,0
S00122741,49,49,0,0,0
S00122742,75,62,13,3,10
S00122743,35,31,4,3,1
S00122744,95,76,19,14,5
S00122745,79,64,15,3,12
S00122746,55,39,16,7,9
S00122747,103,86,17,6,11
S00122748,63,53,10,7,3
S00122749,74,57,17,12,5
S00122750,87,80,7,7,0
S00122751,47,45,2,0,2
S00122752,62,61,1,0,1
S00122753,36,33,3,1,2
S00122754,54,54,0,0,0
S00122755,25,24,1,0,1
S00122756,30,29,1,1,0
S00122757,59,56,3,1,2
S00122758,67,58,9,2,7
S00122759,44,43,1,0,1
S00122760,43,43,0,0,0
S00122761,74,72,2,0,2
S00122762,74,74,0,0,0
S00122763,75,72,3,0,3
S00122764,60,56,4,1,3
S00122765,72,72,0,0,0
S00122766,71,71,0,0,0
S00122767,74,71,3,2,1
S00122768,73,73,0,0,0
S00122769,50,48,2,0,2
S00122770,46,44,2,0,2
S00122771,48,47,1,1,0
S00122772,68,66,2,0,2
S00122773,53,51,2,0,2
S00122774,70,68,2,0,2
S00122775,53,52,1,0,1
S00122776,40,40,0,0,0
S00122777,38,36,2,1,1
S00122778,59,52,7,5,2
S00122779,72,57,15,13,2
S00122780,27,25,2,1,1
S00122781,58,55,3,1,2
S00122782,50,48,2,0,2
S00122783,63,61,2,0,2
S00122784,52,50,2,0,2
S00122785,54,52,2,0,2
S00122786,42,42,0,0,0
S00122787,27,25,2,1,1
S00122788,57,54,3,3,0
S00122789,36,32,4,2,2
S00122790,44,43,1,0,1
S00122791,47,44,3,0,3
S00122792,60,55,5,0,5
S00122793,49,46,3,0,3
S00122794,54,52,2,0,2
S00122795,31,30,1,1,0
S00122796,52,49,3,0,3
S00122797,56,56,0,0,0
S00122798,64,63,1,0,1
S00122799,43,41,2,0,2
S00122800,102,45,57,55,2
S00122801,52,50,2,2,0
S00122802,43,38,5,4,1
S00122803,44,43,1,1,0
S00122804,48,42,6,3,3
S00122805,47,42,5,5,0
S00122806,67,38,29,23,6
S00122807,57,38,19,19,0
S00122808,58,47,11,10,1
S00122809,45,44,1,0,1
S00122810,85,54,31,31,0
S00122811,27,26,1,1,0
S00122812,37,36,1,0,1
S00122813,102,64,38,25,13
S00122814,32,30,2,1,1
S00122815,79,73,6,4,2
S00122816,61,59,2,2,0
S00122817,39,38,1,1,0
S00122818,61,36,25,25,0
S00122819,46,44,2,2,0
S00122820,60,51,9,8,1
S00122821,57,43,14,14,0
S00122822,55,49,6,5,1
S00122823,33,33,0,0,0
S00122824,69,57,12,1,11
S00122825,68,61,7,4,3
S00122826,35,27,8,8,0
S00122827,44,34,10,9,1
S00122828,48,43,5,3,2
S00122829,45,33,12,9,3
S00122830,71,71,0,0,0
S00122831,58,56,2,1,1
S00122832,47,47,0,0,0
S00122833,43,38,5,5,0
S00122834,30,30,0,0,0
S00122835,53,53,0,0,0
S00122836,37,36,1,0,1
S00122837,27,25,2,1,1
S00122838,42,40,2,2,0
S00122839,58,57,1,0,1
S00122840,34,34,0,0,0
S00122841,74,73,1,0,1
S00122842,34,33,1,0,1
S00122843,39,38,1,0,1
S00122844,24,24,0,0,0
S00122845,29,29,0,0,0
S00122846,39,39,0,0,0
S00122847,86,85,1,0,1
S00122848,54,53,1,0,1
S00122849,36,35,1,0,1
S00122850,68,68,0,0,0
S00122851,49,47,2,2,0
S00122852,41,41,0,0,0
S00122853,60,59,1,0,1
S00122854,60,52,8,0,8
S00122855,29,29,0,0,0
S00122856,37,37,0,0,0
S00122857,47,41,6,5,1
S00122858,70,68,2,0,2
S00122859,64,63,1,0,1
S00122860,46,45,1,0,1
S00122861,44,43,1,0,1
S00122862,40,38,2,0,2
S00122863,31,31,0,0,0
S00122864,38,37,1,0,1
S00122865,40,39,1,0,1
S00122866,50,49,1,0,1
S00122867,27,27,0,0,0
S00122868,27,27,0,0,0
S00122869,27,27,0,0,0
S00122870,45,43,2,0,2
S00122871,52,52,0,0,0
S00122872,70,61,9,0,9
S00122873,55,54,1,1,0
S00122874,26,26,0,0,0
S00122875,41,40,1,0,1
S00122876,29,29,0,0,0
S00122877,30,30,0,0,0
S00122878,42,41,1,0,1
S00122879,32,29,3,0,3
S00122880,43,38,5,3,2
S00122881,56,56,0,0,0
S00122882,52,52,0,0,0
S00122883,69,62,7,4,3
S00122884,47,47,0,0,0
S00122885,30,30,0,0,0
S00122886,67,65,2,1,1
S00122887,61,60,1,0,1
S00122888,55,54,1,0,1
S00122889,72,69,3,1,2
S00122890,28,24,4,0,4
S00122891,79,72,7,0,7
S00122892,46,43,3,0,3
S00122893,42,42,0,0,0
S00122894,53,43,10,7,3
S00122895,43,32,11,11,0
S00122896,70,58,12,9,3
S00122897,60,60,0,0,0
S00122898,31,30,1,0,1
S00122899,31,31,0,0,0
S00122900,67,64,3,0,3
S00122901,37,36,1,0,1
S00122902,57,57,0,0,0
S00122903,21,21,0,0,0
S00122904,63,62,1,0,1
S00122905,51,50,1,0,1
S00122906,30,30,0,0,0
S00122907,32,32,0,0,0
S00122908,65,63,2,2,0
S00122909,77,76,1,0,1
S00122910,34,33,1,0,1
S00122911,35,35,0,0,0
S00122912,74,73,1,0,1
S00122913,62,61,1,0,1
S00122914,54,54,0,0,0
S00122915,51,49,2,0,2
S00122916,54,54,0,0,0
S00122917,58,56,2,0,2
S00122918,70,70,0,0,0
S00122919,42,42,0,0,0
S00122920,47,45,2,0,2
S00122921,63,60,3,3,0
S00122922,70,65,5,1,4
S00122923,40,39,1,0,1
S00122924,75,60,15,15,0
S00122925,50,29,21,21,0
S00122926,38,24,14,13,1
S00122927,72,49,23,21,2
S00122928,49,48,1,0,1
S00122929,43,38,5,4,1
S00122930,112,70,42,40,2
S00122931,26,26,0,0,0
S00122932,77,76,1,0,1
S00122933,28,28,0,0,0
S00122934,64,64,0,0,0
S00122935,68,67,1,0,1
S00122936,38,38,0,0,0
S00122937,49,49,0,0,0
S00122938,34,33,1,0,1
S00122939,47,45,2,0,2
S00122940,55,55,0,0,0
S00122941,34,34,0,0,0
S00122942,82,81,1,0,1
S00122943,73,73,0,0,0
S00122944,47,46,1,0,1
S00122945,57,57,0,0,0
S00122946,58,58,0,0,0
S00122947,29,29,0,0,0
S00122948,52,52,0,0,0
S00122949,68,68,0,0,0
S00122950,59,59,0,0,0
S00122951,67,65,2,1,1
S00122952,90,84,6,4,2
S00122953,70,66,4,0,4
S00122954,73,70,3,0,3
S00122955,49,47,2,0,2
S00122956,59,57,2,0,2
S00122957,48,41,7,0,7
S00122958,60,55,5,0,5
S00122959,55,47,8,0,8
S00122960,35,35,0,0,0
S00122961,47,45,2,0,2
S00122962,65,65,0,0,0
S00122963,42,40,2,0,2
S00122964,38,37,1,1,0
S00122965,78,76,2,0,2
S00122966,31,30,1,0,1
S00122967,65,65,0,0,0
S00122968,38,36,2,0,2
S00122969,59,56,3,0,3
S00122970,44,44,0,0,0
S00122971,42,42,0,0,0
S00122972,58,57,1,1,0
S00122973,64,64,0,0,0
S00122974,38,36,2,2,0
S00122975,52,52,0,0,0
S00122976,43,43,0,0,0
S00122977,56,55,1,0,1
S00122978,54,54,0,0,0
S00122979,52,51,1,0,1
S00122980,60,53,7,0,7
S00122981,57,52,5,0,5
S00122982,43,42,1,0,1
S00122983,71,59,12,12,0
S00122984,49,48,1,0,1
S00122985,47,41,6,3,3
S00122986,44,41,3,3,0
S00122987,76,66,10,10,0
S00122988,61,61,0,0,0
S00122989,48,46,2,0,2
S00122990,46,44,2,0,2
S00122991,53,53,0,0,0
S00122992,50,49,1,1,0
S00122993,39,39,0,0,0
S00122994,45,44,1,0,1
S00122995,49,47,2,0,2
S00122996,75,74,1,0,1
S00122997,51,50,1,1,0
S00122998,70,69,1,0,1
S00122999,26,26,0,0,0
S00123000,39,39,0,0,0
S00123001,61,60,1,0,1
S00123002,46,46,0,0,0
S00123003,53,52,1,0,1
S00123004,72,71,1,0,1
S00123005,62,61,1,0,1
S00123006,47,45,2,0,2
S00123007,32,31,1,0,1
S00123008,36,36,0,0,0
S00123009,55,55,0,0,0
S00123010,113,107,6,0,6
S00123011,76,75,1,0,1
S00123012,28,28,0,0,0
S00123013,77,77,0,0,0
S00123014,48,42,6,0,6
S00123015,72,68,4,0,4
S00123016,40,39,1,0,1
S00123017,62,62,0,0,0
S00123018,51,51,0,0,0
S00123019,34,34,0,0,0
S00123020,60,58,2,0,2
S00123021,30,29,1,0,1
S00123022,60,57,3,0,3
S00123023,30,27,3,1,2
S00123024,54,54,0,0,0
S00123025,29,29,0,0,0
S00123026,71,69,2,0,2
S00123027,67,61,6,5,1
S00123028,80,78,2,2,0
S00123029,65,63,2,0,2
S00123030,70,69,1,1,0
S00123031,69,66,3,0,3
S00123032,30,29,1,1,0
S00123033,57,56,1,0,1
S00123034,52,49,3,0,3
S00123035,56,56,0,0,0
S00123036,47,46,1,0,1
S00123037,46,46,0,0,0
S00123038,50,50,0,0,0
S00123039,40,40,0,0,0
S00123040,59,58,1,1,0
S00123041,72,72,0,0,0
S00123042,66,65,1,0,1
S00123043,46,43,3,0,3
S00123044,82,81,1,0,1
S00123045,56,53,3,0,3
S00123046,45,44,1,0,1
S00123047,44,43,1,0,1
S00123048,46,43,3,1,2
S00123049,52,50,2,0,2
S00123050,35,35,0,0,0
S00123051,62,57,5,3,2
S00123052,83,74,9,7,2
S00123053,61,57,4,3,1
S00123054,41,38,3,3,0
S00123055,65,62,3,1,2
S00123056,68,58,10,9,1
S00123057,76,60,16,2,14
S00123058,57,55,2,0,2
S00123059,44,44,0,0,0
S00123060,42,42,0,0,0
S00123061,68,66,2,1,1
S00123062,60,57,3,0,3
S00123063,52,52,0,0,0
S00123064,34,22,12,0,12
S00123065,65,58,7,1,6
S00123066,42,35,7,7,0
S00123067,65,46,19,17,2
S00123068,104,78,26,9,17
S00123069,50,50,0,0,0
S00123070,56,55,1,0,1
S00123071,44,43,1,0,1
S00123072,40,39,1,0,1
S00123073,75,73,2,0,2
S00123074,40,37,3,0,3
S00123075,74,65,9,3,6
S00123076,70,69,1,0,1
S00123077,71,71,0,0,0
S00123078,48,47,1,0,1
S00123079,49,49,0,0,0
S00123080,68,68,0,0,0
S00123081,25,25,0,0,0
S00123082,42,42,0,0,0
S00123083,65,64,1,0,1
S00123084,50,50,0,0,0
S00123085,59,59,0,0,0
S00123086,64,64,0,0,0
S00123087,61,59,2,0,2
S00123088,40,39,1,0,1
S00123089,60,58,2,0,2
S00123090,62,61,1,0,1
S00123091,64,62,2,0,2
S00123092,51,50,1,0,1
S00123093,72,70,2,0,2
S00123094,66,65,1,0,1
S00123095,56,56,0,0,0
S00123096,80,72,8,0,8
S00123097,64,61,3,0,3
S00123098,56,55,1,0,1
S00123099,53,53,0,0,0
S00123100,24,24,0,0,0
S00123101,42,42,0,0,0
S00123102,47,47,0,0,0
S00123103,61,61,0,0,0
S00123104,56,56,0,0,0
S00123105,23,23,0,0,0
S00123106,69,68,1,0,1
S00123107,44,42,2,0,2
S00123108,40,38,2,0,2
S00123109,49,47,2,0,2
S00123110,49,48,1,0,1
S00123111,46,45,1,0,1
S00123112,68,67,1,0,1
S00123113,67,66,1,0,1
S00123114,54,54,0,0,0
S00123115,24,24,0,0,0
S00123116,34,34,0,0,0
S00123117,73,71,2,0,2
S00123118,63,62,1,0,1
S00123119,75,75,0,0,0
S00123120,49,44,5,0,5
S00123121,49,49,0,0,0
S00123122,60,60,0,0,0
S00123123,45,45,0,0,0
S00123124,57,57,0,0,0
S00123125,66,63,3,0,3
S00123126,42,42,0,0,0
S00123127,66,65,1,0,1
S00123128,65,65,0,0,0
S00123129,61,61,0,0,0
S00123130,71,71,0,0,0
S00123131,59,59,0,0,0
S00123132,77,77,0,0,0
S00123133,48,47,1,0,1
S00123134,47,45,2,0,2
S00123135,41,41,0,0,0
S00123136,48,47,1,0,1
S00123137,48,48,0,0,0
S00123138,43,43,0,0,0
S00123139,69,69,0,0,0
S00123140,41,41,0,0,0
S00123141,57,57,0,0,0
S00123142,45,45,0,0,0
S00123143,61,61,0,0,0
S00123144,42,42,0,0,0
S00123145,47,47,0,0,0
S00123146,73,73,0,0,0
S00123147,60,60,0,0,0
S00123148,60,60,0,0,0
S00123149,56,56,0,0,0
S00123150,51,49,2,1,1
S00123151,54,54,0,0,0
S00123152,60,59,1,0,1
S00123153,55,54,1,0,1
S00123154,43,43,0,0,0
S00123155,72,71,1,1,0
S00123156,44,42,2,0,2
S00123157,46,46,0,0,0
S00123158,47,46,1,0,1
S00123159,52,52,0,0,0
S00123160,43,42,1,0,1
S00123161,42,42,0,0,0
S00123162,47,47,0,0,0
S00123163,49,49,0,0,0
S00123164,52,52,0,0,0
S00123165,63,62,1,0,1
S00123166,36,36,0,0,0
S00123167,50,50,0,0,0
S00123168,46,45,1,0,1
S00123169,58,57,1,0,1
S00123170,41,39,2,0,2
S00123171,35,35,0,0,0
S00123172,79,77,2,0,2
S00123173,54,54,0,0,0
S00123174,49,49,0,0,0
S00123175,49,48,1,0,1
S00123176,53,53,0,0,0
S00123177,42,42,0,0,0
S00123178,50,50,0,0,0
S00123179,62,60,2,0,2
S00123180,42,42,0,0,0
S00123181,49,49,0,0,0
S00123182,59,59,0,0,0
S00123183,74,74,0,0,0
S00123184,59,58,1,0,1
S00123185,44,44,0,0,0
S00123186,40,37,3,0,3
S00123187,72,71,1,0,1
S00123188,43,43,0,0,0
S00123189,23,23,0,0,0
S00123190,49,48,1,0,1
S00123191,45,45,0,0,0
S00123192,47,46,1,0,1
S00123193,62,61,1,0,1
S00123194,52,51,1,0,1
S00123195,44,44,0,0,0
S00123196,41,41,0,0,0
S00123197,50,49,1,0,1
S00123198,52,52,0,0,0
S00123199,40,38,2,0,2
S00123200,52,51,1,0,1
S00123201,50,50,0,0,0
S00123202,48,47,1,0,1
S00123203,28,28,0,0,0
S00123204,54,53,1,0,1
S00123205,78,77,1,0,1
S00123206,67,66,1,0,1
S00123207,63,62,1,1,0
S00123208,66,66,0,0,0
S00123209,72,72,0,0,0
S00123210,69,69,0,0,0
S00123211,31,31,0,0,0
S00123212,34,34,0,0,0
S00123213,75,74,1,0,1
S00123214,55,55,0,0,0
S00123215,51,47,4,0,4
S00123216,35,35,0,0,0
S00123217,51,51,0,0,0
S00123218,46,45,1,0,1
S00123219,27,27,0,0,0
S00123220,56,56,0,0,0
S00123221,41,40,1,0,1
S00123222,47,46,1,0,1
S00123223,38,38,0,0,0
S00123224,54,53,1,0,1
S00123225,39,39,0,0,0
S00123226,37,37,0,0,0
S00123227,75,75,0,0,0
S00123228,75,75,0,0,0
S00123229,40,40,0,0,0
S00123230,72,70,2,0,2
S00123231,38,35,3,0,3
S00123232,32,31,1,0,1
S00123233,46,46,0,0,0
S00123234,69,64,5,2,3
S00123235,65,65,0,0,0
S00123236,63,63,0,0,0
S00123237,39,38,1,0,1
S00123238,47,47,0,0,0
S00123239,51,50,1,0,1
S00123240,36,36,0,0,0
S00123241,52,52,0,0,0
S00123242,76,76,0,0,0
S00123243,44,44,0,0,0
S00123244,50,49,1,0,1
S00123245,33,31,2,0,2
S00123246,29,29,0,0,0
S00123247,37,37,0,0,0
S00123248,42,42,0,0,0
S00123249,49,49,0,0,0
S00123250,51,51,0,0,0
S00123251,43,42,1,0,1
S00123252,49,49,0,0,0
S00123253,71,71,0,0,0
S00123254,44,44,0,0,0
S00123255,21,21,0,0,0
S00123256,64,64,0,0,0
S00123257,46,45,1,0,1
S00123258,53,53,0,0,0
S00123259,53,53,0,0,0
S00123260,51,50,1,0,1
S00123261,57,55,2,0,2
S00123262,49,48,1,0,1
S00123263,30,29,1,0,1
S00123264,35,35,0,0,0
S00123265,64,64,0,0,0
S00123266,24,22,2,0,2
S00123267,58,57,1,0,1
S00123268,64,64,0,0,0
S00123269,24,24,0,0,0
S00123270,73,72,1,0,1
S00123271,67,65,2,0,2
S00123272,58,57,1,1,0
S00123273,55,54,1,1,0
S00123274,48,48,0,0,0
S00123275,34,33,1,0,1
S00123276,39,39,0,0,0
S00123277,73,73,0,0,0
S00123278,23,22,1,0,1
S00123279,26,25,1,0,1
S00123280,41,40,1,0,1
S00123281,40,40,0,0,0
S00123282,52,51,1,0,1
S00123283,74,74,0,0,0
S00123284,51,50,1,0,1
S00123285,70,67,3,1,2
S00123286,49,47,2,0,2
S00123287,67,66,1,0,1
S00123288,51,49,2,0,2
S00123289,82,81,1,0,1
S00123290,74,74,0,0,0
S00123291,58,57,1,0,1
S00123292,35,34,1,0,1
S00123293,59,58,1,0,1
S00123294,54,54,0,0,0
S00123295,66,64,2,0,2
S00123296,50,49,1,0,1
S00123297,59,58,1,0,1
S00123298,45,45,0,0,0
S00123299,41,40,1,0,1
S00123300,31,31,0,0,0
S00123301,63,61,2,0,2
S00123302,58,56,2,0,2
S00123303,32,32,0,0,0
S00123304,45,44,1,0,1
S00123305,42,42,0,0,0
S00123306,70,66,4,0,4
S00123307,31,29,2,0,2
S00123308,41,41,0,0,0
S00123309,48,48,0,0,0
S00123310,41,39,2,0,2
S00123311,46,46,0,0,0
S00123312,58,52,6,0,6
S00123313,34,33,1,0,1
S00123314,65,63,2,0,2
S00123315,50,46,4,0,4
S00123316,71,71,0,0,0
S00123317,75,71,4,0,4
S00123318,46,45,1,0,1
S00123319,44,44,0,0,0
S00123320,41,39,2,0,2
S00123321,45,45,0,0,0
S00123322,42,41,1,0,1
S00123323,45,42,3,0,3
S00123324,27,26,1,0,1
S00123325,69,69,0,0,0
S00123326,66,61,5,0,5
S00123327,80,61,19,0,19
S00123328,64,56,8,0,8
S00123329,33,31,2,0,2
S00123330,69,68,1,0,1
S00123331,70,66,4,0,4
S00123332,68,66,2,0,2
S00123333,63,63,0,0,0
S00123334,54,54,0,0,0
S00123335,77,76,1,0,1
S00123336,53,53,0,0,0
S00123337,60,58,2,0,2
S00123338,54,51,3,0,3
S00123339,78,77,1,0,1
S00123340,48,48,0,0,0
S00123341,57,57,0,0,0
S00123342,48,46,2,0,2
S00123343,35,35,0,0,0
S00123344,75,73,2,0,2
S00123345,40,39,1,0,1
S00123346,41,41,0,0,0
S00123347,39,39,0,0,0
S00123348,51,50,1,0,1
S00123349,51,48,3,0,3
S00123350,49,48,1,0,1
S00123351,51,51,0,0,0
S00123352,35,33,2,0,2
S00123353,45,44,1,0,1
S00123354,76,76,0,0,0
S00123355,52,52,0,0,0
S00123356,37,37,0,0,0
S00123357,42,42,0,0,0
S00123358,67,66,1,0,1
S00123359,59,59,0,0,0
S00123360,61,61,0,0,0
S00123361,54,53,1,0,1
S00123362,44,44,0,0,0
S00123363,44,44,0,0,0
S00123364,48,47,1,0,1
S00123365,35,35,0,0,0
S00123366,59,57,2,0,2
S00123367,60,59,1,0,1
S00123368,30,29,1,0,1
S00123369,85,73,12,0,12
S00123370,78,77,1,0,1
S00123371,46,41,5,0,5
S00123372,44,44,0,0,0
S00123373,45,44,1,0,1
S00123374,40,38,2,0,2
S00123375,71,71,0,0,0
S00123376,65,64,1,0,1
S00123377,46,44,2,0,2
S00123378,23,22,1,0,1
S00123379,55,53,2,0,2
S00123380,79,62,17,0,17
S00123381,54,54,0,0,0
S00123382,55,53,2,0,2
S00123383,29,28,1,0,1
S00123384,59,56,3,0,3
S00123385,69,68,1,0,1
S00123386,68,65,3,0,3
S00123387,54,48,6,0,6
S00123388,54,48,6,0,6
S00123389,65,64,1,0,1
S00123390,49,45,4,0,4
S00123391,44,43,1,0,1
S00123392,34,33,1,0,1
S00123393,48,48,0,0,0
S00123394,46,44,2,0,2
S00123395,40,38,2,0,2
S00123396,55,55,0,0,0
S00123397,47,43,4,0,4
S00123398,50,47,3,1,2
S00123399,52,50,2,0,2
S00123400,72,70,2,1,1
S00123401,77,74,3,0,3
S00123402,77,76,1,0,1
S00123403,65,64,1,0,1
S00123404,48,47,1,0,1
S00123405,40,40,0,0,0
S00123406,43,42,1,0,1
S00123407,50,49,1,0,1
S00123408,45,45,0,0,0
S00123409,47,47,0,0,0
S00123410,66,65,1,0,1
S00123411,49,47,2,0,2
S00123412,44,43,1,0,1
S00123413,47,46,1,0,1
S00123414,54,53,1,0,1
S00123415,33,33,0,0,0
S00123416,43,41,2,0,2
S00123417,47,47,0,0,0
S00123418,70,69,1,0,1
S00123419,78,73,5,0,5
S00123420,43,43,0,0,0
S00123421,50,50,0,0,0
S00123422,69,67,2,0,2
S00123423,51,49,2,0,2
S00123424,80,73,7,0,7
S00123425,42,41,1,0,1
S00123426,42,41,1,0,1
S00123427,68,63,5,0,5
S00123428,54,53,1,0,1
S00123429,46,39,7,0,7
S00123430,56,56,0,0,0
S00123431,56,54,2,0,2
S00123432,47,47,0,0,0
S00123433,45,44,1,0,1
S00123434,48,47,1,0,1
S00123435,54,54,0,0,0
S00123436,66,62,4,0,4
S00123437,48,48,0,0,0
S00123438,53,50,3,0,3
S00123439,42,42,0,0,0
S00123440,75,75,0,0,0
S00123441,64,63,1,0,1
S00123442,77,73,4,0,4
S00123443,48,47,1,0,1
S00123444,70,70,0,0,0
S00123445,64,63,1,0,1
S00123446,66,63,3,0,3
S00123447,62,60,2,0,2
S00123448,62,61,1,0,1
S00123449,63,63,0,0,0
S00123450,58,55,3,0,3
S00123451,64,61,3,0,3
S00123452,61,60,1,0,1
S00123453,76,76,0,0,0
S00123454,78,76,2,0,2
S00123455,52,52,0,0,0
S00123456,43,43,0,0,0
S00123457,41,41,0,0,0
S00123458,52,51,1,0,1
S00123459,42,42,0,0,0
S00123460,48,48,0,0,0
S00123461,58,57,1,0,1
S00123462,79,75,4,0,4
S00123463,59,59,0,0,0
S00123464,45,45,0,0,0
S00123465,42,42,0,0,0
S00123466,54,49,5,0,5
S00123467,50,49,1,0,1
S00123468,45,45,0,0,0
S00123469,48,47,1,0,1
S00123470,60,58,2,0,2
S00123471,45,44,1,0,1
S00123472,45,44,1,0,1
S00123473,54,53,1,0,1
S00123474,54,51,3,0,3
S00123475,29,28,1,1,0
S00123476,48,47,1,0,1
S00123477,42,41,1,0,1
S00123478,45,42,3,0,3
S00123479,45,44,1,0,1
S00123480,41,41,0,0,0
S00123481,55,54,1,0,1
S00123482,47,46,1,0,1
S00123483,34,32,2,0,2
S00123484,30,30,0,0,0
S00123485,68,66,2,0,2
S00123486,37,37,0,0,0
S00123487,47,46,1,0,1
S00123488,56,56,0,0,0
S00123489,47,47,0,0,0
S00123490,68,68,0,0,0
S00123491,58,50,8,0,8
S00123492,44,43,1,0,1
S00123493,44,42,2,0,2
S00123494,52,51,1,0,1
S00123495,56,56,0,0,0
S00123496,57,53,4,1,3
S00123497,73,71,2,0,2
S00123498,60,60,0,0,0
S00123499,66,66,0,0,0
S00123500,55,52,3,0,3
S00123501,66,66,0,0,0
S00123502,52,52,0,0,0
S00123503,64,64,0,0,0
S00123504,50,50,0,0,0
S00123505,60,57,3,0,3
S00123506,33,33,0,0,0
S00123507,74,71,3,0,3
S00123508,62,62,0,0,0
S00123509,67,59,8,0,8
S00123510,42,41,1,0,1
S00123511,52,51,1,0,1
S00123512,52,51,1,0,1
S00123513,57,57,0,0,0
S00123514,68,68,0,0,0
S00123515,38,38,0,0,0
S00123516,56,54,2,0,2
S00123517,46,46,0,0,0
S00123518,43,43,0,0,0
S00123519,60,59,1,0,1
S00123520,44,43,1,0,1
S00123521,47,47,0,0,0
S00123522,32,31,1,0,1
S00123523,44,43,1,0,1
S00123524,50,47,3,0,3
S00123525,60,56,4,0,4
S00123526,72,69,3,0,3
S00123527,40,40,0,0,0
S00123528,55,55,0,0,0
S00123529,60,59,1,0,1
S00123530,43,41,2,0,2
S00123531,41,41,0,0,0
S00123532,49,49,0,0,0
S00123533,60,60,0,0,0
S00123534,46,46,0,0,0
S00123535,50,50,0,0,0
S00123536,25,25,0,0,0
S00123537,40,38,2,0,2
S00123538,49,47,2,0,2
S00123539,77,77,0,0,0
S00123540,57,57,0,0,0
S00123541,46,45,1,0,1
S00123542,63,63,0,0,0
S00123543,62,62,0,0,0
S00123544,64,63,1,0,1
S00123545,55,54,1,0,1
S00123546,68,68,0,0,0
S00123547,64,64,0,0,0
S00123548,42,41,1,0,1
S00123549,66,65,1,0,1
S00123550,45,45,0,0,0
S00123551,48,48,0,0,0
S00123552,39,39,0,0,0
S00123553,47,47,0,0,0
S00123554,39,39,0,0,0
S00123555,44,44,0,0,0
S00123556,42,42,0,0,0
S00123557,48,48,0,0,0
S00123558,44,44,0,0,0
S00123559,68,68,0,0,0
S00123560,87,74,13,0,13
S00123561,77,55,22,0,22
S00123562,53,51,2,0,2
S00123563,48,48,0,0,0
S00123564,43,37,6,0,6
S00123565,55,54,1,0,1
S00123566,34,33,1,0,1
S00123567,47,46,1,0,1
S00123568,47,47,0,0,0
S00123569,72,71,1,0,1
S00123570,49,49,0,0,0
S00123571,50,49,1,0,1
S00123572,50,50,0,0,0
S00123573,45,43,2,0,2
S00123574,82,82,0,0,0
S00123575,71,71,0,0,0
S00123576,45,45,0,0,0
S00123577,35,35,0,0,0
S00123578,76,75,1,0,1
S00123579,51,51,0,0,0
S00123580,75,73,2,0,2
S00123581,55,55,0,0,0
S00123582,71,69,2,0,2
S00123583,39,38,1,0,1
S00123584,50,48,2,0,2
S00123585,47,47,0,0,0
S00123586,75,69,6,0,6
S00123587,45,45,0,0,0
S00123588,47,46,1,0,1
S00123589,61,61,0,0,0
S00123590,63,62,1,0,1
S00123591,36,36,0,0,0
S00123592,36,36,0,0,0
S00123593,78,77,1,0,1
S00123594,25,25,0,0,0
S00123595,57,56,1,0,1
S00123596,64,64,0,0,0
S00123597,37,37,0,0,0
S00123598,64,64,0,0,0
S00123599,42,42,0,0,0
S00123600,75,70,5,0,5
S00123601,74,74,0,0,0
S00123602,63,63,0,0,0
S00123603,53,52,1,0,1
S00123604,40,40,0,0,0
S00123605,55,55,0,0,0
S00123606,38,38,0,0,0
S00123607,54,54,0,0,0
S00123608,48,47,1,0,1
S00123609,41,40,1,0,1
S00123610,45,43,2,0,2
S00123611,64,61,3,0,3
S00123612,68,67,1,0,1
S00123613,76,75,1,0,1
S00123614,60,60,0,0,0
S00123615,48,45,3,0,3
S00123616,48,48,0,0,0
S00123617,91,71,20,0,20
S00123618,77,73,4,0,4
S00123619,75,74,1,0,1
S00123620,61,57,4,0,4
S00123621,47,45,2,0,2
S00123622,44,38,6,0,6
S00123623,61,60,1,0,1
S00123624,61,59,2,0,2
S00123625,60,57,3,0,3
S00123626,61,60,1,0,1
S00123627,49,47,2,0,2
S00123628,55,54,1,0,1
S00123629,42,41,1,0,1
S00123630,58,56,2,0,2
S00123631,51,49,2,0,2
S00123632,64,63,1,0,1
S00123633,42,39,3,0,3
S00123634,51,47,4,0,4
S00123635,66,65,1,0,1
S00123636,59,58,1,0,1
S00123637,35,35,0,0,0
S00123638,64,63,1,0,1
S00123639,45,45,0,0,0
S00123640,46,46,0,0,0
S00123641,76,75,1,0,1
S00123642,78,77,1,0,1
S00123643,67,65,2,0,2
S00123644,53,49,4,0,4
S00123645,56,51,5,0,5
S00123646,43,41,2,0,2
S00123647,71,70,1,0,1
S00123648,44,44,0,0,0
S00123649,64,64,0,0,0
S00123650,75,74,1,0,1
S00123651,67,67,0,0,0
S00123652,42,39,3,0,3
S00123653,43,43,0,0,0
S00123654,44,44,0,0,0
S00123655,47,46,1,0,1
S00123656,57,57,0,0,0
S00123657,50,50,0,0,0
S00123658,49,49,0,0,0
S00123659,58,58,0,0,0
S00123660,44,43,1,0,1
S00123661,74,74,0,0,0
S00123662,70,69,1,1,0
S00123663,79,74,5,0,5
S00123664,57,56,1,0,1
S00123665,42,42,0,0,0
S00123666,70,66,4,0,4
S00123667,46,45,1,0,1
S00123668,48,47,1,0,1
S00123669,45,45,0,0,0
S00123670,66,66,0,0,0
S00123671,48,48,0,0,0
S00123672,48,45,3,0,3
S00123673,57,57,0,0,0
S00123674,51,49,2,0,2
S00123675,66,65,1,0,1
S00123676,47,47,0,0,0
S00123677,41,41,0,0,0
S00123678,55,55,0,0,0
S00123679,58,58,0,0,0
S00123680,48,48,0,0,0
S00123681,81,77,4,0,4
S00123682,43,43,0,0,0
S00123683,52,49,3,0,3
S00123684,60,60,0,0,0
S00123685,57,56,1,0,1
S00123686,52,52,0,0,0
S00123687,54,51,3,0,3
S00123688,78,77,1,0,1
S00123689,65,62,3,0,3
S00123690,63,58,5,0,5
S00123691,77,76,1,0,1
S00123692,68,68,0,0,0
S00123693,60,60,0,0,0
S00123694,41,41,0,0,0
S00123695,80,76,4,0,4
S00123696,54,54,0,0,0
S00123697,39,35,4,0,4
S00123698,63,60,3,0,3
S00123699,44,44,0,0,0
S00123700,59,57,2,0,2
S00123701,48,47,1,0,1
S00123702,43,43,0,0,0
S00123703,60,56,4,0,4
S00123704,41,38,3,0,3
S00123705,48,47,1,0,1
S00123706,33,32,1,0,1
S00123707,53,48,5,0,5
S00123708,71,63,8,0,8
S00123709,84,76,8,0,8
S00123710,54,53,1,0,1
S00123711,42,38,4,0,4
S00123712,49,46,3,0,3
S00123713,34,34,0,0,0
S00123714,60,60,0,0,0
S00123715,51,51,0,0,0
S00123716,51,50,1,0,1
S00123717,46,46,0,0,0
S00123718,44,44,0,0,0
S00123719,40,39,1,0,1
S00123720,61,60,1,0,1
S00123721,68,68,0,0,0
S00123722,55,54,1,0,1
S00123723,26,25,1,0,1
S00123724,58,57,1,0,1
S00123725,44,44,0,0,0
S00123726,42,42,0,0,0
S00123727,73,72,1,0,1
S00123728,66,65,1,0,1
S00123729,57,56,1,0,1
S00123730,49,49,0,0,0
S00123731,36,36,0,0,0
S00123732,69,69,0,0,0
S00123733,67,65,2,0,2
S00123734,62,58,4,0,4
S00123735,51,50,1,0,1
S00123736,58,57,1,0,1
S00123737,52,51,1,0,1
S00123738,47,47,0,0,0
S00123739,30,29,1,0,1
S00123740,51,51,0,0,0
S00123741,58,58,0,0,0
S00123742,64,62,2,0,2
S00123743,50,49,1,0,1
S00123744,71,71,0,0,0
S00123745,59,56,3,0,3
S00123746,44,43,1,0,1
S00123747,55,54,1,0,1
S00123748,56,55,1,0,1
S00123749,60,60,0,0,0
S00123750,38,37,1,0,1
S00123751,42,40,2,0,2
S00123752,47,47,0,0,0
S00123753,29,29,0,0,0
S00123754,55,55,0,0,0
S00123755,44,43,1,0,1
S00123756,55,54,1,0,1
S00123757,79,71,8,0,8
S00123758,78,77,1,0,1
S00123759,62,62,0,0,0
S00123760,46,42,4,0,4
S00123761,70,65,5,0,5
S00123762,84,65,19,0,19
S00123763,57,56,1,0,1
S00123764,41,40,1,0,1
S00123765,35,35,0,0,0
S00123766,73,71,2,0,2
S00123767,48,48,0,0,0
S00123768,69,66,3,0,3
S00123769,47,47,0,0,0
S00123770,63,62,1,0,1
S00123771,85,82,3,0,3
S00123772,61,60,1,0,1
S00123773,45,45,0,0,0
S00123774,67,66,1,0,1
S00123775,72,71,1,0,1
S00123776,65,65,0,0,0
S00123777,73,73,0,0,0
S00123778,62,61,1,0,1
S00123779,70,69,1,0,1
S00123780,21,21,0,0,0
S00123781,55,55,0,0,0
S00123782,30,30,0,0,0
S00123783,55,55,0,0,0
S00123784,24,23,1,0,1
S00123785,48,47,1,0,1
S00123786,46,46,0,0,0
S00123787,40,39,1,0,1
S00123788,39,39,0,0,0
S00123789,63,61,2,0,2
S00123790,71,71,0,0,0
S00123791,54,54,0,0,0
S00123792,49,49,0,0,0
S00123793,46,45,1,0,1
S00123794,42,42,0,0,0
S00123795,41,40,1,0,1
S00123796,44,44,0,0,0
S00123797,41,41,0,0,0
S00123798,40,40,0,0,0
S00123799,66,66,0,0,0
S00123800,66,66,0,0,0
S00123801,40,38,2,0,2
S00123802,53,53,0,0,0
S00123803,47,47,0,0,0
S00123804,67,66,1,0,1
S00123805,72,70,2,0,2
S00123806,61,61,0,0,0
S00123807,58,58,0,0,0
S00123808,62,60,2,0,2
S00123809,59,59,0,0,0
S00123810,39,39,0,0,0
S00123811,71,70,1,1,0
S00123812,76,73,3,0,3
S00123813,44,43,1,0,1
S00123814,25,25,0,0,0
S00123815,44,44,0,0,0
S00123816,42,41,1,0,1
S00123817,76,75,1,0,1
S00123818,59,59,0,0,0
S00123819,47,46,1,0,1
S00123820,43,43,0,0,0
S00123821,44,44,0,0,0
S00123822,82,82,0,0,0
S00123823,65,65,0,0,0
S00123824,62,62,0,0,0
S00123825,57,57,0,0,0
S00123826,42,42,0,0,0
S00123827,52,48,4,0,4
S00123828,25,25,0,0,0
S00123829,35,35,0,0,0
S00123830,51,51,0,0,0
S00123831,54,53,1,1,0
S00123832,58,58,0,0,0
S00123833,61,61,0,0,0
S00123834,48,48,0,0,0
S00123835,51,51,0,0,0
S00123836,33,32,1,0,1
S00123837,48,46,2,0,2
S00123838,64,60,4,0,4
S00123839,62,61,1,0,1
S00123840,64,61,3,0,3
S00123841,63,60,3,0,3
S00123842,52,51,1,0,1
S00123843,49,49,0,0,0
S00123844,51,51,0,0,0
S00123845,59,59,0,0,0
S00123846,45,45,0,0,0
S00123847,44,43,1,0,1
S00123848,68,68,0,0,0
S00123849,37,35,2,0,2
S00123850,37,36,1,0,1
S00123851,71,71,0,0,0
S00123852,71,70,1,0,1
S00123853,57,57,0,0,0
S00123854,24,24,0,0,0
S00123855,44,42,2,0,2
S00123856,52,52,0,0,0
S00123857,46,46,0,0,0
S00123858,37,36,1,0,1
S00123859,29,29,0,0,0
S00123860,48,47,1,0,1
S00123861,70,70,0,0,0
S00123862,53,51,2,0,2
S00123863,43,43,0,0,0
S00123864,77,76,1,0,1
S00123865,52,52,0,0,0
S00123866,74,73,1,0,1
S00123867,39,38,1,0,1
S00123868,38,38,0,0,0
S00123869,51,48,3,0,3
S00123870,49,43,6,0,6
S00123871,48,46,2,0,2
S00123872,48,44,4,0,4
S00123873,54,52,2,0,2
S00123874,26,26,0,0,0
S00123875,58,58,0,0,0
S00123876,61,60,1,0,1
S00123877,61,59,2,0,2
S00123878,25,24,1,0,1
S00123879,57,57,0,0,0
S00123880,44,41,3,0,3
S00123881,80,76,4,0,4
S00123882,72,68,4,0,4
S00123883,49,49,0,0,0
S00123884,31,31,0,0,0
S00123885,75,75,0,0,0
S00123886,58,58,0,0,0
S00123887,72,72,0,0,0
S00123888,59,59,0,0,0
S00123889,49,49,0,0,0
S00123890,36,36,0,0,0
S00123891,46,46,0,0,0
S00123892,68,65,3,0,3
S00123893,93,92,1,0,1
S00123894,78,76,2,0,2
S00123895,66,65,1,0,1
S00123896,46,44,2,0,2
S00123897,52,52,0,0,0
S00123898,40,38,2,0,2
S00123899,65,64,1,0,1
S00123900,52,52,0,0,0
S00123901,51,50,1,0,1
S00123902,44,44,0,0,0
S00123903,51,48,3,0,3
S00123904,42,40,2,0,2
S00123905,53,52,1,0,1
S00123906,49,49,0,0,0
S00123907,68,63,5,1,4
S00123908,59,56,3,0,3
S00123909,71,69,2,0,2
S00123910,55,52,3,0,3
S00123911,55,53,2,1,1
S00123912,43,43,0,0,0
S00123913,47,45,2,0,2
S00123914,61,59,2,0,2
S00123915,56,56,0,0,0
S00123916,27,27,0,0,0
S00123917,52,51,1,0,1
S00123918,27,27,0,0,0
S00123919,52,49,3,0,3
S00123920,49,48,1,0,1
S00123921,44,43,1,0,1
S00123922,37,34,3,0,3
S00123923,46,46,0,0,0
S00123924,70,68,2,0,2
S00123925,48,48,0,0,0
S00123926,62,62,0,0,0
S00123927,44,44,0,0,0
S00123928,32,32,0,0,0
S00123929,59,58,1,0,1
S00123930,65,65,0,0,0
S00123931,74,73,1,0,1
S00123932,46,45,1,0,1
S00123933,36,34,2,0,2
S00123934,49,49,0,0,0
S00123935,35,35,0,0,0
S00123936,45,45,0,0,0
S00123937,51,51,0,0,0
S00123938,46,46,0,0,0
S00123939,70,69,1,0,1
S00123940,61,61,0,0,0
S00123941,71,71,0,0,0
S00123942,60,58,2,0,2
S00123943,39,39,0,0,0
S00123944,45,44,1,0,1
S00123945,49,48,1,0,1
S00123946,62,61,1,0,1
S00123947,65,63,2,0,2
S00123948,55,55,0,0,0
S00123949,71,71,0,0,0
S00123950,34,34,0,0,0
S00123951,45,45,0,0,0
S00123952,51,51,0,0,0
S00123953,61,61,0,0,0
S00123954,49,48,1,0,1
S00123955,47,47,0,0,0
S00123956,25,25,0,0,0
S00123957,45,45,0,0,0
S00123958,60,60,0,0,0
S00123959,57,55,2,0,2
S00123960,72,72,0,0,0
S00123961,63,63,0,0,0
S00123962,50,50,0,0,0
S00123963,45,45,0,0,0
S00123964,49,49,0,0,0
S00123965,39,39,0,0,0
S00123966,45,44,1,0,1
S00123967,46,44,2,0,2
S00123968,44,44,0,0,0
S00123969,40,40,0,0,0
S00123970,72,71,1,0,1
S00123971,61,60,1,0,1
S00123972,27,27,0,0,0
S00123973,64,64,0,0,0
S00123974,65,63,2,0,2
S00123975,49,49,0,0,0
S00123976,50,47,3,0,3
S00123977,40,40,0,0,0
S00123978,62,61,1,0,1
S00123979,58,58,0,0,0
S00123980,42,42,0,0,0
S00123981,46,46,0,0,0
S00123982,44,44,0,0,0
S00123983,67,67,0,0,0
S00123984,61,61,0,0,0
S00123985,72,72,0,0,0
S00123986,59,59,0,0,0
S00123987,73,73,0,0,0
S00123988,47,47,0,0,0
S00123989,41,41,0,0,0
S00123990,38,38,0,0,0
S00123991,51,51,0,0,0
S00123992,45,45,0,0,0
S00123993,42,41,1,0,1
S00123994,43,43,0,0,0
S00123995,55,55,0,0,0
S00123996,43,42,1,0,1
S00123997,43,43,0,0,0
S00123998,52,52,0,0,0
S00123999,52,52,0,0,0
S00124000,45,45,0,0,0
S00124001,62,59,3,0,3
S00124002,65,63,2,0,2
S00124003,51,48,3,0,3
S00124004,52,52,0,0,0
S00124005,76,75,1,0,1
S00124006,49,47,2,0,2
S00124007,65,60,5,0,5
S00124008,38,38,0,0,0
S00124009,41,41,0,0,0
S00124010,58,58,0,0,0
S00124011,40,38,2,0,2
S00124012,60,58,2,0,2
S00124013,52,50,2,0,2
S00124014,44,36,8,0,8
S00124015,59,57,2,0,2
S00124016,60,60,0,0,0
S00124017,44,43,1,0,1
S00124018,55,54,1,0,1
S00124019,44,44,0,0,0
S00124020,69,69,0,0,0
S00124021,45,44,1,0,1
S00124022,51,51,0,0,0
S00124023,42,41,1,0,1
S00124024,56,56,0,0,0
S00124025,56,55,1,0,1
S00124026,56,55,1,0,1
S00124027,63,61,2,0,2
S00124028,66,66,0,0,0
S00124029,38,36,2,0,2
S00124030,53,52,1,0,1
S00124031,58,55,3,0,3
S00124032,53,46,7,0,7
S00124033,45,44,1,0,1
S00124034,67,67,0,0,0
S00124035,80,76,4,0,4
S00124036,79,75,4,0,4
S00124037,86,84,2,0,2
S00124038,65,64,1,0,1
S00124039,75,74,1,0,1
S00124040,36,36,0,0,0
S00124041,63,61,2,0,2
S00124042,47,42,5,0,5
S00124043,40,39,1,0,1
S00124044,60,59,1,0,1
S00124045,48,48,0,0,0
S00124046,45,44,1,0,1
S00124047,48,48,0,0,0
S00124048,44,44,0,0,0
S00124049,46,45,1,0,1
S00124050,49,48,1,0,1
S00124051,47,47,0,0,0
S00124052,44,44,0,0,0
S00124053,40,39,1,0,1
S00124054,40,40,0,0,0
S00124055,50,48,2,0,2
S00124056,44,44,0,0,0
S00124057,45,45,0,0,0
S00124058,53,53,0,0,0
S00124059,52,49,3,0,3
S00124060,49,48,1,0,1
S00124061,48,48,0,0,0
S00124062,47,46,1,0,1
S00124063,46,38,8,0,8
S00124064,71,71,0,0,0
S00124065,47,46,1,0,1
S00124066,29,28,1,0,1
S00124067,51,50,1,0,1
S00124068,29,27,2,0,2
S00124069,66,66,0,0,0
S00124070,34,34,0,0,0
S00124071,68,67,1,0,1
S00124072,68,67,1,0,1
S00124073,77,75,2,0,2
S00124074,68,66,2,0,2
S00124075,66,66,0,0,0
S00124076,64,64,0,0,0
S00124077,48,47,1,0,1
S00124078,73,70,3,0,3
S00124079,46,46,0,0,0
S00124080,46,46,0,0,0
S00124081,81,78,3,0,3
S00124082,72,71,1,0,1
S00124083,74,73,1,1,0
S00124084,55,52,3,0,3
S00124085,42,41,1,0,1
S00124086,55,54,1,0,1
S00124087,49,49,0,0,0
S00124088,29,29,0,0,0
S00124089,73,72,1,0,1
S00124090,48,48,0,0,0
S00124091,28,28,0,0,0
S00124092,70,70,0,0,0
S00124093,47,47,0,0,0
S00124094,56,56,0,0,0
S00124095,48,48,0,0,0
S00124096,57,57,0,0,0
S00124097,48,48,0,0,0
S00124098,39,38,1,0,1
S00124099,48,48,0,0,0
S00124100,31,31,0,0,0
S00124101,42,42,0,0,0
S00124102,73,71,2,0,2
S00124103,54,53,1,0,1
S00124104,33,33,0,0,0
S00124105,49,49,0,0,0
S00124106,63,62,1,0,1
S00124107,54,49,5,0,5
S00124108,32,31,1,0,1
S00124109,56,55,1,0,1
S00124110,48,48,0,0,0
S00124111,48,48,0,0,0
S00124112,47,47,0,0,0
S00124113,42,42,0,0,0
S00124114,49,49,0,0,0
S00124115,54,54,0,0,0
S00124116,41,41,0,0,0
S00124117,68,68,0,0,0
S00124118,40,40,0,0,0
S00124119,41,41,0,0,0
S00124120,46,45,1,0,1
S00124121,46,46,0,0,0
S00124122,51,49,2,0,2
S00124123,66,65,1,0,1
S00124124,72,69,3,0,3
S00124125,53,53,0,0,0
S00124126,58,57,1,0,1
S00124127,58,58,0,0,0
S00124128,44,43,1,0,1
S00124129,59,59,0,0,0
S00124130,51,50,1,0,1
S00124131,51,50,1,0,1
S00124132,55,54,1,0,1
S00124133,52,50,2,0,2
S00124134,49,49,0,0,0
S00124135,53,53,0,0,0
S00124136,35,35,0,0,0
S00124137,25,25,0,0,0
S00124138,52,51,1,0,1
S00124139,42,42,0,0,0
S00124140,38,38,0,0,0
S00124141,40,40,0,0,0
S00124142,71,68,3,0,3
S00124143,41,41,0,0,0
S00124144,54,54,0,0,0
S00124145,43,42,1,0,1
S00124146,48,48,0,0,0
S00124147,61,59,2,0,2
S00124148,43,43,0,0,0
S00124149,72,70,2,0,2
S00124150,70,67,3,0,3
S00124151,51,50,1,0,1
S00124152,50,50,0,0,0
S00124153,46,46,0,0,0
S00124154,73,73,0,0,0
S00124155,64,62,2,0,2
S00124156,56,56,0,0,0
S00124157,47,47,0,0,0
S00124158,46,45,1,0,1
S00124159,71,69,2,0,2
S00124160,52,47,5,0,5
S00124161,44,42,2,0,2
S00124162,51,49,2,0,2
S00124163,54,51,3,0,3
S00124164,89,87,2,0,2
S00124165,54,53,1,0,1
S00124166,48,46,2,0,2
S00124167,81,80,1,0,1
S00124168,56,55,1,0,1
S00124169,49,48,1,0,1
S00124170,40,40,0,0,0
S00124171,52,51,1,0,1
S00124172,47,47,0,0,0
S00124173,43,42,1,0,1
S00124174,49,48,1,0,1
S00124175,81,77,4,0,4
S00124176,60,56,4,0,4
S00124177,52,51,1,0,1
S00124178,47,47,0,0,0
S00124179,45,45,0,0,0
S00124180,38,38,0,0,0
S00124181,68,67,1,0,1
S00124182,61,59,2,0,2
S00124183,47,47,0,0,0
S00124184,62,58,4,0,4
S00124185,53,53,0,0,0
S00124186,65,61,4,0,4
S00124187,52,48,4,0,4
S00124188,40,39,1,0,1
S00124189,56,54,2,0,2
S00124190,57,56,1,0,1
S00124191,50,49,1,0,1
S00124192,50,46,4,0,4
S00124193,44,43,1,0,1
S00124194,38,38,0,0,0
S00124195,73,72,1,0,1
S00124196,49,49,0,0,0
S00124197,67,67,0,0,0
S00124198,68,68,0,0,0
S00124199,53,53,0,0,0
S00124200,73,73,0,0,0
S00124201,54,54,0,0,0
S00124202,54,53,1,0,1
S00124203,64,56,8,0,8
S00124204,55,53,2,0,2
S00124205,65,43,22,0,22
S00124206,74,71,3,0,3
S00124207,80,76,4,0,4
S00124208,70,69,1,0,1
S00124209,89,88,1,0,1
S00124210,75,75,0,0,0
S00124211,61,61,0,0,0
S00124212,59,56,3,0,3
S00124213,49,49,0,0,0
S00124214,82,82,0,0,0
S00124215,53,51,2,0,2
S00124216,61,60,1,0,1
S00124217,38,38,0,0,0
S00124218,42,41,1,0,1
S00124219,43,42,1,0,1
S00124220,40,38,2,0,2
S00124221,43,42,1,0,1
S00124222,53,53,0,0,0
S00124223,76,72,4,0,4
S00124224,71,67,4,1,3
S00124225,72,61,11,0,11
S00124226,47,42,5,0,5
S00124227,62,60,2,0,2
S00124228,59,58,1,0,1
S00124229,57,56,1,0,1
S00124230,61,58,3,0,3
S00124231,59,58,1,0,1
S00124232,56,56,0,0,0
S00124233,54,54,0,0,0
S00124234,45,44,1,0,1
S00124235,39,37,2,0,2
S00124236,51,51,0,0,0
S00124237,41,40,1,0,1
S00124238,55,55,0,0,0
S00124239,54,54,0,0,0
S00124240,57,55,2,0,2
S00124241,44,43,1,0,1
S00124242,60,60,0,0,0
S00124243,59,59,0,0,0
S00124244,79,76,3,0,3
S00124245,64,62,2,0,2
S00124246,48,48,0,0,0
S00124247,51,48,3,0,3
S00124248,47,46,1,0,1
S00124249,62,60,2,0,2
S00124250,46,46,0,0,0
S00124251,41,41,0,0,0
S00124252,61,59,2,0,2
S00124253,53,50,3,0,3
S00124254,44,41,3,0,3
S00124255,74,73,1,0,1
S00124256,70,68,2,0,2
S00124257,78,74,4,1,3
S00124258,67,64,3,0,3
S00124259,54,50,4,0,4
S00124260,43,43,0,0,0
S00124261,51,47,4,0,4
S00124262,52,51,1,0,1
S00124263,75,74,1,0,1
S00124264,62,60,2,0,2
S00124265,76,76,0,0,0
S00124266,60,59,1,0,1
S00124267,81,72,9,0,9
S00124268,76,75,1,0,1
S00124269,32,31,1,0,1
S00124270,26,26,0,0,0
S00124271,72,69,3,1,2
S00124272,68,65,3,0,3
S00124273,72,67,5,0,5
S00124274,65,62,3,0,3
S00124275,57,55,2,0,2
S00124276,43,42,1,0,1
S00124277,45,44,1,0,1
S00124278,49,49,0,0,0
S00124279,51,47,4,0,4
S00124280,36,35,1,0,1
S00124281,69,66,3,0,3
S00124282,32,32,0,0,0
S00124283,53,32,21,0,21
S00124284,52,46,6,0,6
S00124285,51,50,1,0,1
S00124286,30,29,1,0,1
S00124287,49,49,0,0,0
S00124288,40,39,1,0,1
S00124289,40,40,0,0,0
S00124290,55,55,0,0,0
S00124291,61,60,1,0,1
S00124292,55,55,0,0,0
S00124293,49,49,0,0,0
S00124294,46,46,0,0,0
S00124295,49,49,0,0,0
S00124296,33,33,0,0,0
S00124297,63,62,1,0,1
S00124298,64,64,0,0,0
S00124299,47,47,0,0,0
S00124300,41,41,0,0,0
S00124301,48,48,0,0,0
S00124302,39,38,1,0,1
S00124303,46,45,1,0,1
S00124304,64,64,0,0,0
S00124305,55,55,0,0,0
S00124306,48,48,0,0,0
S00124307,42,41,1,0,1
S00124308,65,63,2,0,2
S00124309,54,54,0,0,0
S00124310,32,32,0,0,0
S00124311,46,46,0,0,0
S00124312,26,26,0,0,0
S00124313,104,102,2,0,2
S00124314,33,33,0,0,0
S00124315,63,63,0,0,0
S00124316,47,47,0,0,0
S00124317,48,48,0,0,0
S00124318,52,52,0,0,0
S00124319,45,44,1,0,1
S00124320,48,47,1,0,1
S00124321,67,67,0,0,0
S00124322,46,46,0,0,0
S00124323,48,48,0,0,0
S00124324,46,46,0,0,0
S00124325,59,59,0,0,0
S00124326,44,43,1,1,0
S00124327,53,53,0,0,0
S00124328,46,45,1,0,1
S00124329,44,44,0,0,0
S00124330,50,50,0,0,0
S00124331,51,51,0,0,0
S00124332,42,42,0,0,0
S00124333,40,40,0,0,0
S00124334,53,53,0,0,0
S00124335,50,50,0,0,0
S00124336,53,52,1,0,1
S00124337,51,51,0,0,0
S00124338,37,37,0,0,0
S00124339,51,51,0,0,0
S00124340,53,53,0,0,0
S00124341,42,41,1,0,1
S00124342,75,73,2,0,2
S00124343,72,71,1,0,1
S00124344,48,47,1,0,1
S00124345,48,47,1,0,1
S00124346,48,47,1,1,0
S00124347,43,43,0,0,0
S00124348,70,70,0,0,0
S00124349,69,68,1,0,1
S00124350,64,64,0,0,0
S00124351,44,44,0,0,0
S00124352,56,55,1,0,1
S00124353,60,60,0,0,0
S00124354,52,52,0,0,0
S00124355,43,43,0,0,0
S00124356,41,41,0,0,0
S00124357,52,52,0,0,0
S00124358,43,43,0,0,0
S00124359,40,40,0,0,0
S00124360,29,29,0,0,0
S00124361,41,41,0,0,0
S00124362,51,50,1,0,1
S00124363,48,48,0,0,0
S00124364,37,37,0,0,0
S00124365,43,43,0,0,0
S00124366,40,40,0,0,0
S00124367,55,55,0,0,0
S00124368,40,39,1,0,1
S00124369,40,40,0,0,0
S00124370,72,72,0,0,0
S00124371,28,28,0,0,0
S00124372,38,37,1,0,1
S00124373,55,55,0,0,0
S00124374,56,56,0,0,0
S00124375,70,69,1,0,1
S00124376,58,58,0,0,0
S00124377,50,50,0,0,0
S00124378,56,56,0,0,0
S00124379,70,70,0,0,0
S00124380,71,71,0,0,0
S00124381,52,50,2,0,2
S00124382,62,61,1,0,1
S00124383,64,64,0,0,0
S00124384,35,35,0,0,0
S00124385,50,49,1,0,1
S00124386,56,56,0,0,0
S00124387,43,41,2,0,2
S00124388,45,44,1,0,1
S00124389,48,46,2,0,2
S00124390,44,44,0,0,0
S00124391,42,42,0,0,0
S00124392,58,58,0,0,0
S00124393,61,61,0,0,0
S00124394,29,29,0,0,0
S00124395,98,71,27,0,27
S00124396,26,26,0,0,0
S00124397,53,53,0,0,0
S00124398,68,68,0,0,0
S00124399,80,78,2,0,2
S00124400,70,70,0,0,0
S00124401,67,67,0,0,0
S00124402,51,50,1,0,1
S00124403,51,51,0,0,0
S00124404,47,45,2,0,2
S00124405,87,87,0,0,0
S00124406,57,54,3,0,3
S00124407,47,47,0,0,0
S00124408,41,41,0,0,0
S00124409,63,59,4,0,4
S00124410,71,70,1,0,1
S00124411,64,64,0,0,0
S00124412,22,21,1,0,1
S00124413,52,51,1,0,1
S00124414,46,44,2,0,2
S00124415,46,41,5,0,5
S00124416,50,50,0,0,0
S00124417,49,48,1,0,1
S00124418,36,35,1,0,1
S00124419,63,62,1,0,1
S00124420,65,63,2,1,1
S00124421,76,71,5,0,5
S00124422,53,50,3,0,3
S00124423,51,50,1,0,1
S00124424,48,41,7,0,7
S00124425,52,51,1,0,1
S00124426,68,66,2,0,2
S00124427,51,49,2,0,2
S00124428,67,64,3,0,3
S00124429,44,41,3,0,3
S00124430,89,79,10,0,10
S00124431,36,35,1,0,1
S00124432,43,43,0,0,0
S00124433,42,40,2,0,2
S00124434,74,68,6,0,6
S00124435,49,47,2,0,2
S00124436,47,45,2,0,2
S00124437,54,54,0,0,0
S00124438,52,49,3,0,3
S00124439,66,62,4,0,4
S00124440,66,64,2,0,2
S00124441,42,41,1,0,1
S00124442,37,35,2,0,2
S00124443,54,54,0,0,0
S00124444,42,42,0,0,0
S00124445,43,41,2,0,2
S00124446,61,58,3,0,3
S00124447,45,43,2,0,2
S00124448,44,44,0,0,0
S00124449,73,71,2,0,2
S00124450,41,41,0,0,0
S00124451,57,56,1,0,1
S00124452,45,45,0,0,0
S00124453,40,39,1,0,1
S00124454,69,67,2,0,2
S00124455,39,39,0,0,0
S00124456,36,36,0,0,0
S00124457,51,51,0,0,0
S00124458,47,46,1,0,1
S00124459,59,58,1,0,1
S00124460,45,45,0,0,0
S00124461,40,39,1,0,1
S00124462,48,46,2,0,2
S00124463,67,66,1,0,1
S00124464,66,66,0,0,0
S00124465,67,65,2,0,2
S00124466,45,42,3,0,3
S00124467,54,52,2,0,2
S00124468,47,45,2,0,2
S00124469,41,41,0,0,0
S00124470,70,70,0,0,0
S00124471,73,70,3,0,3
S00124472,50,49,1,0,1
S00124473,58,56,2,0,2
S00124474,56,56,0,0,0
S00124475,53,51,2,0,2
S00124476,31,30,1,0,1
S00124477,35,34,1,0,1
S00124478,64,63,1,0,1
S00124479,80,80,0,0,0
S00124480,44,44,0,0,0
S00124481,36,36,0,0,0
S00124482,45,44,1,0,1
S00124483,36,36,0,0,0
S00124484,52,52,0,0,0
S00124485,79,78,1,0,1
S00124486,77,76,1,0,1
S00124487,52,51,1,0,1
S00124488,53,50,3,0,3
S00124489,55,55,0,0,0
S00124490,26,26,0,0,0
S00124491,55,54,1,0,1
S00124492,57,54,3,0,3
S00124493,42,40,2,0,2
S00124494,53,52,1,0,1
S00124495,59,57,2,0,2
S00124496,53,53,0,0,0
S00124497,58,57,1,0,1
S00124498,63,61,2,0,2
S00124499,34,32,2,0,2
S00124500,64,63,1,0,1
S00124501,59,58,1,0,1
S00124502,76,74,2,0,2
S00124503,91,68,23,0,23
S00124504,34,34,0,0,0
S00124505,54,54,0,0,0
S00124506,64,64,0,0,0
S00124507,46,46,0,0,0
S00124508,42,41,1,0,1
S00124509,48,46,2,0,2
S00124510,41,41,0,0,0
S00124511,45,43,2,0,2
S00124512,86,82,4,0,4
S00124513,59,58,1,0,1
S00124514,56,56,0,0,0
S00124515,55,51,4,0,4
S00124516,48,43,5,0,5
S00124517,42,42,0,0,0
S00124518,79,75,4,1,3
S00124519,74,72,2,0,2
S00124520,54,54,0,0,0
S00124521,55,55,0,0,0
S00124522,51,50,1,0,1
S00124523,31,31,0,0,0
S00124524,58,56,2,0,2
S00124525,65,63,2,0,2
S00124526,65,60,5,0,5
S00124527,41,40,1,0,1
S00124528,42,42,0,0,0
S00124529,39,39,0,0,0
S00124530,42,40,2,0,2
S00124531,54,54,0,0,0
S00124532,46,45,1,0,1
S00124533,45,43,2,0,2
S00124534,74,74,0,0,0
S00124535,56,53,3,0,3
S00124536,50,50,0,0,0
S00124537,45,45,0,0,0
S00124538,42,40,2,0,2
S00124539,64,63,1,0,1
S00124540,57,57,0,0,0
S00124541,53,53,0,0,0
S00124542,45,44,1,0,1
S00124543,53,52,1,0,1
S00124544,51,49,2,0,2
S00124545,45,44,1,0,1
S00124546,60,59,1,0,1
S00124547,37,37,0,0,0
S00124548,58,58,0,0,0
S00124549,62,61,1,0,1
S00124550,42,42,0,0,0
S00124551,67,66,1,0,1
S00124552,70,69,1,0,1
S00124553,65,64,1,1,0
S00124554,66,65,1,0,1
S00124555,49,48,1,0,1
S00124556,77,76,1,1,0
S00124557,59,59,0,0,0
S00124558,71,69,2,0,2
S00124559,67,65,2,0,2
S00124560,61,60,1,0,1
S00124561,57,57,0,0,0
S00124562,56,56,0,0,0
S00124563,41,41,0,0,0
S00124564,38,38,0,0,0
S00124565,44,44,0,0,0
S00124566,41,40,1,0,1
S00124567,52,50,2,0,2
S00124568,45,45,0,0,0
S00124569,62,62,0,0,0
S00124570,40,40,0,0,0
S00124571,62,62,0,0,0
S00124572,56,56,0,0,0
S00124573,48,47,1,0,1
S00124574,56,56,0,0,0
S00124575,45,45,0,0,0
S00124576,72,69,3,0,3
S00124577,69,68,1,0,1
S00124578,67,66,1,0,1
S00124579,49,48,1,0,1
S00124580,45,45,0,0,0
S00124581,56,51,5,0,5
S00124582,43,41,2,0,2
S00124583,44,41,3,0,3
S00124584,64,64,0,0,0
S00124585,64,63,1,0,1
S00124586,67,66,1,0,1
S00124587,30,30,0,0,0
S00124588,60,59,1,0,1
S00124589,60,57,3,0,3
S00124590,43,41,2,0,2
S00124591,36,36,0,0,0
S00124592,47,46,1,0,1
S00124593,46,41,5,0,5
S00124594,49,48,1,0,1
S00124595,62,61,1,0,1
S00124596,53,53,0,0,0
S00124597,50,50,0,0,0
S00124598,41,40,1,0,1
S00124599,51,50,1,0,1
S00124600,52,51,1,0,1
S00124601,48,48,0,0,0
S00124602,50,49,1,0,1
S00124603,44,43,1,0,1
S00124604,39,36,3,0,3
S00124605,45,44,1,0,1
S00124606,74,71,3,0,3
S00124607,65,62,3,0,3
S00124608,26,26,0,0,0
S00124609,53,51,2,0,2
S00124610,75,70,5,0,5
S00124611,82,76,6,0,6
S00124612,39,38,1,0,1
S00124613,44,40,4,0,4
S00124614,75,73,2,0,2
S00124615,65,64,1,0,1
S00124616,45,45,0,0,0
S00124617,37,36,1,0,1
S00124618,83,82,1,0,1
S00124619,47,46,1,0,1
S00124620,64,62,2,0,2
S00124621,47,45,2,0,2
S00124622,37,37,0,0,0
S00124623,44,43,1,0,1
S00124624,65,63,2,0,2
S00124625,50,49,1,0,1
S00124626,46,46,0,0,0
S00124627,48,47,1,1,0
S00124628,65,65,0,0,0
S00124629,47,47,0,0,0
S00124630,42,42,0,0,0
S00124631,74,73,1,0,1
S00124632,42,41,1,0,1
S00124633,51,51,0,0,0
S00124634,50,48,2,0,2
S00124635,55,52,3,0,3
S00124636,48,45,3,0,3
S00124637,29,27,2,0,2
S00124638,80,77,3,0,3
S00124639,58,57,1,0,1
S00124640,58,55,3,0,3
S00124641,46,43,3,0,3
S00124642,41,39,2,0,2
S00124643,48,48,0,0,0
S00124644,46,44,2,0,2
S00124645,74,72,2,0,2
S00124646,50,50,0,0,0
S00124647,47,46,1,0,1
S00124648,58,57,1,0,1
S00124649,62,61,1,0,1
S00124650,40,39,1,0,1
S00124651,51,49,2,0,2
S00124652,47,44,3,0,3
S00124653,47,45,2,0,2
S00124654,47,45,2,0,2
S00124655,51,51,0,0,0
S00124656,34,33,1,0,1
S00124657,48,48,0,0,0
S00124658,72,71,1,0,1
S00124659,51,50,1,0,1
S00124660,56,55,1,0,1
S00124661,46,46,0,0,0
S00124662,48,46,2,0,2
S00124663,61,56,5,0,5
S00124664,72,72,0,0,0
S00124665,67,67,0,0,0
S00124666,85,85,0,0,0
S00124667,66,66,0,0,0
S00124668,42,42,0,0,0
S00124669,63,62,1,0,1
S00124670,45,45,0,0,0
S00124671,66,64,2,0,2
S00124672,79,77,2,0,2
S00124673,53,50,3,0,3
S00124674,74,72,2,1,1
S00124675,70,68,2,0,2
S00124676,66,64,2,0,2
S00124677,40,39,1,0,1
S00124678,47,35,12,0,12
S00124679,65,61,4,0,4
S00124680,50,46,4,0,4
S00124681,43,42,1,0,1
S00124682,73,69,4,0,4
S00124683,47,46,1,0,1
S00124684,72,71,1,0,1
S00124685,57,56,1,0,1
S00124686,52,51,1,0,1
S00124687,71,70,1,0,1
S00124688,48,46,2,0,2
S00124689,36,32,4,0,4
S00124690,44,41,3,0,3
S00124691,75,73,2,0,2
S00124692,57,57,0,0,0
S00124693,60,60,0,0,0
S00124694,25,21,4,0,4
S00124695,42,39,3,0,3
S00124696,49,48,1,0,1
S00124697,49,48,1,0,1
S00124698,64,60,4,0,4
S00124699,62,62,0,0,0
S00124700,69,64,5,0,5
S00124701,62,62,0,0,0
S00124702,65,62,3,0,3
S00124703,63,63,0,0,0
S00124704,83,78,5,0,5
S00124705,68,66,2,0,2
S00124706,46,46,0,0,0
S00124707,45,45,0,0,0
S00124708,50,50,0,0,0
S00124709,84,84,0,0,0
S00124710,34,32,2,1,1
S00124711,77,77,0,0,0
S00124712,68,68,0,0,0
S00124713,71,70,1,0,1
S00124714,47,47,0,0,0
S00124715,52,52,0,0,0
S00124716,61,61,0,0,0
S00124717,50,50,0,0,0
S00124718,70,70,0,0,0
S00124719,46,45,1,0,1
S00124720,63,60,3,0,3
S00124721,73,73,0,0,0
S00124722,60,60,0,0,0
S00124723,59,58,1,0,1
S00124724,43,42,1,1,0
S00124725,36,36,0,0,0
S00124726,78,76,2,0,2
S00124727,48,46,2,0,2
S00124728,46,45,1,0,1
S00124729,73,73,0,0,0
S00124730,69,69,0,0,0
S00124731,77,76,1,0,1
S00124732,66,65,1,0,1
S00124733,62,59,3,0,3
S00124734,71,70,1,0,1
S00124735,78,78,0,0,0
S00124736,55,55,0,0,0
S00124737,37,37,0,0,0
S00124738,54,50,4,0,4
S00124739,49,49,0,0,0
S00124740,53,53,0,0,0
S00124741,91,82,9,0,9
S00124742,58,53,5,0,5
S00124743,69,67,2,0,2
S00124744,73,73,0,0,0
S00124745,58,58,0,0,0
S00124746,63,62,1,0,1
S00124747,51,51,0,0,0
S00124748,44,43,1,0,1
S00124749,75,72,3,1,2
S00124750,60,60,0,0,0
S00124751,48,48,0,0,0
S00124752,50,49,1,0,1
S00124753,44,44,0,0,0
S00124754,34,34,0,0,0
S00124755,44,43,1,0,1
S00124756,78,77,1,0,1
S00124757,64,62,2,0,2
S00124758,84,74,10,0,10
S00124759,61,61,0,0,0
S00124760,49,49,0,0,0
S00124761,50,49,1,0,1
S00124762,54,53,1,0,1
S00124763,52,50,2,0,2
S00124764,45,43,2,0,2
S00124765,41,38,3,0,3
S00124766,44,42,2,0,2
S00124767,50,49,1,0,1
S00124768,58,57,1,0,1
S00124769,42,40,2,0,2
S00124770,63,63,0,0,0
S00124771,43,42,1,0,1
S00124772,43,43,0,0,0
S00124773,46,46,0,0,0
S00124774,45,44,1,0,1
S00124775,46,45,1,0,1
S00124776,40,38,2,0,2
S00124777,37,35,2,0,2
S00124778,45,45,0,0,0
S00124779,35,35,0,0,0
S00124780,75,75,0,0,0
S00124781,45,44,1,0,1
S00124782,81,80,1,0,1
S00124783,29,29,0,0,0
S00124784,56,53,3,0,3
S00124785,88,81,7,0,7
S00124786,63,62,1,0,1
S00124787,59,58,1,0,1
S00124788,45,43,2,0,2
S00124789,30,30,0,0,0
S00124790,52,51,1,0,1
S00124791,70,69,1,0,1
S00124792,57,57,0,0,0
S00124793,48,47,1,0,1
S00124794,53,53,0,0,0
S00124795,53,53,0,0,0
S00124796,44,43,1,0,1
S00124797,68,68,0,0,0
S00124798,66,65,1,0,1
S00124799,27,27,0,0,0
S00124800,41,41,0,0,0
S00124801,50,44,6,0,6
S00124802,49,49,0,0,0
S00124803,58,57,1,0,1
S00124804,50,50,0,0,0
S00124805,75,67,8,0,8
S00124806,50,49,1,0,1
S00124807,32,31,1,0,1
S00124808,70,69,1,0,1
S00124809,74,74,0,0,0
S00124810,70,69,1,0,1
S00124811,57,57,0,0,0
S00124812,42,42,0,0,0
S00124813,41,41,0,0,0
S00124814,47,46,1,0,1
S00124815,39,38,1,0,1
S00124816,40,39,1,0,1
S00124817,73,73,0,0,0
S00124818,30,30,0,0,0
S00124819,51,51,0,0,0
S00124820,65,65,0,0,0
S00124821,56,53,3,0,3
S00124822,40,39,1,0,1
S00124823,65,61,4,0,4
S00124824,46,45,1,0,1
S00124825,44,38,6,0,6
S00124826,71,68,3,0,3
S00124827,65,59,6,0,6
S00124828,43,42,1,0,1
S00124829,62,60,2,0,2
S00124830,74,70,4,0,4
S00124831,62,61,1,0,1
S00124832,42,42,0,0,0
S00124833,44,44,0,0,0
S00124834,47,46,1,0,1
S00124835,41,38,3,0,3
S00124836,38,37,1,0,1
S00124837,77,77,0,0,0
S00124838,75,75,0,0,0
S00124839,34,33,1,0,1
S00124840,46,45,1,0,1
S00124841,54,54,0,0,0
S00124842,37,37,0,0,0
S00124843,65,65,0,0,0
S00124844,46,46,0,0,0
S00124845,43,43,0,0,0
S00124846,43,43,0,0,0
S00124847,49,48,1,0,1
S00124848,72,66,6,0,6
S00124849,54,54,0,0,0
S00124850,69,68,1,0,1
S00124851,41,41,0,0,0
S00124852,38,38,0,0,0
S00124853,76,76,0,0,0
S00124854,66,66,0,0,0
S00124855,39,39,0,0,0
S00124856,65,65,0,0,0
S00124857,82,75,7,1,6
S00124858,84,79,5,0,5
S00124859,47,45,2,0,2
S00124860,55,54,1,0,1
S00124861,53,52,1,0,1
S00124862,37,36,1,0,1
S00124863,50,47,3,0,3
S00124864,56,55,1,0,1
S00124865,38,37,1,0,1
S00124866,77,75,2,0,2
S00124867,52,46,6,0,6
S00124868,75,74,1,0,1
S00124869,78,77,1,0,1
S00124870,85,83,2,0,2
S00124871,49,49,0,0,0
S00124872,59,58,1,0,1
S00124873,50,47,3,0,3
S00124874,49,49,0,0,0
S00124875,46,46,0,0,0
S00124876,59,59,0,0,0
S00124877,76,76,0,0,0
S00124878,50,48,2,0,2
S00124879,56,55,1,0,1
S00124880,75,75,0,0,0
S00124881,59,57,2,0,2
S00124882,75,75,0,0,0
S00124883,72,71,1,0,1
S00124884,72,72,0,0,0
S00124885,52,51,1,0,1
S00124886,64,64,0,0,0
S00124887,80,76,4,0,4
S00124888,61,61,0,0,0
S00124889,82,82,0,0,0
S00124890,57,56,1,0,1
S00124891,65,65,0,0,0
S00124892,66,64,2,0,2
S00124893,44,44,0,0,0
S00124894,44,43,1,0,1
S00124895,66,66,0,0,0
S00124896,61,61,0,0,0
S00124897,40,40,0,0,0
S00124898,57,56,1,0,1
S00124899,66,65,1,0,1
S00124900,55,54,1,0,1
S00124901,40,40,0,0,0
S00124902,38,38,0,0,0
S00124903,71,71,0,0,0
S00124904,74,72,2,0,2
S00124905,47,47,0,0,0
S00124906,34,31,3,0,3
S00124907,51,51,0,0,0
S00124908,68,68,0,0,0
S00124909,62,62,0,0,0
S00124910,66,66,0,0,0
S00124911,60,60,0,0,0
S00124912,74,74,0,0,0
S00124913,42,42,0,0,0
S00124914,53,53,0,0,0
S00124915,33,31,2,0,2
S00124916,46,46,0,0,0
S00124917,43,43,0,0,0
S00124918,41,41,0,0,0
S00124919,52,52,0,0,0
S00124920,54,54,0,0,0
S00124921,51,50,1,0,1
S00124922,42,42,0,0,0
S00124923,42,42,0,0,0
S00124924,73,73,0,0,0
S00124925,47,46,1,0,1
S00124926,67,66,1,0,1
S00124927,66,66,0,0,0
S00124928,65,64,1,0,1
S00124929,72,71,1,0,1
S00124930,59,57,2,0,2
S00124931,53,53,0,0,0
S00124932,43,43,0,0,0
S00124933,79,77,2,0,2
S00124934,61,61,0,0,0
S00124935,50,50,0,0,0
S00124936,40,40,0,0,0
S00124937,39,37,2,0,2
S00124938,73,73,0,0,0
S00124939,57,56,1,0,1
S00124940,49,49,0,0,0
S00124941,52,51,1,0,1
S00124942,46,46,0,0,0
S00124943,47,47,0,0,0
S00124944,73,73,0,0,0
S00124945,70,70,0,0,0
S00124946,45,45,0,0,0
S00124947,45,45,0,0,0
S00124948,26,26,0,0,0
S00124949,30,30,0,0,0
S00124950,59,58,1,0,1
S00124951,48,48,0,0,0
S00124952,48,48,0,0,0
S00124953,44,44,0,0,0
S00124954,60,60,0,0,0
S00124955,50,50,0,0,0
S00124956,49,49,0,0,0
S00124957,49,49,0,0,0
S00124958,50,50,0,0,0
S00124959,48,48,0,0,0
S00124960,40,40,0,0,0
S00124961,57,57,0,0,0
S00124962,62,62,0,0,0
S00124963,61,61,0,0,0
S00124964,74,74,0,0,0
S00124965,59,59,0,0,0
S00124966,74,73,1,0,1
S00124967,62,62,0,0,0
S00124968,43,42,1,0,1
S00124969,69,68,1,0,1
S00124970,70,69,1,0,1
S00124971,57,57,0,0,0
S00124972,49,49,0,0,0
S00124973,45,45,0,0,0
S00124974,56,56,0,0,0
S00124975,50,46,4,0,4
S00124976,39,39,0,0,0
S00124977,77,75,2,0,2
S00124978,47,47,0,0,0
S00124979,60,59,1,0,1
S00124980,49,49,0,0,0
S00124981,56,56,0,0,0
S00124982,40,40,0,0,0
S00124983,45,44,1,0,1
S00124984,40,39,1,0,1
S00124985,64,63,1,0,1
S00124986,61,57,4,0,4
S00124987,43,43,0,0,0
S00124988,67,67,0,0,0
S00124989,57,56,1,0,1
S00124990,74,73,1,0,1
S00124991,61,61,0,0,0
S00124992,48,48,0,0,0
S00124993,70,70,0,0,0
S00124994,72,71,1,0,1
S00124995,49,49,0,0,0
S00124996,78,74,4,0,4
S00124997,86,85,1,0,1
S00124998,48,48,0,0,0
S00124999,47,47,0,0,0
S00125000,45,45,0,0,0
S00125001,62,62,0,0,0
S00125002,69,69,0,0,0
S00125003,63,63,0,0,0
S00125004,47,47,0,0,0
S00125005,54,54,0,0,0
S00125006,42,42,0,0,0
S00125007,33,32,1,0,1
S00125008,41,41,0,0,0
S00125009,55,55,0,0,0
S00125010,40,40,0,0,0
S00125011,58,58,0,0,0
S00125012,69,69,0,0,0
S00125013,71,71,0,0,0
S00125014,52,52,0,0,0
S00125015,70,69,1,0,1
S00125016,51,50,1,0,1
S00125017,39,38,1,0,1
S00125018,44,44,0,0,0
S00125019,54,54,0,0,0
S00125020,67,67,0,0,0
S00125021,56,55,1,0,1
S00125022,53,53,0,0,0
S00125023,69,69,0,0,0
S00125024,50,49,1,0,1
S00125025,80,77,3,0,3
S00125026,72,70,2,0,2
S00125027,75,74,1,0,1
S00125028,41,41,0,0,0
S00125029,40,38,2,0,2
S00125030,41,40,1,0,1
S00125031,76,76,0,0,0
S00125032,63,62,1,0,1
S00125033,53,52,1,0,1
S00125034,77,76,1,0,1
S00125035,64,64,0,0,0
S00125036,50,49,1,0,1
S00125037,47,40,7,0,7
S00125038,51,51,0,0,0
S00125039,74,73,1,0,1
S00125040,63,62,1,0,1
S00125041,76,74,2,0,2
S00125042,67,66,1,0,1
S00125043,45,45,0,0,0
S00125044,74,71,3,0,3
S00125045,63,63,0,0,0
S00125046,42,41,1,0,1
S00125047,69,67,2,0,2
S00125048,39,38,1,0,1
S00125049,44,44,0,0,0
S00125050,64,64,0,0,0
S00125051,64,59,5,1,4
S00125052,63,63,0,0,0
S00125053,58,58,0,0,0
S00125054,51,50,1,0,1
S00125055,46,46,0,0,0
S00125056,51,51,0,0,0
S00125057,39,38,1,0,1
S00125058,61,61,0,0,0
S00125059,50,48,2,0,2
S00125060,55,51,4,0,4
S00125061,64,60,4,0,4
S00125062,54,52,2,0,2
S00125063,62,58,4,0,4
S00125064,66,61,5,0,5
S00125065,43,41,2,0,2
S00125066,47,46,1,0,1
S00125067,56,53,3,0,3
S00125068,44,42,2,1,1
S00125069,44,39,5,1,4
S00125070,58,57,1,0,1
S00125071,49,49,0,0,0
S00125072,40,39,1,0,1
S00125073,49,49,0,0,0
S00125074,54,54,0,0,0
S00125075,57,57,0,0,0
S00125076,36,36,0,0,0
S00125077,53,53,0,0,0
S00125078,49,49,0,0,0
S00125079,82,82,0,0,0
S00125080,63,63,0,0,0
S00125081,44,44,0,0,0
S00125082,31,27,4,1,3
S00125083,57,57,0,0,0
S00125084,32,32,0,0,0
S00125085,63,62,1,0,1
S00125086,46,46,0,0,0
S00125087,42,42,0,0,0
S00125088,45,44,1,0,1
S00125089,58,55,3,0,3
S00125090,54,54,0,0,0
S00125091,39,36,3,0,3
S00125092,43,42,1,0,1
S00125093,50,50,0,0,0
S00125094,69,69,0,0,0
S00125095,39,38,1,0,1
S00125096,45,45,0,0,0
S00125097,52,50,2,0,2
S00125098,38,38,0,0,0
S00125099,60,60,0,0,0
S00125100,75,73,2,0,2
S00125101,36,35,1,0,1
S00125102,32,32,0,0,0
S00125103,72,71,1,0,1
S00125104,30,30,0,0,0
S00125105,28,27,1,0,1
S00125106,30,30,0,0,0
S00125107,73,71,2,0,2
S00125108,31,31,0,0,0
S00125109,66,65,1,0,1
S00125110,62,55,7,0,7
S00125111,58,57,1,0,1
S00125112,67,66,1,1,0
S00125113,22,22,0,0,0
S00125114,38,38,0,0,0
S00125115,33,33,0,0,0
S00125116,44,43,1,0,1
S00125117,46,44,2,0,2
S00125118,47,43,4,0,4
S00125119,48,47,1,0,1
S00125120,33,33,0,0,0
S00125121,25,24,1,0,1
S00125122,45,45,0,0,0
S00125123,35,35,0,0,0
S00125124,30,29,1,0,1
S00125125,22,22,0,0,0
S00125126,54,52,2,0,2
S00125127,37,37,0,0,0
S00125128,40,39,1,0,1
S00125129,68,68,0,0,0
S00125130,39,39,0,0,0
S00125131,40,39,1,0,1
S00125132,58,55,3,0,3
S00125133,26,26,0,0,0
S00125134,50,49,1,0,1
S00125135,53,51,2,0,2
S00125136,44,44,0,0,0
S00125137,34,32,2,0,2
S00125138,36,36,0,0,0
S00125139,43,43,0,0,0
S00125140,54,54,0,0,0
S00125141,41,41,0,0,0
S00125142,53,52,1,0,1
S00125143,45,45,0,0,0
S00125144,34,32,2,0,2
S00125145,68,52,16,0,16
S00125146,38,38,0,0,0
S00125147,65,65,0,0,0
S00125148,48,45,3,0,3
S00125149,49,46,3,0,3
S00125150,28,25,3,0,3
S00125151,48,48,0,0,0
S00125152,36,35,1,0,1
S00125153,49,43,6,0,6
S00125154,75,75,0,0,0
S00125155,42,42,0,0,0
S00125156,32,32,0,0,0
S00125157,70,68,2,0,2
S00125158,48,48,0,0,0
S00125159,48,46,2,0,2
S00125160,50,49,1,0,1
S00125161,43,42,1,0,1
S00125162,48,47,1,0,1
S00125163,42,42,0,0,0
S00125164,53,50,3,0,3
S00125165,68,63,5,0,5
S00125166,50,49,1,0,1
S00125167,45,44,1,0,1
S00125168,36,36,0,0,0
S00125169,42,41,1,0,1
S00125170,28,27,1,0,1
S00125171,58,57,1,0,1
S00125172,53,51,2,0,2
S00125173,74,72,2,0,2
S00125174,77,77,0,0,0
S00125175,40,38,2,0,2
S00125176,46,45,1,0,1
S00125177,27,27,0,0,0
S00125178,41,40,1,0,1
S00125179,52,52,0,0,0
S00125180,43,42,1,0,1
S00125181,43,43,0,0,0
S00125182,47,46,1,0,1
S00125183,44,43,1,0,1
S00125184,28,28,0,0,0
S00125185,28,27,1,0,1
S00125186,25,23,2,0,2
S00125187,63,61,2,0,2
S00125188,47,47,0,0,0
S00125189,63,63,0,0,0
S00125190,30,29,1,0,1
S00125191,44,43,1,0,1
S00125192,48,47,1,0,1
S00125193,47,46,1,0,1
S00125194,50,49,1,0,1
S00125195,27,26,1,0,1
S00125196,40,37,3,0,3
S00125197,37,37,0,0,0
S00125198,43,42,1,0,1
S00125199,33,33,0,0,0
S00125200,37,37,0,0,0
S00125201,34,33,1,0,1
S00125202,21,21,0,0,0
S00125203,45,45,0,0,0
S00125204,37,37,0,0,0
S00125205,30,27,3,0,3
S00125206,35,35,0,0,0
S00125207,69,68,1,1,0
S00125208,51,51,0,0,0
S00125209,46,46,0,0,0
S00125210,58,58,0,0,0
S00125211,43,40,3,0,3
S00125212,40,40,0,0,0
S00125213,42,42,0,0,0
S00125214,40,40,0,0,0
S00125215,61,61,0,0,0
S00125216,43,42,1,0,1
S00125217,62,61,1,0,1
S00125218,61,60,1,0,1
S00125219,53,51,2,0,2
S00125220,64,62,2,0,2
S00125221,24,24,0,0,0
S00125222,56,55,1,0,1
S00125223,30,30,0,0,0
S00125224,49,46,3,0,3
S00125225,42,38,4,1,3
S00125226,53,53,0,0,0
S00125227,56,55,1,0,1
S00125228,67,67,0,0,0
S00125229,62,62,0,0,0
S00125230,36,36,0,0,0
S00125231,60,60,0,0,0
S00125232,45,45,0,0,0
S00125233,80,77,3,0,3
S00125234,76,75,1,0,1
S00125235,30,30,0,0,0
S00125236,24,24,0,0,0
S00125237,40,40,0,0,0
S00125238,33,32,1,0,1
S00125239,27,27,0,0,0
S00125240,39,37,2,0,2
S00125241,64,63,1,0,1
S00125242,61,60,1,0,1
S00125243,48,47,1,0,1
S00125244,37,33,4,0,4
S00125245,43,42,1,0,1
S00125246,79,77,2,0,2
S00125247,30,30,0,0,0
S00125248,52,50,2,0,2
S00125249,38,38,0,0,0
S00125250,79,77,2,0,2
S00125251,41,40,1,0,1
S00125252,78,77,1,0,1
S00125253,61,61,0,0,0
S00125254,49,49,0,0,0
S00125255,40,40,0,0,0
S00125256,35,35,0,0,0
S00125257,50,50,0,0,0
S00125258,80,76,4,0,4
S00125259,84,69,15,0,15
S00125260,71,66,5,0,5
S00125261,86,76,10,0,10
S00125262,54,51,3,0,3
S00125263,42,39,3,0,3
S00125264,54,52,2,0,2
S00125265,32,30,2,0,2
S00125266,28,27,1,0,1
S00125267,43,42,1,0,1
S00125268,54,54,0,0,0
S00125269,91,71,20,0,20
S00125270,44,44,0,0,0
S00125271,41,39,2,1,1
S00125272,36,35,1,0,1
S00125273,57,57,0,0,0
S00125274,61,59,2,0,2
S00125275,25,25,0,0,0
S00125276,23,23,0,0,0
S00125277,66,66,0,0,0
S00125278,37,37,0,0,0
S00125279,62,62,0,0,0
S00125280,59,59,0,0,0
S00125281,29,28,1,0,1
S00125282,34,34,0,0,0
S00125283,48,47,1,0,1
S00125284,63,61,2,0,2
S00125285,39,39,0,0,0
S00125286,22,22,0,0,0
S00125287,60,60,0,0,0
S00125288,39,38,1,0,1
S00125289,61,60,1,0,1
S00125290,36,35,1,0,1
S00125291,64,62,2,0,2
S00125292,36,35,1,0,1
S00125293,54,53,1,0,1
S00125294,82,79,3,0,3
S00125295,48,46,2,0,2
S00125296,37,34,3,0,3
S00125297,59,59,0,0,0
S00125298,28,27,1,0,1
S00125299,64,61,3,0,3
S00125300,64,60,4,0,4
S00125301,35,34,1,0,1
S00125302,69,65,4,0,4
S00125303,44,43,1,0,1
S00125304,45,45,0,0,0
S00125305,61,56,5,0,5
S00125306,58,57,1,0,1
S00125307,50,49,1,0,1
S00125308,54,54,0,0,0
S00125309,53,45,8,1,7
S00125310,62,53,9,0,9
S00125311,68,68,0,0,0
S00125312,49,48,1,0,1
S00125313,57,56,1,0,1
S00125314,47,47,0,0,0
S00125315,58,58,0,0,0
S00125316,49,47,2,0,2
S00125317,58,54,4,0,4
S00125318,49,43,6,0,6
S00125319,48,43,5,0,5
S00125320,57,53,4,0,4
S00125321,57,53,4,0,4
S00125322,48,46,2,0,2
S00125323,57,57,0,0,0
S00125324,49,49,0,0,0
S00125325,58,57,1,0,1
S00125326,48,46,2,0,2
S00125327,58,57,1,0,1
S00125328,47,39,8,0,8
S00125329,64,64,0,0,0
S00125330,37,37,0,0,0
S00125331,34,33,1,0,1
S00125332,59,59,0,0,0
S00125333,27,27,0,0,0
S00125334,61,60,1,0,1
S00125335,56,55,1,0,1
S00125336,27,27,0,0,0
S00125337,57,56,1,0,1
S00125338,36,34,2,0,2
S00125339,31,31,0,0,0
S00125340,64,64,0,0,0
S00125341,38,38,0,0,0
S00125342,49,49,0,0,0
S00125343,40,40,0,0,0
S00125344,47,47,0,0,0
S00125345,53,53,0,0,0
S00125346,34,34,0,0,0
S00125347,57,55,2,0,2
S00125348,37,34,3,0,3
S00125349,31,30,1,0,1
S00125350,57,57,0,0,0
S00125351,51,49,2,0,2
S00125352,35,35,0,0,0
S00125353,33,31,2,0,2
S00125354,51,50,1,0,1
S00125355,62,60,2,0,2
S00125356,27,27,0,0,0
S00125357,55,55,0,0,0
S00125358,36,36,0,0,0
S00125359,61,61,0,0,0
S00125360,27,27,0,0,0
S00125361,32,29,3,0,3
S00125362,58,57,1,0,1
S00125363,22,22,0,0,0
S00125364,73,73,0,0,0
S00125365,66,66,0,0,0
S00125366,29,29,0,0,0
S00125367,62,61,1,0,1
S00125368,36,34,2,0,2
S00125369,47,47,0,0,0
S00125370,57,57,0,0,0
S00125371,61,61,0,0,0
S00125372,42,41,1,0,1
S00125373,32,32,0,0,0
S00125374,67,67,0,0,0
S00125375,78,78,0,0,0
S00125376,34,33,1,0,1
S00125377,53,50,3,1,2
S00125378,66,63,3,0,3
S00125379,73,70,3,0,3
S00125380,35,34,1,0,1
S00125381,86,83,3,0,3
S00125382,69,68,1,0,1
S00125383,63,60,3,1,2
S00125384,57,56,1,0,1
S00125385,89,80,9,0,9
S00125386,71,66,5,0,5
S00125387,83,83,0,0,0
S00125388,125,125,0,0,0
S00125389,23,23,0,0,0
S00125390,38,38,0,0,0
S00125391,42,42,0,0,0
S00125392,42,40,2,0,2
S00125393,64,64,0,0,0
S00125394,55,54,1,0,1
S00125395,37,37,0,0,0
S00125396,45,45,0,0,0
S00125397,69,69,0,0,0
S00125398,54,54,0,0,0
S00125399,51,51,0,0,0
S00125400,83,78,5,0,5
S00125401,41,40,1,0,1
S00125402,60,60,0,0,0
S00125403,54,54,0,0,0
S00125404,75,74,1,0,1
S00125405,47,44,3,0,3
S00125406,46,44,2,0,2
S00125407,49,48,1,0,1
S00125408,59,58,1,0,1
S00125409,27,27,0,0,0
S00125410,67,65,2,0,2
S00125411,55,53,2,0,2
S00125412,52,49,3,0,3
S00125413,49,48,1,0,1
S00125414,54,50,4,0,4
S00125415,78,76,2,0,2
S00125416,84,84,0,0,0
S00125417,24,24,0,0,0
S00125418,40,40,0,0,0
S00125419,45,43,2,0,2
S00125420,36,35,1,0,1
S00125421,81,79,2,0,2
S00125422,39,38,1,0,1
S00125423,51,51,0,0,0
S00125424,27,27,0,0,0
S00125425,67,67,0,0,0
S00125426,82,80,2,0,2
S00125427,60,60,0,0,0
S00125428,54,54,0,0,0
S00125429,69,68,1,0,1
S00125430,61,61,0,0,0
S00125431,25,25,0,0,0
S00125432,54,54,0,0,0
S00125433,57,55,2,1,1
S00125434,46,46,0,0,0
S00125435,44,44,0,0,0
S00125436,60,60,0,0,0
S00125437,41,41,0,0,0
S00125438,56,56,0,0,0
S00125439,60,54,6,1,5
S00125440,59,59,0,0,0
S00125441,35,35,0,0,0
S00125442,40,40,0,0,0
S00125443,51,51,0,0,0
S00125444,57,56,1,0,1
S00125445,36,35,1,0,1
S00125446,35,33,2,0,2
S00125447,53,52,1,0,1
S00125448,41,40,1,0,1
S00125449,53,53,0,0,0
S00125450,49,49,0,0,0
S00125451,38,36,2,0,2
S00125452,47,46,1,0,1
S00125453,38,37,1,0,1
S00125454,38,38,0,0,0
S00125455,58,58,0,0,0
S00125456,72,72,0,0,0
S00125457,37,37,0,0,0
S00125458,40,38,2,0,2
S00125459,42,42,0,0,0
S00125460,64,62,2,0,2
S00125461,40,40,0,0,0
S00125462,83,80,3,0,3
S00125463,48,47,1,0,1
S00125464,57,54,3,0,3
S00125465,44,42,2,0,2
S00125466,79,77,2,0,2
S00125467,31,30,1,0,1
S00125468,56,55,1,0,1
S00125469,39,37,2,0,2
S00125470,57,56,1,0,1
S00125471,46,46,0,0,0
S00125472,38,36,2,0,2
S00125473,73,72,1,0,1
S00125474,54,54,0,0,0
S00125475,54,53,1,0,1
S00125476,51,51,0,0,0
S00125477,58,57,1,0,1
S00125478,35,35,0,0,0
S00125479,36,35,1,0,1
S00125480,73,71,2,0,2
S00125481,37,37,0,0,0
S00125482,57,49,8,0,8
S00125483,55,54,1,0,1
S00125484,55,55,0,0,0
S00125485,41,39,2,0,2
S00125486,49,49,0,0,0
S00125487,42,42,0,0,0
S00125488,32,31,1,0,1
S00125489,61,61,0,0,0
S00125490,41,41,0,0,0
S00125491,42,42,0,0,0
S00125492,55,55,0,0,0
S00125493,40,40,0,0,0
S00125494,69,69,0,0,0
S00125495,79,79,0,0,0
S00125496,49,44,5,0,5
S00125497,60,60,0,0,0
S00125498,55,53,2,0,2
S00125499,47,43,4,0,4
S00125500,63,63,0,0,0
S00125501,64,62,2,0,2
S00125502,57,56,1,0,1
S00125503,43,43,0,0,0
S00125504,46,46,0,0,0
S00125505,56,56,0,0,0
S00125506,35,35,0,0,0
S00125507,72,71,1,0,1
S00125508,55,54,1,0,1
S00125509,42,41,1,0,1
S00125510,58,58,0,0,0
S00125511,70,70,0,0,0
S00125512,84,83,1,0,1
S00125513,40,40,0,0,0
S00125514,58,55,3,0,3
S00125515,57,56,1,0,1
S00125516,40,39,1,0,1
S00125517,57,56,1,0,1
S00125518,27,27,0,0,0
S00125519,88,87,1,0,1
S00125520,58,53,5,0,5
S00125521,54,48,6,0,6
S00125522,54,54,0,0,0
S00125523,52,50,2,0,2
S00125524,45,44,1,0,1
S00125525,54,54,0,0,0
S00125526,40,40,0,0,0
S00125527,33,33,0,0,0
S00125528,46,46,0,0,0
S00125529,46,46,0,0,0
S00125530,71,69,2,0,2
S00125531,62,62,0,0,0
S00125532,67,65,2,0,2
S00125533,36,36,0,0,0
S00125534,86,83,3,0,3
S00125535,38,38,0,0,0
S00125536,60,60,0,0,0
S00125537,55,53,2,0,2
S00125538,54,53,1,0,1
S00125539,44,44,0,0,0
S00125540,58,58,0,0,0
S00125541,74,73,1,0,1
S00125542,63,63,0,0,0
S00125543,48,47,1,0,1
S00125544,63,63,0,0,0
S00125545,48,46,2,0,2
S00125546,48,48,0,0,0
S00125547,68,67,1,0,1
S00125548,41,41,0,0,0
S00125549,55,55,0,0,0
S00125550,31,31,0,0,0
S00125551,58,58,0,0,0
S00125552,32,32,0,0,0
S00125553,24,21,3,0,3
S00125554,88,87,1,0,1
S00125555,36,35,1,0,1
S00125556,68,68,0,0,0
S00125557,61,58,3,0,3
S00125558,49,48,1,0,1
S00125559,61,58,3,1,2
S00125560,65,55,10,0,10
S00125561,43,43,0,0,0
S00125562,50,48,2,0,2
S00125563,49,49,0,0,0
S00125564,48,48,0,0,0
S00125565,59,58,1,0,1
S00125566,44,44,0,0,0
S00125567,72,70,2,0,2
S00125568,51,51,0,0,0
S00125569,50,49,1,0,1
S00125570,96,94,2,0,2
S00125571,29,28,1,0,1
S00125572,104,104,0,0,0
S00125573,36,36,0,0,0
S00125574,73,72,1,0,1
S00125575,75,72,3,0,3
S00125576,22,22,0,0,0
S00125577,68,66,2,0,2
S00125578,47,46,1,0,1
S00125579,53,53,0,0,0
S00125580,53,53,0,0,0
S00125581,50,50,0,0,0
S00125582,54,52,2,0,2
S00125583,71,70,1,0,1
S00125584,63,61,2,0,2
S00125585,72,72,0,0,0
S00125586,71,70,1,0,1
S00125587,63,63,0,0,0
S00125588,65,65,0,0,0
S00125589,50,48,2,1,1
S00125590,64,64,0,0,0
S00125591,49,48,1,0,1
S00125592,88,75,13,0,13
S00125593,73,66,7,0,7
S00125594,63,62,1,0,1
S00125595,47,47,0,0,0
S00125596,31,31,0,0,0
S00125597,63,62,1,0,1
S00125598,53,53,0,0,0
S00125599,63,63,0,0,0
S00125600,40,40,0,0,0
S00125601,33,32,1,0,1
S00125602,56,55,1,0,1
S00125603,55,51,4,0,4
S00125604,46,41,5,0,5
S00125605,49,48,1,0,1
S00125606,57,54,3,0,3
S00125607,49,39,10,0,10
S00125608,70,70,0,0,0
S00125609,35,28,7,0,7
S00125610,69,69,0,0,0
S00125611,36,35,1,0,1
S00125612,80,77,3,0,3
S00125613,44,44,0,0,0
S00125614,83,75,8,0,8
S00125615,55,55,0,0,0
S00125616,52,51,1,0,1
S00125617,58,57,1,0,1
S00125618,70,70,0,0,0
S00125619,51,51,0,0,0
S00125620,40,40,0,0,0
S00125621,54,54,0,0,0
S00125622,41,41,0,0,0
S00125623,35,35,0,0,0
S00125624,52,52,0,0,0
S00125625,56,54,2,0,2
S00125626,67,62,5,0,5
S00125627,44,41,3,0,3
S00125628,59,57,2,0,2
S00125629,42,40,2,0,2
S00125630,43,43,0,0,0
S00125631,44,44,0,0,0
S00125632,53,53,0,0,0
S00125633,49,48,1,0,1
S00125634,44,40,4,0,4
S00125635,50,50,0,0,0
S00125636,37,37,0,0,0
S00125637,35,35,0,0,0
S00125638,36,35,1,0,1
S00125639,48,48,0,0,0
S00125640,62,62,0,0,0
S00125641,63,61,2,0,2
S00125642,29,29,0,0,0
S00125643,60,59,1,0,1
S00125644,88,85,3,0,3
S00125645,34,32,2,0,2
S00125646,78,70,8,0,8
S00125647,48,46,2,0,2
S00125648,60,60,0,0,0
S00125649,60,59,1,0,1
S00125650,47,47,0,0,0
S00125651,47,47,0,0,0
S00125652,38,38,0,0,0
S00125653,56,53,3,0,3
S00125654,77,77,0,0,0
S00125655,51,51,0,0,0
S00125656,65,65,0,0,0
S00125657,60,59,1,0,1
S00125658,66,65,1,0,1
S00125659,50,48,2,0,2
S00125660,69,69,0,0,0
S00125661,69,68,1,0,1
S00125662,44,44,0,0,0
S00125663,46,45,1,0,1
S00125664,36,34,2,0,2
S00125665,45,45,0,0,0
S00125666,52,52,0,0,0
S00125667,71,69,2,0,2
S00125668,107,98,9,0,9
S00125669,50,49,1,0,1
S00125670,35,35,0,0,0
S00125671,55,53,2,1,1
S00125672,49,49,0,0,0
S00125673,65,64,1,1,0
S00125674,48,47,1,0,1
S00125675,42,41,1,0,1
S00125676,51,51,0,0,0
S00125677,43,43,0,0,0
S00125678,41,41,0,0,0
S00125679,39,39,0,0,0
S00125680,39,39,0,0,0
S00125681,38,38,0,0,0
S00125682,130,126,4,0,4
S00125683,40,40,0,0,0
S00125684,88,86,2,0,2
S00125685,67,65,2,0,2
S00125686,53,52,1,0,1
S00125687,49,47,2,0,2
S00125688,67,64,3,0,3
S00125689,52,52,0,0,0
S00125690,34,34,0,0,0
S00125691,44,44,0,0,0
S00125692,60,59,1,0,1
S00125693,72,71,1,0,1
S00125694,36,36,0,0,0
S00125695,69,62,7,0,7
S00125696,42,41,1,0,1
S00125697,46,46,0,0,0
S00125698,74,74,0,0,0
S00125699,23,23,0,0,0
S00125700,76,75,1,0,1
S00125701,41,41,0,0,0
S00125702,31,31,0,0,0
S00125703,60,60,0,0,0
S00125704,59,58,1,0,1
S00125705,45,45,0,0,0
S00125706,30,30,0,0,0
S00125707,67,66,1,0,1
S00125708,29,28,1,0,1
S00125709,30,30,0,0,0
S00125710,56,55,1,1,0
S00125711,63,63,0,0,0
S00125712,66,65,1,0,1
S00125713,45,41,4,0,4
S00125714,84,82,2,0,2
S00125715,48,48,0,0,0
S00125716,39,38,1,0,1
S00125717,35,34,1,0,1
S00125718,56,55,1,0,1
S00125719,84,79,5,0,5
S00125720,54,52,2,0,2
S00125721,34,34,0,0,0
S00125722,62,61,1,0,1
S00125723,43,41,2,0,2
S00125724,75,72,3,0,3
S00125725,69,67,2,0,2
S00125726,34,32,2,0,2
S00125727,62,60,2,0,2
S00125728,52,52,0,0,0
S00125729,27,27,0,0,0
S00125730,60,60,0,0,0
S00125731,38,37,1,0,1
S00125732,56,49,7,0,7
S00125733,33,31,2,0,2
S00125734,65,63,2,0,2
S00125735,60,60,0,0,0
S00125736,24,24,0,0,0
S00125737,56,55,1,1,0
S00125738,38,38,0,0,0
S00125739,67,66,1,0,1
S00125740,38,38,0,0,0
S00125741,66,65,1,0,1
S00125742,101,100,1,0,1
S00125743,51,50,1,0,1
S00125744,36,36,0,0,0
S00125745,36,36,0,0,0
S00125746,55,54,1,0,1
S00125747,52,50,2,0,2
S00125748,70,67,3,0,3
S00125749,37,35,2,0,2
S00125750,54,53,1,0,1
S00125751,67,67,0,0,0
S00125752,37,37,0,0,0
S00125753,44,44,0,0,0
S00125754,72,59,13,0,13
S00125755,35,33,2,0,2
S00125756,66,64,2,0,2
S00125757,28,28,0,0,0
S00125758,59,59,0,0,0
S00125759,54,54,0,0,0
S00125760,31,31,0,0,0
S00125761,64,63,1,0,1
S00125762,61,60,1,0,1
S00125763,66,65,1,0,1
S00125764,36,36,0,0,0
S00125765,30,30,0,0,0
S00125766,64,64,0,0,0
S00125767,36,36,0,0,0
S00125768,41,40,1,0,1
S00125769,42,42,0,0,0
S00125770,92,92,0,0,0
S00125771,58,58,0,0,0
S00125772,26,26,0,0,0
S00125773,72,72,0,0,0
S00125774,46,46,0,0,0
S00125775,49,48,1,0,1
S00125776,77,77,0,0,0
S00125777,43,43,0,0,0
S00125778,49,46,3,0,3
S00125779,33,33,0,0,0
S00125780,67,66,1,1,0
S00125781,70,68,2,1,1
S00125782,63,62,1,0,1
S00125783,68,68,0,0,0
S00125784,88,88,0,0,0
S00125785,22,22,0,0,0
S00125786,56,55,1,0,1
S00125787,26,26,0,0,0
S00125788,37,37,0,0,0
S00125789,96,94,2,0,2
S00125790,37,37,0,0,0
S00125791,57,57,0,0,0
S00125792,49,48,1,0,1
S00125793,65,65,0,0,0
S00125794,66,65,1,0,1
S00125795,64,63,1,0,1
S00125796,26,26,0,0,0
S00125797,66,66,0,0,0
S00125798,53,52,1,0,1
S00125799,68,66,2,0,2
S00125800,38,38,0,0,0
S00125801,51,51,0,0,0
S00125802,54,54,0,0,0
S00125803,72,72,0,0,0
S00125804,48,48,0,0,0
S00125805,48,47,1,0,1
S00125806,38,38,0,0,0
S00125807,45,45,0,0,0
S00125808,54,53,1,0,1
S00125809,46,46,0,0,0
S00125810,54,54,0,0,0
S00125811,40,40,0,0,0
S00125812,62,62,0,0,0
S00125813,32,32,0,0,0
S00125814,87,86,1,0,1
S00125815,55,55,0,0,0
S00125816,66,66,0,0,0
S00125817,33,30,3,0,3
S00125818,34,33,1,0,1
S00125819,69,69,0,0,0
S00125820,58,57,1,0,1
S00125821,40,39,1,0,1
S00125822,58,58,0,0,0
S00125823,37,37,0,0,0
S00125824,74,71,3,0,3
S00125825,61,59,2,0,2
S00125826,37,34,3,0,3
S00125827,49,47,2,0,2
S00125828,68,64,4,0,4
S00125829,26,26,0,0,0
S00125830,80,77,3,0,3
S00125831,38,36,2,0,2
S00125832,54,51,3,0,3
S00125833,53,49,4,0,4
S00125834,72,72,0,0,0
S00125835,41,41,0,0,0
S00125836,53,52,1,0,1
S00125837,53,53,0,0,0
S00125838,35,35,0,0,0
S00125839,44,44,0,0,0
S00125840,72,71,1,0,1
S00125841,35,35,0,0,0
S00125842,53,52,1,0,1
S00125843,55,54,1,0,1
S00125844,57,57,0,0,0
S00125845,29,29,0,0,0
S00125846,66,64,2,0,2
S00125847,34,31,3,0,3
S00125848,45,45,0,0,0
S00125849,42,42,0,0,0
S00125850,79,74,5,0,5
S00125851,67,65,2,0,2
S00125852,49,49,0,0,0
S00125853,71,69,2,0,2
S00125854,21,21,0,0,0
S00125855,63,63,0,0,0
S00125856,53,53,0,0,0
S00125857,78,78,0,0,0
S00125858,61,61,0,0,0
S00125859,53,53,0,0,0
S00125860,78,77,1,0,1
S00125861,31,31,0,0,0
S00125862,71,71,0,0,0
S00125863,33,32,1,0,1
S00125864,64,64,0,0,0
S00125865,66,66,0,0,0
S00125866,73,73,0,0,0
S00125867,33,33,0,0,0
S00125868,78,76,2,0,2
S00125869,30,30,0,0,0
S00125870,43,42,1,0,1
S00125871,46,45,1,0,1
S00125872,38,38,0,0,0
S00125873,58,55,3,0,3
S00125874,20,20,0,0,0
S00125875,61,61,0,0,0
S00125876,76,75,1,0,1
S00125877,49,49,0,0,0
S00125878,62,62,0,0,0
S00125879,49,48,1,0,1
S00125880,53,52,1,0,1
S00125881,36,36,0,0,0
S00125882,46,46,0,0,0
S00125883,61,61,0,0,0
S00125884,51,50,1,0,1
S00125885,42,42,0,0,0
S00125886,47,47,0,0,0
S00125887,37,37,0,0,0
S00125888,55,52,3,0,3
S00125889,78,77,1,0,1
S00125890,67,67,0,0,0
S00125891,48,46,2,0,2
S00125892,83,82,1,0,1
S00125893,44,44,0,0,0
S00125894,36,34,2,0,2
S00125895,80,77,3,0,3
S00125896,57,57,0,0,0
S00125897,97,96,1,0,1
S00125898,73,70,3,0,3
S00125899,36,36,0,0,0
S00125900,53,50,3,0,3
S00125901,65,63,2,0,2
S00125902,74,73,1,0,1
S00125903,59,59,0,0,0
S00125904,72,72,0,0,0
S00125905,45,45,0,0,0
S00125906,45,45,0,0,0
S00125907,32,32,0,0,0
S00125908,60,60,0,0,0
S00125909,52,52,0,0,0
S00125910,26,26,0,0,0
S00125911,40,36,4,1,3
S00125912,73,69,4,1,3
S00125913,56,56,0,0,0
S00125914,37,37,0,0,0
S00125915,62,62,0,0,0
S00125916,53,52,1,0,1
S00125917,32,31,1,0,1
S00125918,27,27,0,0,0
S00125919,45,42,3,1,2
S00125920,63,61,2,0,2
S00125921,61,58,3,1,2
S00125922,43,39,4,1,3
S00125923,55,52,3,3,0
S00125924,61,51,10,4,6
S00125925,58,48,10,0,10
S00125926,67,64,3,2,1
S00125927,69,64,5,2,3
S00125928,59,55,4,4,0
S00125929,43,40,3,1,2
S00125930,49,46,3,3,0
S00125931,45,42,3,2,1
S00125932,43,39,4,3,1
S00125933,52,47,5,4,1
S00125934,76,74,2,1,1
S00125935,82,72,10,8,2
S00125936,47,43,4,2,2
S00125937,45,41,4,4,0
S00125938,82,78,4,2,2
S00125939,48,34,14,9,5
S00125940,71,65,6,3,3
S00125941,73,67,6,0,6
S00125942,39,38,1,1,0
S00125943,59,52,7,2,5
S00125944,83,73,10,6,4
S00125945,64,61,3,1,2
S00125946,56,55,1,1,0
S00125947,106,104,2,1,1
S00125948,55,55,0,0,0
S00125949,36,36,0,0,0
S00125950,78,76,2,0,2
S00125951,60,58,2,0,2
S00125952,55,51,4,1,3
S00125953,40,38,2,2,0
S00125954,77,76,1,0,1
S00125955,43,38,5,1,4
S00125956,56,54,2,1,1
S00125957,79,75,4,2,2
S00125958,60,57,3,0,3
S00125959,74,69,5,1,4
S00125960,30,30,0,0,0
S00125961,62,59,3,0,3
S00125962,56,51,5,1,4
S00125963,63,58,5,2,3
S00125964,25,23,2,1,1
S00125965,38,37,1,0,1
S00125966,36,36,0,0,0
S00125967,58,57,1,0,1
S00125968,48,42,6,2,4
S00125969,71,69,2,1,1
S00125970,73,70,3,3,0
S00125971,27,26,1,0,1
S00125972,27,26,1,1,0
S00125973,49,46,3,0,3
S00125974,50,50,0,0,0
S00125975,53,46,7,3,4
S00125976,51,46,5,1,4
S00125977,41,38,3,1,2
S00125978,47,43,4,2,2
S00125979,55,49,6,3,3
S00125980,48,45,3,0,3
S00125981,71,64,7,4,3
S00125982,52,48,4,2,2
S00125983,68,61,7,3,4
S00125984,25,25,0,0,0
S00125985,56,53,3,0,3
S00125986,63,60,3,0,3
S00125987,64,58,6,0,6
S00125988,53,46,7,5,2
S00125989,74,69,5,3,2
S00125990,37,32,5,0,5
S00125991,83,75,8,2,6
S00125992,50,40,10,8,2
S00125993,45,41,4,4,0
S00125994,53,44,9,7,2
S00125995,48,44,4,2,2
S00125996,72,70,2,2,0
S00125997,58,53,5,3,2
S00125998,45,43,2,0,2
S00125999,44,44,0,0,0
S00126000,43,42,1,1,0
S00126001,50,47,3,1,2
S00126002,79,65,14,5,9
S00126003,40,34,6,1,5
S00126004,51,40,11,5,6
S00126005,66,59,7,3,4
S00126006,89,76,13,6,7
S00126007,49,46,3,0,3
S00126008,52,50,2,1,1
S00126009,48,45,3,1,2
S00126010,82,80,2,0,2
S00126011,60,60,0,0,0
S00126012,25,25,0,0,0
S00126013,50,50,0,0,0
S00126014,29,28,1,0,1
S00126015,51,51,0,0,0
S00126016,27,27,0,0,0
S00126017,53,38,15,0,15
S00126018,64,60,4,2,2
S00126019,67,64,3,0,3
S00126020,39,36,3,1,2
S00126021,67,59,8,5,3
S00126022,28,28,0,0,0
S00126023,37,31,6,0,6
S00126024,63,48,15,2,13
S00126025,33,30,3,0,3
S00126026,51,48,3,1,2
S00126027,57,53,4,1,3
S00126028,78,75,3,0,3
S00126029,62,60,2,1,1
S00126030,35,35,0,0,0
S00126031,64,61,3,0,3
S00126032,41,40,1,0,1
S00126033,56,56,0,0,0
S00126034,56,52,4,0,4
S00126035,71,68,3,0,3
S00126036,49,48,1,0,1
S00126037,60,58,2,0,2
S00126038,53,53,0,0,0
S00126039,44,43,1,0,1
S00126040,53,53,0,0,0
S00126041,59,59,0,0,0
S00126042,51,50,1,0,1
S00126043,68,67,1,0,1
S00126044,37,37,0,0,0
S00126045,82,81,1,0,1
S00126046,66,66,0,0,0
S00126047,54,52,2,0,2
S00126048,55,55,0,0,0
S00126049,38,38,0,0,0
S00126050,43,41,2,1,1
S00126051,53,48,5,2,3
S00126052,52,51,1,0,1
S00126053,38,36,2,2,0
S00126054,38,34,4,3,1
S00126055,35,31,4,3,1
S00126056,60,48,12,2,10
S00126057,50,50,0,0,0
S00126058,41,35,6,3,3
S00126059,44,39,5,4,1
S00126060,28,28,0,0,0
S00126061,43,43,0,0,0
S00126062,50,49,1,0,1
S00126063,65,60,5,3,2
S00126064,61,60,1,0,1
S00126065,41,41,0,0,0
S00126066,34,34,0,0,0
S00126067,59,57,2,1,1
S00126068,88,76,12,7,5
S00126069,70,57,13,1,12
S00126070,59,57,2,2,0
S00126071,66,63,3,1,2
S00126072,46,39,7,1,6
S00126073,49,46,3,0,3
S00126074,65,63,2,0,2
S00126075,62,58,4,1,3
S00126076,57,54,3,1,2
S00126077,64,62,2,0,2
S00126078,26,25,1,0,1
S00126079,67,64,3,1,2
S00126080,40,39,1,1,0
S00126081,67,64,3,1,2
S00126082,130,124,6,2,4
S00126083,75,70,5,0,5
S00126084,76,75,1,1,0
S00126085,67,64,3,1,2
S00126086,51,49,2,0,2
S00126087,52,50,2,0,2
S00126088,59,59,0,0,0
S00126089,62,62,0,0,0
S00126090,30,30,0,0,0
S00126091,58,56,2,0,2
S00126092,61,59,2,0,2
S00126093,33,33,0,0,0
S00126094,69,68,1,0,1
S00126095,56,54,2,1,1
S00126096,28,28,0,0,0
S00126097,58,58,0,0,0
S00126098,42,42,0,0,0
S00126099,50,42,8,7,1
S00126100,51,48,3,2,1
S00126101,67,63,4,0,4
S00126102,64,59,5,1,4
S00126103,62,53,9,7,2
S00126104,32,28,4,1,3
S00126105,56,56,0,0,0
S00126106,53,50,3,1,2
S00126107,51,47,4,3,1
S00126108,67,64,3,2,1
S00126109,60,57,3,0,3
S00126110,44,42,2,2,0
S00126111,46,43,3,0,3
S00126112,40,38,2,0,2
S00126113,74,71,3,0,3
S00126114,55,51,4,1,3
S00126115,53,49,4,0,4
S00126116,68,66,2,2,0
S00126117,80,75,5,1,4
S00126118,66,61,5,2,3
S00126119,69,66,3,1,2
S00126120,42,40,2,0,2
S00126121,40,38,2,2,0
S00126122,52,52,0,0,0
S00126123,38,38,0,0,0
S00126124,43,41,2,1,1
S00126125,38,37,1,0,1
S00126126,29,29,0,0,0
S00126127,23,21,2,0,2
S00126128,30,29,1,0,1
S00126129,77,75,2,0,2
S00126130,72,71,1,0,1
S00126131,38,37,1,0,1
S00126132,49,49,0,0,0
S00126133,31,30,1,0,1
S00126134,51,51,0,0,0
S00126135,41,34,7,5,2
S00126136,38,37,1,1,0
S00126137,69,61,8,3,5
S00126138,51,49,2,0,2
S00126139,46,42,4,1,3
S00126140,62,57,5,1,4
S00126141,52,51,1,0,1
S00126142,78,76,2,1,1
S00126143,46,46,0,0,0
S00126144,66,47,19,10,9
S00126145,27,25,2,1,1
S00126146,30,29,1,0,1
S00126147,81,77,4,1,3
S00126148,54,53,1,1,0
S00126149,54,51,3,2,1
S00126150,31,28,3,2,1
S00126151,68,66,2,0,2
S00126152,39,39,0,0,0
S00126153,65,60,5,2,3
S00126154,32,26,6,1,5
S00126155,32,27,5,1,4
S00126156,46,41,5,1,4
S00126157,42,37,5,0,5
S00126158,53,52,1,0,1
S00126159,57,57,0,0,0
S00126160,70,65,5,0,5
S00126161,93,91,2,0,2
S00126162,63,61,2,0,2
S00126163,31,31,0,0,0
S00126164,61,59,2,1,1
S00126165,59,58,1,0,1
S00126166,52,49,3,0,3
S00126167,67,62,5,3,2
S00126168,64,61,3,0,3
S00126169,62,60,2,0,2
S00126170,34,32,2,2,0
S00126171,63,59,4,1,3
S00126172,56,50,6,5,1
S00126173,35,32,3,2,1
S00126174,49,46,3,2,1
S00126175,83,76,7,6,1
S00126176,79,72,7,3,4
S00126177,54,53,1,0,1
S00126178,59,57,2,1,1
S00126179,33,32,1,1,0
S00126180,42,40,2,0,2
S00126181,31,31,0,0,0
S00126182,51,49,2,0,2
S00126183,43,40,3,3,0
S00126184,47,44,3,2,1
S00126185,48,45,3,0,3
S00126186,56,55,1,0,1
S00126187,62,60,2,0,2
S00126188,51,49,2,0,2
S00126189,64,64,0,0,0
S00126190,62,59,3,0,3
S00126191,44,41,3,1,2
S00126192,29,26,3,0,3
S00126193,52,45,7,4,3
S00126194,50,50,0,0,0
S00126195,62,54,8,3,5
S00126196,55,53,2,1,1
S00126197,63,61,2,1,1
S00126198,58,57,1,0,1
S00126199,36,35,1,1,0
S00126200,78,73,5,0,5
S00126201,35,35,0,0,0
S00126202,51,50,1,0,1
S00126203,61,54,7,1,6
S00126204,33,32,1,0,1
S00126205,31,31,0,0,0
S00126206,58,52,6,0,6
S00126207,126,55,71,62,9
S00126208,111,66,45,43,2
S00126209,74,66,8,4,4
S00126210,35,32,3,3,0
S00126211,51,44,7,1,6
S00126212,78,68,10,2,8
S00126213,42,36,6,0,6
S00126214,70,69,1,0,1
S00126215,27,22,5,3,2
S00126216,59,55,4,1,3
S00126217,39,38,1,0,1
S00126218,61,60,1,0,1
S00126219,64,41,23,23,0
S00126220,103,72,31,30,1
S00126221,39,26,13,11,2
S00126222,45,43,2,0,2
S00126223,27,26,1,1,0
S00126224,26,25,1,1,0
S00126225,81,73,8,4,4
S00126226,43,41,2,0,2
S00126227,37,37,0,0,0
S00126228,61,61,0,0,0
S00126229,60,58,2,2,0
S00126230,35,30,5,5,0
S00126231,36,29,7,6,1
S00126232,58,44,14,12,2
S00126233,45,38,7,5,2
S00126234,39,38,1,1,0
S00126235,40,29,11,10,1
S00126236,82,64,18,17,1
S00126237,56,54,2,0,2
S00126238,62,45,17,11,6
S00126239,50,39,11,9,2
S00126240,47,36,11,7,4
S00126241,54,48,6,6,0
S00126242,61,52,9,4,5
S00126243,51,45,6,4,2
S00126244,45,35,10,8,2
S00126245,87,61,26,24,2
S00126246,72,59,13,12,1
S00126247,47,45,2,0,2
S00126248,44,43,1,0,1
S00126249,46,45,1,1,0
S00126250,68,67,1,0,1
S00126251,43,31,12,11,1
S00126252,63,51,12,9,3
S00126253,49,48,1,1,0
S00126254,73,64,9,6,3
S00126255,73,46,27,23,4
S00126256,68,51,17,16,1
S00126257,28,22,6,4,2
S00126258,67,36,31,30,1
S00126259,73,51,22,21,1
S00126260,56,55,1,1,0
S00126261,44,41,3,3,0
S00126262,40,40,0,0,0
S00126263,44,43,1,0,1
S00126264,71,68,3,3,0
S00126265,78,74,4,3,1
S00126266,70,59,11,10,1
S00126267,49,45,4,1,3
S00126268,77,74,3,1,2
S00126269,55,54,1,1,0
S00126270,39,37,2,0,2
S00126271,42,40,2,1,1
S00126272,45,43,2,2,0
S00126273,53,53,0,0,0
S00126274,76,70,6,5,1
S00126275,40,40,0,0,0
S00126276,54,52,2,1,1
S00126277,55,38,17,0,17
S00126278,50,49,1,0,1
S00126279,60,53,7,7,0
S00126280,32,31,1,0,1
S00126281,39,32,7,0,7
S00126282,47,45,2,1,1
S00126283,53,42,11,4,7
S00126284,39,35,4,3,1
S00126285,60,56,4,1,3
S00126286,39,36,3,0,3
S00126287,70,66,4,0,4
S00126288,31,29,2,0,2
S00126289,59,26,33,32,1
S00126290,80,42,38,37,1
S00126291,55,31,24,24,0
S00126292,110,74,36,35,1
S00126293,35,30,5,4,1
S00126294,56,34,22,18,4
S00126295,100,69,31,30,1
S00126296,70,50,20,18,2
S00126297,74,65,9,8,1
S00126298,53,41,12,8,4
S00126299,55,46,9,7,2
S00126300,85,68,17,16,1
S00126301,66,56,10,9,1
S00126302,61,40,21,21,0
S00126303,58,39,19,19,0
S00126304,37,31,6,5,1
S00126305,57,47,10,8,2
S00126306,58,48,10,7,3
S00126307,114,52,62,61,1
S00126308,86,51,35,35,0
S00126309,87,70,17,15,2
S00126310,41,40,1,0,1
S00126311,60,45,15,15,0
S00126312,63,62,1,1,0
S00126313,46,36,10,10,0
S00126314,44,42,2,2,0
S00126315,40,31,9,9,0
S00126316,39,27,12,10,2
S00126317,60,55,5,0,5
S00126318,58,57,1,0,1
S00126319,38,37,1,0,1
S00126320,73,70,3,0,3
S00126321,43,43,0,0,0
S00126322,50,49,1,0,1
S00126323,49,47,2,0,2
S00126324,52,50,2,0,2
S00126325,51,50,1,0,1
S00126326,45,45,0,0,0
S00126327,53,47,6,0,6
S00126328,62,60,2,0,2
S00126329,58,58,0,0,0
S00126330,56,54,2,0,2
S00126331,59,58,1,0,1
S00126332,69,66,3,0,3
S00126333,63,61,2,0,2
S00126334,62,57,5,0,5
S00126335,26,26,0,0,0
S00126336,45,45,0,0,0
S00126337,31,30,1,0,1
S00126338,29,29,0,0,0
S00126339,53,52,1,0,1
S00126340,60,58,2,1,1
S00126341,58,57,1,0,1
S00126342,48,47,1,0,1
S00126343,76,69,7,1,6
S00126344,24,24,0,0,0
S00126345,31,31,0,0,0
S00126346,53,53,0,0,0
S00126347,59,52,7,0,7
S00126348,52,52,0,0,0
S00126349,72,70,2,0,2
S00126350,50,50,0,0,0
S00126351,45,45,0,0,0
S00126352,65,65,0,0,0
S00126353,64,61,3,0,3
S00126354,48,44,4,3,1
S00126355,53,50,3,0,3
S00126356,65,63,2,1,1
S00126357,71,71,0,0,0
S00126358,35,33,2,1,1
S00126359,34,34,0,0,0
S00126360,68,61,7,0,7
S00126361,51,50,1,0,1
S00126362,43,43,0,0,0
S00126363,56,53,3,1,2
S00126364,29,28,1,0,1
S00126365,64,58,6,5,1
S00126366,41,39,2,1,1
S00126367,27,27,0,0,0
S00126368,31,31,0,0,0
S00126369,74,72,2,0,2
S00126370,31,23,8,4,4
S00126371,31,30,1,0,1
S00126372,64,64,0,0,0
S00126373,40,40,0,0,0
S00126374,71,70,1,0,1
S00126375,45,40,5,0,5
S00126376,60,56,4,0,4
S00126377,44,42,2,0,2
S00126378,71,67,4,1,3
S00126379,56,53,3,0,3
S00126380,66,57,9,2,7
S00126381,75,73,2,0,2
S00126382,44,42,2,0,2
S00126383,71,68,3,2,1
S00126384,48,45,3,1,2
S00126385,29,28,1,0,1
S00126386,56,52,4,0,4
S00126387,78,75,3,0,3
S00126388,74,73,1,1,0
S00126389,40,40,0,0,0
S00126390,41,41,0,0,0
S00126391,65,65,0,0,0
S00126392,49,49,0,0,0
S00126393,70,68,2,0,2
S00126394,33,33,0,0,0
S00126395,57,51,6,0,6
S00126396,69,65,4,1,3
S00126397,76,73,3,2,1
S00126398,54,49,5,5,0
S00126399,25,25,0,0,0
S00126400,59,58,1,1,0
S00126401,55,55,0,0,0
S00126402,49,48,1,0,1
S00126403,73,72,1,0,1
S00126404,58,40,18,0,18
S00126405,61,60,1,0,1
S00126406,73,73,0,0,0
S00126407,59,59,0,0,0
S00126408,72,70,2,0,2
S00126409,41,39,2,0,2
S00126410,50,39,11,1,10
S00126411,58,56,2,0,2
S00126412,61,48,13,12,1
S00126413,33,31,2,0,2
S00126414,54,48,6,1,5
S00126415,50,49,1,1,0
S00126416,69,63,6,2,4
S00126417,57,55,2,1,1
S00126418,33,33,0,0,0
S00126419,46,45,1,0,1
S00126420,59,55,4,0,4
S00126421,68,63,5,1,4
S00126422,78,73,5,0,5
S00126423,66,66,0,0,0
S00126424,53,52,1,0,1
S00126425,66,65,1,1,0
S00126426,41,41,0,0,0
S00126427,40,40,0,0,0
S00126428,51,51,0,0,0
S00126429,48,48,0,0,0
S00126430,46,46,0,0,0
S00126431,51,49,2,0,2
S00126432,45,45,0,0,0
S00126433,61,60,1,0,1
S00126434,33,33,0,0,0
S00126435,56,51,5,3,2
S00126436,47,44,3,0,3
S00126437,67,64,3,1,2
S00126438,58,57,1,0,1
S00126439,31,29,2,1,1
S00126440,55,53,2,1,1
S00126441,28,27,1,0,1
S00126442,95,85,10,1,9
S00126443,53,53,0,0,0
S00126444,53,49,4,1,3
S00126445,66,57,9,0,9
S00126446,36,36,0,0,0
S00126447,51,49,2,0,2
S00126448,59,59,0,0,0
S00126449,42,37,5,0,5
S00126450,60,55,5,1,4
S00126451,70,63,7,1,6
S00126452,68,62,6,2,4
S00126453,44,42,2,0,2
S00126454,33,33,0,0,0
S00126455,58,57,1,0,1
S00126456,33,32,1,1,0
S00126457,64,63,1,0,1
S00126458,68,63,5,1,4
S00126459,44,40,4,0,4
S00126460,40,40,0,0,0
S00126461,46,43,3,0,3
S00126462,64,59,5,1,4
S00126463,48,47,1,0,1
S00126464,75,70,5,5,0
S00126465,27,25,2,2,0
S00126466,46,39,7,5,2
S00126467,49,47,2,0,2
S00126468,69,66,3,3,0
S00126469,70,69,1,0,1
S00126470,77,74,3,0,3
S00126471,64,64,0,0,0
S00126472,53,53,0,0,0
S00126473,41,41,0,0,0
S00126474,77,75,2,0,2
S00126475,59,56,3,1,2
S00126476,55,54,1,0,1
S00126477,51,51,0,0,0
S00126478,42,38,4,0,4
S00126479,45,45,0,0,0
S00126480,45,45,0,0,0
S00126481,50,49,1,0,1
S00126482,42,42,0,0,0
S00126483,55,53,2,0,2
S00126484,58,58,0,0,0
S00126485,49,49,0,0,0
S00126486,48,47,1,0,1
S00126487,52,51,1,0,1
S00126488,63,63,0,0,0
S00126489,41,41,0,0,0
S00126490,51,47,4,0,4
S00126491,60,59,1,0,1
S00126492,88,86,2,1,1
S00126493,46,45,1,0,1
S00126494,25,24,1,0,1
S00126495,61,59,2,1,1
S00126496,68,65,3,0,3
S00126497,45,44,1,0,1
S00126498,46,44,2,0,2
S00126499,46,45,1,0,1
S00126500,36,36,0,0,0
S00126501,45,42,3,0,3
S00126502,48,47,1,0,1
S00126503,36,35,1,0,1
S00126504,72,70,2,1,1
S00126505,46,45,1,0,1
S00126506,63,60,3,0,3
S00126507,59,57,2,0,2
S00126508,40,39,1,0,1
S00126509,46,46,0,0,0
S00126510,47,45,2,1,1
S00126511,56,56,0,0,0
S00126512,72,71,1,0,1
S00126513,76,75,1,0,1
S00126514,37,35,2,0,2
S00126515,46,46,0,0,0
S00126516,54,54,0,0,0
S00126517,55,55,0,0,0
S00126518,43,43,0,0,0
S00126519,40,40,0,0,0
S00126520,73,73,0,0,0
S00126521,65,64,1,0,1
S00126522,64,64,0,0,0
S00126523,40,39,1,0,1
S00126524,48,48,0,0,0
S00126525,52,52,0,0,0
S00126526,48,48,0,0,0
S00126527,52,51,1,0,1
S00126528,49,49,0,0,0
S00126529,72,69,3,0,3
S00126530,66,61,5,0,5
S00126531,65,62,3,0,3
S00126532,69,67,2,0,2
S00126533,31,31,0,0,0
S00126534,52,49,3,0,3
S00126535,60,56,4,0,4
S00126536,26,26,0,0,0
S00126537,29,28,1,0,1
S00126538,41,41,0,0,0
S00126539,59,59,0,0,0
S00126540,40,39,1,0,1
S00126541,42,42,0,0,0
S00126542,48,48,0,0,0
S00126543,56,55,1,0,1
S00126544,63,63,0,0,0
S00126545,51,51,0,0,0
S00126546,40,40,0,0,0
S00126547,52,49,3,0,3
S00126548,71,70,1,0,1
S00126549,44,41,3,0,3
S00126550,34,34,0,0,0
S00126551,68,67,1,0,1
S00126552,37,37,0,0,0
S00126553,62,61,1,0,1
S00126554,47,47,0,0,0
S00126555,40,39,1,0,1
S00126556,63,62,1,0,1
S00126557,34,34,0,0,0
S00126558,50,50,0,0,0
S00126559,73,73,0,0,0
S00126560,61,61,0,0,0
S00126561,74,72,2,0,2
S00126562,59,58,1,0,1
S00126563,45,45,0,0,0
S00126564,70,68,2,0,2
S00126565,54,53,1,0,1
S00126566,45,45,0,0,0
S00126567,88,86,2,1,1
S00126568,80,75,5,0,5
S00126569,80,79,1,0,1
S00126570,69,68,1,0,1
S00126571,69,69,0,0,0
S00126572,68,68,0,0,0
S00126573,41,40,1,0,1
S00126574,40,40,0,0,0
S00126575,58,57,1,1,0
S00126576,60,59,1,0,1
S00126577,64,63,1,0,1
S00126578,78,75,3,0,3
S00126579,70,68,2,0,2
S00126580,57,55,2,0,2
S00126581,58,57,1,0,1
S00126582,42,40,2,0,2
S00126583,54,54,0,0,0
S00126584,27,26,1,0,1
S00126585,60,60,0,0,0
S00126586,49,48,1,0,1
S00126587,41,41,0,0,0
S00126588,42,42,0,0,0
S00126589,59,58,1,0,1
S00126590,43,43,0,0,0
S00126591,57,56,1,0,1
S00126592,48,48,0,0,0
S00126593,46,45,1,1,0
S00126594,72,70,2,0,2
S00126595,50,50,0,0,0
S00126596,40,38,2,0,2
S00126597,78,75,3,0,3
S00126598,68,64,4,0,4
S00126599,62,61,1,0,1
S00126600,59,58,1,0,1
S00126601,48,48,0,0,0
S00126602,78,77,1,0,1
S00126603,60,60,0,0,0
S00126604,58,55,3,0,3
S00126605,40,39,1,0,1
S00126606,52,52,0,0,0
S00126607,60,60,0,0,0
S00126608,42,42,0,0,0
S00126609,51,50,1,0,1
S00126610,42,42,0,0,0
S00126611,53,53,0,0,0
S00126612,42,41,1,0,1
S00126613,40,40,0,0,0
S00126614,59,59,0,0,0
S00126615,53,53,0,0,0
S00126616,27,26,1,0,1
S00126617,42,41,1,0,1
S00126618,72,71,1,0,1
S00126619,68,68,0,0,0
S00126620,60,60,0,0,0
S00126621,41,40,1,0,1
S00126622,47,46,1,0,1
S00126623,57,56,1,1,0
S00126624,43,43,0,0,0
S00126625,50,50,0,0,0
S00126626,59,58,1,0,1
S00126627,28,28,0,0,0
S00126628,70,61,9,0,9
S00126629,82,74,8,0,8
S00126630,43,41,2,0,2
S00126631,52,50,2,0,2
S00126632,65,57,8,4,4
S00126633,63,57,6,0,6
S00126634,47,45,2,0,2
S00126635,66,65,1,0,1
S00126636,55,55,0,0,0
S00126637,80,79,1,0,1
S00126638,60,57,3,0,3
S00126639,58,48,10,2,8
S00126640,74,68,6,0,6
S00126641,89,81,8,2,6
S00126642,95,94,1,0,1
S00126643,43,39,4,0,4
S00126644,89,79,10,1,9
S00126645,58,50,8,2,6
S00126646,68,64,4,0,4
S00126647,77,71,6,4,2
S00126648,67,61,6,1,5
S00126649,71,69,2,0,2
S00126650,61,60,1,0,1
S00126651,59,54,5,0,5
S00126652,51,47,4,0,4
S00126653,51,45,6,0,6
S00126654,60,59,1,0,1
S00126655,62,60,2,0,2
S00126656,66,61,5,0,5
S00126657,68,68,0,0,0
S00126658,64,64,0,0,0
S00126659,42,42,0,0,0
S00126660,54,54,0,0,0
S00126661,49,49,0,0,0
S00126662,47,46,1,0,1
S00126663,44,44,0,0,0
S00126664,58,58,0,0,0
S00126665,66,66,0,0,0
S00126666,68,66,2,0,2
S00126667,28,28,0,0,0
S00126668,50,49,1,0,1
S00126669,49,49,0,0,0
S00126670,29,29,0,0,0
S00126671,57,57,0,0,0
S00126672,36,35,1,0,1
S00126673,72,72,0,0,0
S00126674,23,23,0,0,0
S00126675,64,64,0,0,0
S00126676,63,62,1,0,1
S00126677,65,60,5,1,4
S00126678,54,52,2,1,1
S00126679,55,54,1,0,1
S00126680,76,75,1,0,1
S00126681,45,44,1,0,1
S00126682,52,50,2,1,1
S00126683,79,77,2,1,1
S00126684,46,45,1,0,1
S00126685,91,88,3,0,3
S00126686,79,75,4,1,3
S00126687,69,68,1,0,1
S00126688,37,36,1,0,1
S00126689,40,39,1,0,1
S00126690,51,51,0,0,0
S00126691,46,44,2,0,2
S00126692,47,44,3,0,3
S00126693,45,45,0,0,0
S00126694,53,53,0,0,0
S00126695,55,54,1,1,0
S00126696,38,36,2,1,1
S00126697,58,57,1,0,1
S00126698,52,45,7,0,7
S00126699,69,67,2,0,2
S00126700,58,56,2,0,2
S00126701,75,72,3,0,3
S00126702,72,71,1,1,0
S00126703,71,69,2,0,2
S00126704,47,45,2,2,0
S00126705,44,43,1,0,1
S00126706,43,43,0,0,0
S00126707,51,48,3,0,3
S00126708,74,67,7,0,7
S00126709,45,43,2,0,2
S00126710,83,79,4,0,4
S00126711,44,44,0,0,0
S00126712,47,45,2,0,2
S00126713,67,66,1,0,1
S00126714,59,59,0,0,0
S00126715,43,43,0,0,0
S00126716,41,40,1,1,0
S00126717,44,44,0,0,0
S00126718,42,42,0,0,0
S00126719,60,60,0,0,0
S00126720,41,41,0,0,0
S00126721,49,49,0,0,0
S00126722,51,50,1,0,1
S00126723,50,49,1,0,1
S00126724,43,41,2,0,2
S00126725,52,51,1,0,1
S00126726,64,64,0,0,0
S00126727,65,65,0,0,0
S00126728,46,46,0,0,0
S00126729,52,52,0,0,0
S00126730,69,67,2,0,2
S00126731,64,63,1,0,1
S00126732,40,40,0,0,0
S00126733,59,58,1,0,1
S00126734,56,54,2,0,2
S00126735,48,45,3,0,3
S00126736,57,53,4,0,4
S00126737,52,48,4,1,3
S00126738,45,45,0,0,0
S00126739,50,49,1,1,0
S00126740,78,75,3,0,3
S00126741,56,53,3,0,3
S00126742,54,54,0,0,0
S00126743,48,47,1,0,1
S00126744,40,38,2,0,2
S00126745,66,63,3,2,1
S00126746,42,41,1,0,1
S00126747,44,44,0,0,0
S00126748,38,37,1,0,1
S00126749,73,70,3,0,3
S00126750,58,56,2,0,2
S00126751,49,47,2,0,2
S00126752,48,47,1,0,1
S00126753,61,59,2,0,2
S00126754,46,46,0,0,0
S00126755,39,38,1,0,1
S00126756,68,65,3,0,3
S00126757,57,57,0,0,0
S00126758,46,44,2,2,0
S00126759,49,49,0,0,0
S00126760,50,48,2,0,2
S00126761,54,51,3,1,2
S00126762,34,34,0,0,0
S00126763,59,55,4,3,1
S00126764,80,76,4,3,1
S00126765,67,60,7,5,2
S00126766,66,62,4,3,1
S00126767,59,57,2,0,2
S00126768,22,21,1,0,1
S00126769,85,83,2,1,1
S00126770,53,53,0,0,0
S00126771,57,55,2,1,1
S00126772,78,68,10,8,2
S00126773,66,59,7,6,1
S00126774,69,58,11,11,0
S00126775,55,46,9,7,2
S00126776,32,30,2,0,2
S00126777,39,39,0,0,0
S00126778,33,32,1,0,1
S00126779,43,42,1,0,1
S00126780,36,36,0,0,0
S00126781,62,61,1,0,1
S00126782,72,72,0,0,0
S00126783,62,60,2,0,2
S00126784,40,38,2,0,2
S00126785,78,75,3,0,3
S00126786,73,73,0,0,0
S00126787,52,51,1,0,1
S00126788,44,43,1,0,1
S00126789,52,52,0,0,0
S00126790,52,51,1,0,1
S00126791,28,28,0,0,0
S00126792,37,35,2,0,2
S00126793,50,49,1,1,0
S00126794,75,70,5,0,5
S00126795,57,56,1,0,1
S00126796,38,38,0,0,0
S00126797,42,42,0,0,0
S00126798,75,71,4,0,4
S00126799,55,55,0,0,0
S00126800,46,45,1,0,1
S00126801,64,64,0,0,0
S00126802,31,30,1,1,0
S00126803,46,46,0,0,0
S00126804,33,33,0,0,0
S00126805,76,72,4,1,3
S00126806,42,42,0,0,0
S00126807,51,51,0,0,0
S00126808,50,49,1,1,0
S00126809,44,44,0,0,0
S00126810,44,44,0,0,0
S00126811,72,71,1,0,1
S00126812,53,53,0,0,0
S00126813,69,68,1,0,1
S00126814,52,52,0,0,0
S00126815,32,30,2,1,1
S00126816,53,51,2,0,2
S00126817,45,45,0,0,0
S00126818,56,53,3,0,3
S00126819,36,36,0,0,0
S00126820,32,32,0,0,0
S00126821,50,48,2,0,2
S00126822,53,53,0,0,0
S00126823,41,40,1,0,1
S00126824,43,43,0,0,0
S00126825,50,50,0,0,0
S00126826,46,42,4,3,1
S00126827,65,64,1,0,1
S00126828,73,71,2,0,2
S00126829,56,56,0,0,0
S00126830,39,39,0,0,0
S00126831,41,38,3,2,1
S00126832,41,39,2,0,2
S00126833,67,65,2,0,2
S00126834,52,52,0,0,0
S00126835,52,51,1,0,1
S00126836,49,49,0,0,0
S00126837,57,57,0,0,0
S00126838,30,29,1,0,1
S00126839,65,62,3,0,3
S00126840,76,74,2,0,2
S00126841,57,56,1,0,1
S00126842,59,58,1,0,1
S00126843,76,75,1,0,1
S00126844,64,58,6,0,6
S00126845,48,48,0,0,0
S00126846,48,47,1,0,1
S00126847,51,48,3,1,2
S00126848,38,37,1,0,1
S00126849,55,55,0,0,0
S00126850,48,48,0,0,0
S00126851,51,49,2,0,2
S00126852,47,47,0,0,0
S00126853,57,55,2,0,2
S00126854,41,41,0,0,0
S00126855,38,36,2,1,1
S00126856,55,53,2,1,1
S00126857,53,53,0,0,0
S00126858,33,32,1,0,1
S00126859,60,59,1,0,1
S00126860,70,70,0,0,0
S00126861,47,46,1,0,1
S00126862,63,63,0,0,0
S00126863,42,42,0,0,0
S00126864,71,68,3,0,3
S00126865,41,39,2,0,2
S00126866,31,31,0,0,0
S00126867,67,61,6,4,2
S00126868,71,55,16,15,1
S00126869,50,48,2,0,2
S00126870,53,53,0,0,0
S00126871,51,51,0,0,0
S00126872,56,55,1,0,1
S00126873,57,56,1,1,0
S00126874,56,54,2,1,1
S00126875,62,59,3,0,3
S00126876,45,45,0,0,0
S00126877,27,26,1,0,1
S00126878,71,69,2,1,1
S00126879,55,54,1,0,1
S00126880,60,60,0,0,0
S00126881,59,58,1,0,1
S00126882,57,56,1,0,1
S00126883,49,48,1,0,1
S00126884,55,54,1,0,1
S00126885,42,42,0,0,0
S00126886,34,34,0,0,0
S00126887,43,43,0,0,0
S00126888,35,34,1,1,0
S00126889,41,41,0,0,0
S00126890,54,48,6,2,4
S00126891,45,41,4,0,4
S00126892,54,52,2,0,2
S00126893,60,55,5,1,4
S00126894,42,41,1,0,1
S00126895,49,49,0,0,0
S00126896,59,57,2,0,2
S00126897,53,52,1,0,1
S00126898,80,76,4,0,4
S00126899,52,50,2,1,1
S00126900,52,50,2,0,2
S00126901,50,50,0,0,0
S00126902,44,41,3,0,3
S00126903,44,42,2,0,2
S00126904,71,68,3,0,3
S00126905,38,36,2,0,2
S00126906,70,61,9,2,7
S00126907,71,68,3,0,3
S00126908,64,62,2,0,2
S00126909,59,51,8,7,1
S00126910,68,66,2,1,1
S00126911,44,40,4,1,3
S00126912,66,58,8,5,3
S00126913,76,70,6,0,6
S00126914,32,31,1,0,1
S00126915,47,47,0,0,0
S00126916,50,46,4,0,4
S00126917,43,42,1,0,1
S00126918,48,43,5,0,5
S00126919,70,61,9,2,7
S00126920,45,44,1,0,1
S00126921,51,45,6,4,2
S00126922,52,51,1,0,1
S00126923,70,68,2,0,2
S00126924,38,36,2,1,1
S00126925,65,64,1,0,1
S00126926,34,33,1,0,1
S00126927,54,52,2,0,2
S00126928,38,37,1,0,1
S00126929,43,42,1,0,1
S00126930,57,56,1,1,0
S00126931,59,59,0,0,0
S00126932,63,63,0,0,0
S00126933,57,56,1,0,1
S00126934,29,29,0,0,0
S00126935,55,54,1,0,1
S00126936,53,52,1,0,1
S00126937,55,51,4,0,4
S00126938,43,43,0,0,0
S00126939,52,51,1,0,1
S00126940,62,60,2,0,2
S00126941,44,44,0,0,0
S00126942,58,58,0,0,0
S00126943,38,35,3,0,3
S00126944,51,48,3,0,3
S00126945,57,56,1,0,1
S00126946,66,63,3,1,2
S00126947,57,51,6,0,6
S00126948,46,46,0,0,0
S00126949,53,50,3,1,2
S00126950,50,49,1,0,1
S00126951,62,61,1,0,1
S00126952,72,67,5,4,1
S00126953,50,45,5,4,1
S00126954,56,56,0,0,0
S00126955,47,45,2,0,2
S00126956,43,43,0,0,0
S00126957,80,74,6,1,5
S00126958,59,58,1,1,0
S00126959,48,47,1,0,1
S00126960,61,58,3,2,1
S00126961,56,55,1,0,1
S00126962,40,39,1,1,0
S00126963,65,61,4,4,0
S00126964,60,56,4,0,4
S00126965,45,42,3,1,2
S00126966,50,48,2,1,1
S00126967,59,59,0,0,0
S00126968,44,43,1,0,1
S00126969,52,52,0,0,0
S00126970,43,43,0,0,0
S00126971,67,67,0,0,0
S00126972,53,52,1,0,1
S00126973,77,58,19,14,5
S00126974,57,51,6,4,2
S00126975,46,29,17,8,9
S00126976,83,79,4,1,3
S00126977,80,72,8,2,6
S00126978,61,58,3,2,1
S00126979,54,53,1,0,1
S00126980,63,57,6,5,1
S00126981,71,70,1,0,1
S00126982,52,48,4,0,4
S00126983,82,77,5,1,4
S00126984,55,55,0,0,0
S00126985,68,59,9,0,9
S00126986,36,32,4,0,4
S00126987,51,49,2,1,1
S00126988,57,56,1,0,1
S00126989,77,77,0,0,0
S00126990,40,39,1,0,1
S00126991,51,49,2,0,2
S00126992,69,68,1,0,1
S00126993,53,42,11,11,0
S00126994,56,50,6,5,1
S00126995,66,60,6,6,0
S00126996,52,47,5,2,3
S00126997,57,52,5,3,2
S00126998,73,70,3,1,2
S00126999,70,56,14,13,1
S00127000,58,57,1,1,0
S00127001,76,74,2,1,1
S00127002,78,73,5,4,1
S00127003,68,67,1,0,1
S00127004,83,76,7,5,2
S00127005,75,59,16,15,1
S00127006,74,68,6,4,2
S00127007,47,44,3,2,1
S00127008,68,65,3,0,3
S00127009,44,44,0,0,0
S00127010,27,25,2,2,0
S00127011,68,67,1,0,1
S00127012,24,24,0,0,0
S00127013,54,54,0,0,0
S00127014,30,30,0,0,0
S00127015,23,23,0,0,0
S00127016,56,53,3,0,3
S00127017,37,31,6,1,5
S00127018,53,49,4,3,1
S00127019,62,61,1,0,1
S00127020,34,34,0,0,0
S00127021,36,35,1,0,1
S00127022,39,39,0,0,0
S00127023,34,33,1,0,1
S00127024,43,43,0,0,0
S00127025,51,45,6,2,4
S00127026,83,70,13,10,3
S00127027,24,23,1,0,1
S00127028,33,33,0,0,0
S00127029,45,45,0,0,0
S00127030,45,45,0,0,0
S00127031,61,60,1,0,1
S00127032,37,35,2,1,1
S00127033,43,43,0,0,0
S00127034,56,53,3,1,2
S00127035,58,46,12,10,2
S00127036,82,75,7,4,3
S00127037,69,59,10,9,1
S00127038,60,57,3,2,1
S00127039,53,48,5,1,4
S00127040,44,41,3,1,2
S00127041,50,48,2,0,2
S00127042,50,46,4,0,4
S00127043,73,73,0,0,0
S00127044,47,42,5,3,2
S00127045,51,51,0,0,0
S00127046,40,37,3,1,2
S00127047,38,37,1,0,1
S00127048,27,23,4,0,4
S00127049,28,28,0,0,0
S00127050,72,70,2,0,2
S00127051,41,41,0,0,0
S00127052,55,53,2,0,2
S00127053,35,32,3,1,2
S00127054,49,42,7,7,0
S00127055,72,50,22,21,1
S00127056,52,45,7,6,1
S00127057,60,41,19,16,3
S00127058,68,40,28,27,1
S00127059,33,33,0,0,0
S00127060,44,43,1,1,0
S00127061,84,77,7,0,7
S00127062,58,42,16,16,0
S00127063,76,63,13,10,3
S00127064,60,57,3,0,3
S00127065,39,37,2,0,2
S00127066,46,46,0,0,0
S00127067,44,41,3,0,3
S00127068,35,31,4,2,2
S00127069,23,23,0,0,0
S00127070,85,44,41,39,2
S00127071,61,43,18,15,3
S00127072,62,61,1,0,1
S00127073,41,39,2,0,2
S00127074,32,32,0,0,0
S00127075,44,42,2,0,2
S00127076,35,35,0,0,0
S00127077,30,26,4,1,3
S00127078,24,24,0,0,0
S00127079,56,50,6,1,5
S00127080,48,46,2,0,2
S00127081,35,34,1,0,1
S00127082,67,66,1,0,1
S00127083,22,21,1,0,1
S00127084,36,33,3,0,3
S00127085,43,41,2,0,2
S00127086,38,38,0,0,0
S00127087,31,30,1,0,1
S00127088,36,36,0,0,0
S00127089,24,24,0,0,0
S00127090,58,57,1,1,0
S00127091,47,44,3,0,3
S00127092,62,60,2,0,2
S00127093,34,33,1,0,1
S00127094,31,31,0,0,0
S00127095,61,55,6,1,5
S00127096,47,41,6,0,6
S00127097,49,44,5,1,4
S00127098,51,51,0,0,0
S00127099,52,50,2,1,1
S00127100,23,23,0,0,0
S00127101,29,29,0,0,0
S00127102,34,34,0,0,0
S00127103,33,33,0,0,0
S00127104,42,41,1,0,1
S00127105,65,54,11,1,10
S00127106,31,28,3,0,3
S00127107,75,72,3,0,3
S00127108,61,58,3,0,3
S00127109,35,35,0,0,0
S00127110,32,32,0,0,0
S00127111,23,22,1,0,1
S00127112,36,36,0,0,0
S00127113,48,44,4,4,0
S00127114,64,63,1,0,1
S00127115,46,45,1,0,1
S00127116,59,58,1,0,1
S00127117,46,43,3,0,3
S00127118,55,55,0,0,0
S00127119,60,59,1,0,1
S00127120,35,35,0,0,0
S00127121,59,54,5,0,5
S00127122,67,66,1,0,1
S00127123,52,46,6,3,3
S00127124,50,48,2,1,1
S00127125,48,46,2,0,2
S00127126,51,47,4,1,3
S00127127,56,45,11,3,8
S00127128,37,36,1,0,1
S00127129,55,54,1,0,1
S00127130,39,39,0,0,0
S00127131,42,40,2,0,2
S00127132,58,56,2,2,0
S00127133,70,68,2,1,1
S00127134,51,45,6,5,1
S00127135,48,45,3,0,3
S00127136,47,44,3,2,1
S00127137,76,76,0,0,0
S00127138,59,58,1,0,1
S00127139,48,47,1,0,1
S00127140,36,36,0,0,0
S00127141,52,52,0,0,0
S00127142,46,46,0,0,0
S00127143,42,41,1,0,1
S00127144,44,44,0,0,0
S00127145,80,74,6,3,3
S00127146,46,44,2,0,2
S00127147,48,48,0,0,0
S00127148,32,32,0,0,0
S00127149,69,68,1,0,1
S00127150,50,50,0,0,0
S00127151,62,62,0,0,0
S00127152,46,46,0,0,0
S00127153,58,55,3,0,3
S00127154,43,43,0,0,0
S00127155,59,56,3,0,3
S00127156,79,75,4,0,4
S00127157,81,76,5,2,3
S00127158,60,59,1,0,1
S00127159,56,56,0,0,0
S00127160,44,41,3,2,1
S00127161,63,61,2,1,1
S00127162,60,57,3,0,3
S00127163,67,59,8,0,8
S00127164,49,49,0,0,0
S00127165,77,73,4,1,3
S00127166,67,66,1,0,1
S00127167,42,41,1,1,0
S00127168,56,50,6,4,2
S00127169,45,44,1,1,0
S00127170,28,28,0,0,0
S00127171,52,51,1,0,1
S00127172,29,29,0,0,0
S00127173,39,39,0,0,0
S00127174,46,43,3,1,2
S00127175,49,48,1,1,0
S00127176,72,67,5,5,0
S00127177,67,60,7,5,2
S00127178,61,61,0,0,0
S00127179,32,32,0,0,0
S00127180,61,59,2,0,2
S00127181,26,24,2,1,1
S00127182,55,53,2,0,2
S00127183,60,56,4,1,3
S00127184,59,52,7,5,2
S00127185,73,71,2,0,2
S00127186,44,44,0,0,0
S00127187,30,30,0,0,0
S00127188,34,32,2,1,1
S00127189,45,41,4,3,1
S00127190,54,48,6,5,1
S00127191,47,45,2,1,1
S00127192,52,47,5,1,4
S00127193,63,63,0,0,0
S00127194,67,64,3,2,1
S00127195,54,46,8,6,2
S00127196,42,41,1,0,1
S00127197,73,66,7,6,1
S00127198,48,47,1,1,0
S00127199,82,51,31,31,0
S00127200,58,54,4,3,1
S00127201,45,41,4,3,1
S00127202,62,62,0,0,0
S00127203,44,44,0,0,0
S00127204,22,22,0,0,0
S00127205,44,43,1,0,1
S00127206,45,43,2,0,2
S00127207,79,76,3,0,3
S00127208,49,47,2,1,1
S00127209,52,51,1,0,1
S00127210,70,69,1,0,1
S00127211,31,31,0,0,0
S00127212,46,43,3,0,3
S00127213,36,35,1,0,1
S00127214,54,53,1,0,1
S00127215,74,70,4,1,3
S00127216,72,70,2,1,1
S00127217,30,29,1,0,1
S00127218,60,56,4,0,4
S00127219,47,46,1,0,1
S00127220,24,23,1,0,1
S00127221,64,62,2,0,2
S00127222,47,44,3,0,3
S00127223,36,32,4,0,4
S00127224,65,64,1,0,1
S00127225,49,48,1,0,1
S00127226,49,47,2,0,2
S00127227,43,43,0,0,0
S00127228,23,23,0,0,0
S00127229,55,55,0,0,0
S00127230,70,68,2,1,1
S00127231,35,35,0,0,0
S00127232,55,48,7,1,6
S00127233,54,48,6,2,4
S00127234,51,49,2,0,2
S00127235,37,36,1,0,1
S00127236,26,26,0,0,0
S00127237,49,49,0,0,0
S00127238,53,53,0,0,0
S00127239,68,67,1,1,0
S00127240,57,57,0,0,0
S00127241,52,52,0,0,0
S00127242,44,43,1,0,1
S00127243,42,42,0,0,0
S00127244,43,43,0,0,0
S00127245,46,44,2,0,2
S00127246,40,40,0,0,0
S00127247,54,53,1,0,1
S00127248,32,32,0,0,0
S00127249,77,77,0,0,0
S00127250,63,62,1,0,1
S00127251,61,59,2,0,2
S00127252,28,28,0,0,0
S00127253,52,51,1,0,1
S00127254,56,54,2,0,2
S00127255,26,25,1,0,1
S00127256,85,84,1,0,1
S00127257,65,62,3,0,3
S00127258,51,49,2,1,1
S00127259,77,72,5,0,5
S00127260,57,57,0,0,0
S00127261,55,54,1,1,0
S00127262,26,26,0,0,0
S00127263,36,36,0,0,0
S00127264,59,58,1,0,1
S00127265,42,41,1,0,1
S00127266,62,62,0,0,0
S00127267,76,75,1,0,1
S00127268,49,49,0,0,0
S00127269,58,57,1,1,0
S00127270,37,37,0,0,0
S00127271,54,54,0,0,0
S00127272,24,24,0,0,0
S00127273,63,59,4,0,4
S00127274,30,30,0,0,0
S00127275,52,48,4,2,2
S00127276,53,52,1,0,1
S00127277,87,73,14,0,14
S00127278,67,65,2,1,1
S00127279,36,34,2,0,2
S00127280,37,34,3,0,3
S00127281,50,50,0,0,0
S00127282,83,73,10,1,9
S00127283,52,50,2,0,2
S00127284,78,77,1,0,1
S00127285,46,44,2,0,2
S00127286,46,46,0,0,0
S00127287,44,44,0,0,0
S00127288,46,46,0,0,0
S00127289,48,48,0,0,0
S00127290,40,40,0,0,0
S00127291,55,54,1,0,1
S00127292,61,58,3,1,2
S00127293,55,46,9,3,6
S00127294,81,79,2,0,2
S00127295,47,45,2,1,1
S00127296,60,60,0,0,0
S00127297,32,30,2,0,2
S00127298,53,51,2,0,2
S00127299,41,40,1,0,1
S00127300,63,62,1,0,1
S00127301,27,27,0,0,0
S00127302,35,30,5,1,4
S00127303,42,42,0,0,0
S00127304,50,47,3,3,0
S00127305,86,77,9,2,7
S00127306,49,47,2,0,2
S00127307,63,63,0,0,0
S00127308,90,66,24,0,24
S00127309,51,51,0,0,0
S00127310,63,56,7,0,7
S00127311,43,38,5,0,5
S00127312,57,56,1,0,1
S00127313,61,60,1,1,0
S00127314,53,50,3,1,2
S00127315,99,95,4,1,3
S00127316,61,60,1,0,1
S00127317,45,45,0,0,0
S00127318,69,68,1,0,1
S00127319,42,40,2,0,2
S00127320,41,41,0,0,0
S00127321,66,60,6,0,6
S00127322,106,102,4,0,4
S00127323,36,36,0,0,0
S00127324,81,76,5,0,5
S00127325,52,51,1,0,1
S00127326,32,32,0,0,0
S00127327,75,74,1,0,1
S00127328,37,37,0,0,0
S00127329,48,48,0,0,0
S00127330,46,46,0,0,0
S00127331,62,60,2,0,2
S00127332,36,36,0,0,0
S00127333,61,59,2,0,2
S00127334,62,60,2,0,2
S00127335,49,48,1,0,1
S00127336,39,37,2,2,0
S00127337,64,64,0,0,0
S00127338,97,95,2,0,2
S00127339,43,42,1,1,0
S00127340,56,36,20,3,17
S00127341,61,61,0,0,0
S00127342,56,51,5,2,3
S00127343,78,69,9,6,3
S00127344,54,49,5,3,2
S00127345,44,40,4,0,4
S00127346,56,56,0,0,0
S00127347,66,59,7,6,1
S00127348,46,46,0,0,0
S00127349,37,37,0,0,0
S00127350,84,83,1,0,1
S00127351,45,43,2,0,2
S00127352,65,64,1,0,1
S00127353,42,39,3,1,2
S00127354,52,48,4,2,2
S00127355,59,55,4,4,0
S00127356,76,74,2,0,2
S00127357,41,40,1,0,1
S00127358,65,65,0,0,0
S00127359,51,50,1,0,1
S00127360,72,70,2,0,2
S00127361,44,43,1,0,1
S00127362,31,31,0,0,0
S00127363,57,57,0,0,0
S00127364,35,35,0,0,0
S00127365,55,55,0,0,0
S00127366,77,74,3,1,2
S00127367,66,65,1,1,0
S00127368,70,68,2,1,1
S00127369,36,33,3,0,3
S00127370,68,67,1,0,1
S00127371,62,61,1,0,1
S00127372,123,123,0,0,0
S00127373,60,59,1,0,1
S00127374,34,34,0,0,0
S00127375,40,37,3,2,1
S00127376,49,45,4,2,2
S00127377,36,35,1,0,1
S00127378,61,60,1,0,1
S00127379,42,39,3,0,3
S00127380,50,46,4,1,3
S00127381,64,63,1,0,1
S00127382,80,75,5,3,2
S00127383,71,70,1,0,1
S00127384,53,53,0,0,0
S00127385,46,46,0,0,0
S00127386,61,61,0,0,0
S00127387,50,49,1,0,1
S00127388,40,40,0,0,0
S00127389,46,41,5,1,4
S00127390,41,41,0,0,0
S00127391,35,35,0,0,0
S00127392,42,41,1,0,1
S00127393,53,46,7,0,7
S00127394,31,30,1,0,1
S00127395,60,57,3,0,3
S00127396,69,69,0,0,0
S00127397,45,45,0,0,0
S00127398,50,49,1,0,1
S00127399,29,28,1,0,1
S00127400,21,21,0,0,0
S00127401,75,71,4,0,4
S00127402,55,55,0,0,0
S00127403,58,58,0,0,0
S00127404,54,54,0,0,0
S00127405,42,41,1,0,1
S00127406,53,53,0,0,0
S00127407,60,57,3,0,3
S00127408,52,52,0,0,0
S00127409,64,63,1,0,1
S00127410,65,65,0,0,0
S00127411,57,57,0,0,0
S00127412,58,58,0,0,0
S00127413,48,48,0,0,0
S00127414,46,42,4,0,4
S00127415,51,50,1,0,1
S00127416,53,52,1,0,1
S00127417,65,65,0,0,0
S00127418,51,49,2,0,2
S00127419,42,40,2,0,2
S00127420,47,47,0,0,0
S00127421,53,51,2,0,2
S00127422,42,42,0,0,0
S00127423,58,57,1,0,1
S00127424,75,69,6,0,6
S00127425,48,47,1,0,1
S00127426,54,53,1,0,1
S00127427,30,30,0,0,0
S00127428,48,46,2,0,2
S00127429,65,64,1,0,1
S00127430,49,49,0,0,0
S00127431,77,76,1,0,1
S00127432,62,62,0,0,0
S00127433,76,76,0,0,0
S00127434,40,40,0,0,0
S00127435,34,33,1,0,1
S00127436,37,35,2,0,2
S00127437,37,37,0,0,0
S00127438,33,33,0,0,0
S00127439,47,47,0,0,0
S00127440,63,62,1,0,1
S00127441,40,40,0,0,0
S00127442,40,40,0,0,0
S00127443,57,55,2,0,2
S00127444,48,46,2,0,2
S00127445,43,42,1,1,0
S00127446,36,36,0,0,0
S00127447,40,40,0,0,0
S00127448,56,54,2,0,2
S00127449,62,62,0,0,0
S00127450,35,35,0,0,0
S00127451,60,58,2,0,2
S00127452,50,49,1,0,1
S00127453,33,33,0,0,0
S00127454,48,48,0,0,0
S00127455,40,40,0,0,0
S00127456,44,44,0,0,0
S00127457,48,47,1,0,1
S00127458,73,73,0,0,0
S00127459,84,84,0,0,0
S00127460,47,46,1,0,1
S00127461,35,34,1,0,1
S00127462,44,44,0,0,0
S00127463,71,69,2,0,2
S00127464,65,63,2,0,2
S00127465,40,39,1,0,1
S00127466,61,59,2,0,2
S00127467,35,35,0,0,0
S00127468,67,67,0,0,0
S00127469,53,53,0,0,0
S00127470,62,60,2,0,2
S00127471,73,67,6,0,6
S00127472,46,45,1,0,1
S00127473,56,53,3,0,3
S00127474,75,70,5,0,5
S00127475,66,65,1,0,1
S00127476,40,38,2,0,2
S00127477,72,71,1,0,1
S00127478,70,67,3,0,3
S00127479,66,60,6,0,6
S00127480,74,71,3,0,3
S00127481,44,44,0,0,0
S00127482,42,41,1,0,1
S00127483,65,62,3,0,3
S00127484,52,49,3,0,3
S00127485,67,65,2,0,2
S00127486,46,46,0,0,0
S00127487,29,29,0,0,0
S00127488,87,83,4,0,4
S00127489,45,44,1,0,1
S00127490,48,47,1,0,1
S00127491,66,60,6,0,6
S00127492,49,44,5,0,5
S00127493,48,47,1,0,1
S00127494,69,65,4,0,4
S00127495,64,61,3,1,2
S00127496,50,45,5,0,5
S00127497,57,55,2,0,2
S00127498,57,56,1,0,1
S00127499,35,35,0,0,0
S00127500,44,44,0,0,0
S00127501,40,40,0,0,0
S00127502,41,41,0,0,0
S00127503,70,69,1,0,1
S00127504,37,37,0,0,0
S00127505,48,48,0,0,0
S00127506,77,77,0,0,0
S00127507,79,76,3,0,3
S00127508,41,37,4,0,4
S00127509,45,44,1,0,1
S00127510,73,72,1,0,1
S00127511,75,73,2,0,2
S00127512,52,52,0,0,0
S00127513,69,65,4,0,4
S00127514,34,32,2,0,2
S00127515,72,61,11,0,11
S00127516,66,64,2,0,2
S00127517,80,77,3,0,3
S00127518,70,66,4,0,4
S00127519,76,74,2,0,2
S00127520,41,38,3,0,3
S00127521,61,60,1,0,1
S00127522,41,41,0,0,0
S00127523,53,53,0,0,0
S00127524,36,33,3,0,3
S00127525,45,45,0,0,0
S00127526,44,43,1,0,1
S00127527,79,78,1,0,1
S00127528,30,28,2,0,2
S00127529,64,64,0,0,0
S00127530,48,47,1,0,1
S00127531,44,44,0,0,0
S00127532,71,71,0,0,0
S00127533,73,73,0,0,0
S00127534,45,45,0,0,0
S00127535,50,50,0,0,0
S00127536,46,46,0,0,0
S00127537,63,63,0,0,0
S00127538,43,42,1,0,1
S00127539,42,42,0,0,0
S00127540,76,73,3,0,3
S00127541,50,47,3,0,3
S00127542,75,71,4,0,4
S00127543,44,44,0,0,0
S00127544,76,75,1,0,1
S00127545,50,50,0,0,0
S00127546,56,56,0,0,0
S00127547,72,72,0,0,0
S00127548,48,40,8,0,8
S00127549,72,72,0,0,0
S00127550,65,65,0,0,0
S00127551,78,74,4,0,4
S00127552,78,77,1,0,1
S00127553,69,64,5,0,5
S00127554,69,66,3,0,3
S00127555,66,66,0,0,0
S00127556,65,64,1,0,1
S00127557,57,54,3,0,3
S00127558,59,59,0,0,0
S00127559,40,40,0,0,0
S00127560,69,65,4,0,4
S00127561,59,58,1,0,1
S00127562,48,48,0,0,0
S00127563,61,61,0,0,0
S00127564,39,39,0,0,0
S00127565,79,77,2,0,2
S00127566,39,39,0,0,0
S00127567,60,60,0,0,0
S00127568,56,56,0,0,0
S00127569,53,52,1,0,1
S00127570,49,48,1,0,1
S00127571,23,23,0,0,0
S00127572,57,56,1,0,1
S00127573,64,62,2,0,2
S00127574,76,76,0,0,0
S00127575,63,62,1,0,1
S00127576,50,48,2,0,2
S00127577,82,80,2,0,2
S00127578,76,75,1,0,1
S00127579,56,55,1,0,1
S00127580,41,39,2,0,2
S00127581,76,76,0,0,0
S00127582,47,47,0,0,0
S00127583,68,65,3,0,3
S00127584,49,48,1,0,1
S00127585,32,32,0,0,0
S00127586,58,57,1,1,0
S00127587,62,60,2,0,2
S00127588,63,62,1,0,1
S00127589,50,50,0,0,0
S00127590,71,70,1,0,1
S00127591,68,68,0,0,0
S00127592,51,51,0,0,0
S00127593,54,54,0,0,0
S00127594,24,24,0,0,0
S00127595,56,55,1,0,1
S00127596,64,64,0,0,0
S00127597,40,40,0,0,0
S00127598,49,48,1,0,1
S00127599,77,72,5,0,5
S00127600,27,25,2,0,2
S00127601,55,55,0,0,0
S00127602,51,47,4,0,4
S00127603,47,44,3,0,3
S00127604,32,32,0,0,0
S00127605,76,76,0,0,0
S00127606,53,53,0,0,0
S00127607,57,57,0,0,0
S00127608,56,56,0,0,0
S00127609,33,29,4,0,4
S00127610,58,56,2,0,2
S00127611,53,52,1,0,1
S00127612,47,46,1,0,1
S00127613,48,47,1,1,0
S00127614,72,72,0,0,0
S00127615,64,63,1,0,1
S00127616,58,56,2,0,2
S00127617,35,35,0,0,0
S00127618,44,44,0,0,0
S00127619,39,39,0,0,0
S00127620,47,47,0,0,0
S00127621,73,73,0,0,0
S00127622,67,67,0,0,0
S00127623,75,73,2,0,2
S00127624,40,39,1,0,1
S00127625,46,46,0,0,0
S00127626,52,50,2,0,2
S00127627,58,44,14,1,13
S00127628,49,47,2,0,2
S00127629,60,58,2,0,2
S00127630,85,52,33,1,32
S00127631,77,74,3,0,3
S00127632,67,60,7,0,7
S00127633,65,64,1,0,1
S00127634,37,36,1,0,1
S00127635,55,51,4,0,4
S00127636,37,37,0,0,0
S00127637,99,95,4,0,4
S00127638,70,67,3,0,3
S00127639,63,61,2,0,2
S00127640,51,51,0,0,0
S00127641,44,42,2,0,2
S00127642,43,43,0,0,0
S00127643,77,77,0,0,0
S00127644,71,69,2,0,2
S00127645,77,72,5,0,5
S00127646,84,73,11,0,11
S00127647,59,56,3,0,3
S00127648,57,51,6,0,6
S00127649,48,48,0,0,0
S00127650,39,38,1,0,1
S00127651,93,88,5,0,5
S00127652,49,47,2,0,2
S00127653,42,40,2,0,2
S00127654,76,72,4,0,4
S00127655,44,44,0,0,0
S00127656,40,35,5,0,5
S00127657,42,41,1,0,1
S00127658,55,50,5,0,5
S00127659,78,77,1,1,0
S00127660,59,56,3,0,3
S00127661,58,57,1,0,1
S00127662,38,38,0,0,0
S00127663,63,63,0,0,0
S00127664,37,37,0,0,0
S00127665,47,47,0,0,0
S00127666,44,41,3,0,3
S00127667,80,77,3,0,3
S00127668,60,57,3,0,3
S00127669,58,57,1,0,1
S00127670,32,31,1,0,1
S00127671,89,45,44,0,44
S00127672,61,61,0,0,0
S00127673,55,53,2,0,2
S00127674,72,65,7,0,7
S00127675,105,93,12,0,12
S00127676,60,56,4,0,4
S00127677,85,73,12,0,12
S00127678,63,62,1,0,1
S00127679,81,61,20,0,20
S00127680,79,69,10,0,10
S00127681,52,47,5,0,5
S00127682,72,71,1,0,1
S00127683,64,60,4,0,4
S00127684,51,51,0,0,0
S00127685,59,58,1,0,1
S00127686,73,65,8,0,8
S00127687,63,62,1,1,0
S00127688,61,60,1,0,1
S00127689,43,39,4,0,4
S00127690,49,47,2,0,2
S00127691,50,48,2,0,2
S00127692,74,70,4,0,4
S00127693,32,32,0,0,0
S00127694,53,51,2,0,2
S00127695,48,46,2,0,2
S00127696,60,56,4,0,4
S00127697,74,71,3,0,3
S00127698,67,60,7,0,7
S00127699,84,83,1,0,1
S00127700,50,49,1,0,1
S00127701,58,58,0,0,0
S00127702,62,61,1,1,0
S00127703,61,58,3,0,3
S00127704,40,38,2,0,2
S00127705,37,33,4,1,3
S00127706,55,48,7,0,7
S00127707,56,51,5,0,5
S00127708,56,50,6,0,6
S00127709,77,73,4,0,4
S00127710,65,57,8,0,8
S00127711,82,82,0,0,0
S00127712,68,68,0,0,0
S00127713,49,49,0,0,0
S00127714,35,35,0,0,0
S00127715,60,60,0,0,0
S00127716,68,64,4,1,3
S00127717,71,67,4,0,4
S00127718,46,44,2,0,2
S00127719,55,54,1,0,1
S00127720,77,76,1,0,1
S00127721,58,58,0,0,0
S00127722,80,78,2,0,2
S00127723,63,63,0,0,0
S00127724,64,60,4,1,3
S00127725,52,51,1,0,1
S00127726,61,60,1,0,1
S00127727,47,47,0,0,0
S00127728,66,65,1,0,1
S00127729,41,41,0,0,0
S00127730,50,49,1,0,1
S00127731,51,49,2,0,2
S00127732,45,44,1,0,1
S00127733,24,24,0,0,0
S00127734,39,38,1,0,1
S00127735,76,76,0,0,0
S00127736,40,40,0,0,0
S00127737,67,64,3,0,3
S00127738,52,48,4,0,4
S00127739,83,81,2,0,2
S00127740,59,59,0,0,0
S00127741,59,52,7,0,7
S00127742,45,42,3,0,3
S00127743,39,38,1,0,1
S00127744,74,73,1,0,1
S00127745,69,67,2,0,2
S00127746,50,49,1,0,1
S00127747,49,48,1,0,1
S00127748,39,39,0,0,0
S00127749,62,61,1,0,1
S00127750,43,43,0,0,0
S00127751,37,37,0,0,0
S00127752,54,54,0,0,0
S00127753,24,24,0,0,0
S00127754,28,28,0,0,0
S00127755,46,44,2,0,2
S00127756,52,51,1,0,1
S00127757,65,65,0,0,0
S00127758,45,45,0,0,0
S00127759,55,55,0,0,0
S00127760,61,59,2,0,2
S00127761,51,50,1,0,1
S00127762,45,44,1,0,1
S00127763,34,34,0,0,0
S00127764,58,58,0,0,0
S00127765,73,72,1,0,1
S00127766,73,72,1,0,1
S00127767,51,51,0,0,0
S00127768,65,65,0,0,0
S00127769,35,35,0,0,0
S00127770,69,67,2,0,2
S00127771,65,65,0,0,0
S00127772,52,48,4,0,4
S00127773,50,46,4,1,3
S00127774,40,40,0,0,0
S00127775,54,54,0,0,0
S00127776,45,45,0,0,0
S00127777,52,51,1,0,1
S00127778,78,77,1,0,1
S00127779,67,67,0,0,0
S00127780,52,52,0,0,0
S00127781,41,41,0,0,0
S00127782,53,52,1,0,1
S00127783,47,46,1,0,1
S00127784,47,47,0,0,0
S00127785,44,44,0,0,0
S00127786,58,52,6,0,6
S00127787,42,41,1,0,1
S00127788,38,38,0,0,0
S00127789,54,53,1,0,1
S00127790,41,41,0,0,0
S00127791,66,66,0,0,0
S00127792,47,47,0,0,0
S00127793,48,45,3,2,1
S00127794,49,48,1,0,1
S00127795,44,44,0,0,0
S00127796,62,60,2,0,2
S00127797,77,75,2,0,2
S00127798,65,65,0,0,0
S00127799,61,61,0,0,0
S00127800,66,60,6,0,6
S00127801,43,43,0,0,0
S00127802,49,49,0,0,0
S00127803,43,43,0,0,0
S00127804,48,48,0,0,0
S00127805,47,47,0,0,0
S00127806,57,56,1,0,1
S00127807,46,46,0,0,0
S00127808,82,78,4,0,4
S00127809,82,81,1,0,1
S00127810,28,28,0,0,0
S00127811,53,52,1,0,1
S00127812,84,82,2,0,2
S00127813,58,56,2,0,2
S00127814,54,51,3,0,3
S00127815,76,72,4,0,4
S00127816,55,53,2,0,2
S00127817,78,77,1,0,1
S00127818,55,49,6,0,6
S00127819,81,78,3,0,3
S00127820,66,66,0,0,0
S00127821,49,47,2,0,2
S00127822,61,60,1,0,1
S00127823,64,63,1,0,1
S00127824,50,48,2,0,2
S00127825,44,43,1,0,1
S00127826,55,52,3,0,3
S00127827,41,39,2,0,2
S00127828,29,28,1,0,1
S00127829,54,53,1,0,1
S00127830,46,46,0,0,0
S00127831,44,44,0,0,0
S00127832,42,41,1,0,1
S00127833,74,74,0,0,0
S00127834,69,69,0,0,0
S00127835,46,46,0,0,0
S00127836,39,38,1,0,1
S00127837,40,40,0,0,0
S00127838,57,56,1,0,1
S00127839,65,64,1,0,1
S00127840,83,69,14,0,14
S00127841,83,78,5,0,5
S00127842,75,71,4,0,4
S00127843,50,46,4,0,4
S00127844,54,50,4,0,4
S00127845,51,51,0,0,0
S00127846,57,56,1,0,1
S00127847,48,47,1,0,1
S00127848,62,60,2,0,2
S00127849,43,41,2,0,2
S00127850,46,45,1,0,1
S00127851,68,68,0,0,0
S00127852,49,47,2,0,2
S00127853,28,28,0,0,0
S00127854,72,69,3,0,3
S00127855,46,46,0,0,0
S00127856,59,59,0,0,0
S00127857,27,27,0,0,0
S00127858,75,74,1,0,1
S00127859,53,50,3,1,2
S00127860,60,60,0,0,0
S00127861,61,57,4,0,4
S00127862,24,24,0,0,0
S00127863,55,55,0,0,0
S00127864,52,50,2,1,1
S00127865,29,29,0,0,0
S00127866,52,50,2,0,2
S00127867,57,54,3,0,3
S00127868,55,54,1,0,1
S00127869,70,70,0,0,0
S00127870,71,67,4,0,4
S00127871,47,47,0,0,0
S00127872,47,47,0,0,0
S00127873,56,53,3,0,3
S00127874,58,58,0,0,0
S00127875,55,54,1,0,1
S00127876,60,57,3,0,3
S00127877,39,39,0,0,0
S00127878,60,60,0,0,0
S00127879,45,43,2,0,2
S00127880,32,32,0,0,0
S00127881,48,48,0,0,0
S00127882,60,58,2,0,2
S00127883,75,73,2,0,2
S00127884,61,61,0,0,0
S00127885,46,45,1,0,1
S00127886,58,58,0,0,0
S00127887,24,24,0,0,0
S00127888,31,31,0,0,0
S00127889,58,58,0,0,0
S00127890,54,54,0,0,0
S00127891,40,40,0,0,0
S00127892,78,77,1,0,1
S00127893,62,62,0,0,0
S00127894,47,47,0,0,0
S00127895,48,48,0,0,0
S00127896,46,46,0,0,0
S00127897,71,68,3,0,3
S00127898,60,59,1,0,1
S00127899,41,40,1,0,1
S00127900,41,41,0,0,0
S00127901,50,48,2,0,2
S00127902,45,42,3,0,3
S00127903,47,47,0,0,0
S00127904,54,53,1,0,1
S00127905,42,39,3,0,3
S00127906,45,42,3,0,3
S00127907,54,53,1,1,0
S00127908,44,42,2,1,1
S00127909,48,48,0,0,0
S00127910,43,43,0,0,0
S00127911,74,74,0,0,0
S00127912,73,73,0,0,0
S00127913,47,47,0,0,0
S00127914,33,33,0,0,0
S00127915,44,44,0,0,0
S00127916,44,43,1,0,1
S00127917,58,57,1,0,1
S00127918,65,64,1,0,1
S00127919,64,64,0,0,0
S00127920,56,55,1,0,1
S00127921,27,27,0,0,0
S00127922,33,33,0,0,0
S00127923,47,47,0,0,0
S00127924,45,44,1,0,1
S00127925,62,60,2,0,2
S00127926,51,51,0,0,0
S00127927,72,72,0,0,0
S00127928,63,63,0,0,0
S00127929,48,45,3,0,3
S00127930,48,48,0,0,0
S00127931,49,49,0,0,0
S00127932,47,47,0,0,0
S00127933,44,44,0,0,0
S00127934,53,53,0,0,0
S00127935,53,53,0,0,0
S00127936,44,43,1,0,1
S00127937,51,51,0,0,0
S00127938,53,52,1,0,1
S00127939,62,57,5,0,5
S00127940,48,47,1,0,1
S00127941,45,44,1,0,1
S00127942,32,31,1,0,1
S00127943,54,51,3,0,3
S00127944,48,48,0,0,0
S00127945,70,68,2,0,2
S00127946,66,63,3,0,3
S00127947,42,40,2,0,2
S00127948,60,55,5,0,5
S00127949,57,53,4,0,4
S00127950,28,28,0,0,0
S00127951,42,40,2,0,2
S00127952,42,41,1,0,1
S00127953,54,53,1,0,1
S00127954,46,46,0,0,0
S00127955,32,32,0,0,0
S00127956,68,68,0,0,0
S00127957,57,56,1,0,1
S00127958,53,51,2,0,2
S00127959,36,35,1,0,1
S00127960,41,40,1,0,1
S00127961,44,43,1,0,1
S00127962,48,48,0,0,0
S00127963,34,33,1,0,1
S00127964,31,31,0,0,0
S00127965,48,48,0,0,0
S00127966,34,30,4,0,4
S00127967,49,49,0,0,0
S00127968,53,51,2,0,2
S00127969,47,47,0,0,0
S00127970,26,26,0,0,0
S00127971,40,38,2,0,2
S00127972,41,41,0,0,0
S00127973,56,55,1,0,1
S00127974,40,40,0,0,0
S00127975,62,60,2,0,2
S00127976,42,41,1,0,1
S00127977,55,55,0,0,0
S00127978,54,54,0,0,0
S00127979,42,42,0,0,0
S00127980,58,58,0,0,0
S00127981,52,51,1,0,1
S00127982,48,48,0,0,0
S00127983,37,37,0,0,0
S00127984,40,40,0,0,0
S00127985,56,56,0,0,0
S00127986,51,51,0,0,0
S00127987,47,47,0,0,0
S00127988,52,52,0,0,0
S00127989,44,44,0,0,0
S00127990,64,64,0,0,0
S00127991,44,44,0,0,0
S00127992,50,50,0,0,0
S00127993,63,63,0,0,0
S00127994,44,44,0,0,0
S00127995,45,45,0,0,0
S00127996,59,57,2,0,2
S00127997,42,42,0,0,0
S00127998,48,45,3,0,3
S00127999,30,30,0,0,0
S00128000,66,66,0,0,0
S00128001,51,48,3,0,3
S00128002,58,57,1,0,1
S00128003,40,38,2,0,2
S00128004,58,58,0,0,0
S00128005,42,40,2,0,2
S00128006,44,44,0,0,0
S00128007,45,43,2,0,2
S00128008,44,42,2,0,2
S00128009,52,51,1,0,1
S00128010,52,50,2,0,2
S00128011,59,59,0,0,0
S00128012,52,51,1,0,1
S00128013,49,44,5,0,5
S00128014,68,66,2,0,2
S00128015,74,73,1,0,1
S00128016,62,56,6,1,5
S00128017,45,45,0,0,0
S00128018,47,47,0,0,0
S00128019,41,41,0,0,0
S00128020,52,52,0,0,0
S00128021,35,34,1,0,1
S00128022,48,46,2,0,2
S00128023,48,44,4,0,4
S00128024,45,42,3,0,3
S00128025,61,59,2,0,2
S00128026,72,69,3,0,3
S00128027,67,64,3,0,3
S00128028,35,35,0,0,0
S00128029,63,63,0,0,0
S00128030,40,39,1,0,1
S00128031,63,60,3,0,3
S00128032,50,49,1,0,1
S00128033,41,41,0,0,0
S00128034,48,48,0,0,0
S00128035,72,69,3,0,3
S00128036,50,49,1,1,0
S00128037,45,41,4,0,4
S00128038,45,42,3,0,3
S00128039,67,66,1,0,1
S00128040,28,28,0,0,0
S00128041,46,30,16,0,16
S00128042,58,55,3,0,3
S00128043,55,50,5,0,5
S00128044,72,70,2,0,2
S00128045,57,57,0,0,0
S00128046,69,69,0,0,0
S00128047,69,64,5,0,5
S00128048,56,55,1,0,1
S00128049,55,55,0,0,0
S00128050,56,53,3,0,3
S00128051,48,47,1,0,1
S00128052,75,71,4,0,4
S00128053,84,82,2,0,2
S00128054,62,59,3,0,3
S00128055,91,89,2,0,2
S00128056,40,40,0,0,0
S00128057,75,75,0,0,0
S00128058,77,77,0,0,0
S00128059,50,49,1,0,1
S00128060,27,26,1,0,1
S00128061,56,53,3,0,3
S00128062,45,45,0,0,0
S00128063,44,44,0,0,0
S00128064,64,60,4,0,4
S00128065,53,50,3,0,3
S00128066,63,60,3,0,3
S00128067,55,55,0,0,0
S00128068,57,56,1,0,1
S00128069,49,47,2,0,2
S00128070,44,44,0,0,0
S00128071,27,27,0,0,0
S00128072,82,80,2,1,1
S00128073,44,44,0,0,0
S00128074,48,48,0,0,0
S00128075,59,58,1,0,1
S00128076,64,61,3,0,3
S00128077,70,70,0,0,0
S00128078,62,62,0,0,0
S00128079,51,45,6,0,6
S00128080,59,57,2,0,2
S00128081,44,41,3,0,3
S00128082,49,47,2,0,2
S00128083,46,46,0,0,0
S00128084,65,63,2,0,2
S00128085,44,42,2,0,2
S00128086,44,37,7,0,7
S00128087,68,61,7,0,7
S00128088,52,51,1,0,1
S00128089,44,44,0,0,0
S00128090,52,51,1,0,1
S00128091,50,49,1,0,1
S00128092,46,46,0,0,0
S00128093,57,56,1,0,1
S00128094,52,52,0,0,0
S00128095,46,45,1,0,1
S00128096,55,55,0,0,0
S00128097,57,55,2,0,2
S00128098,78,76,2,0,2
S00128099,40,38,2,0,2
S00128100,85,79,6,0,6
S00128101,58,56,2,0,2
S00128102,46,46,0,0,0
S00128103,45,45,0,0,0
S00128104,52,52,0,0,0
S00128105,45,45,0,0,0
S00128106,37,36,1,0,1
S00128107,38,35,3,0,3
S00128108,56,55,1,0,1
S00128109,48,47,1,0,1
S00128110,59,54,5,0,5
S00128111,64,62,2,0,2
S00128112,74,72,2,0,2
S00128113,85,84,1,0,1
S00128114,50,50,0,0,0
S00128115,47,46,1,0,1
S00128116,39,39,0,0,0
S00128117,41,40,1,0,1
S00128118,56,55,1,0,1
S00128119,45,44,1,0,1
S00128120,50,49,1,0,1
S00128121,51,51,0,0,0
S00128122,54,54,0,0,0
S00128123,53,51,2,0,2
S00128124,48,48,0,0,0
S00128125,68,67,1,0,1
S00128126,47,47,0,0,0
S00128127,51,48,3,0,3
S00128128,42,42,0,0,0
S00128129,47,47,0,0,0
S00128130,33,33,0,0,0
S00128131,56,54,2,0,2
S00128132,71,63,8,0,8
S00128133,65,57,8,0,8
S00128134,63,60,3,0,3
S00128135,66,64,2,0,2
S00128136,74,74,0,0,0
S00128137,78,78,0,0,0
S00128138,32,31,1,0,1
S00128139,60,57,3,0,3
S00128140,44,44,0,0,0
S00128141,53,53,0,0,0
S00128142,44,41,3,0,3
S00128143,42,41,1,0,1
S00128144,72,71,1,1,0
S00128145,56,56,0,0,0
S00128146,74,73,1,0,1
S00128147,51,51,0,0,0
S00128148,60,59,1,0,1
S00128149,82,48,34,0,34
S00128150,71,70,1,0,1
S00128151,80,74,6,0,6
S00128152,71,65,6,0,6
S00128153,110,64,46,1,45
S00128154,73,71,2,1,1
S00128155,85,85,0,0,0
S00128156,69,67,2,0,2
S00128157,67,66,1,0,1
S00128158,54,53,1,0,1
S00128159,54,54,0,0,0
S00128160,58,56,2,0,2
S00128161,59,58,1,0,1
S00128162,57,56,1,0,1
S00128163,78,76,2,0,2
S00128164,66,60,6,0,6
S00128165,58,57,1,0,1
S00128166,42,42,0,0,0
S00128167,58,58,0,0,0
S00128168,68,67,1,0,1
S00128169,46,44,2,1,1
S00128170,72,69,3,0,3
S00128171,64,62,2,0,2
S00128172,44,44,0,0,0
S00128173,58,58,0,0,0
S00128174,45,44,1,0,1
S00128175,49,45,4,0,4
S00128176,43,43,0,0,0
S00128177,60,60,0,0,0
S00128178,56,56,0,0,0
S00128179,49,49,0,0,0
S00128180,48,47,1,0,1
S00128181,72,68,4,0,4
S00128182,41,41,0,0,0
S00128183,46,45,1,0,1
S00128184,42,41,1,0,1
S00128185,71,71,0,0,0
S00128186,44,44,0,0,0
S00128187,39,39,0,0,0
S00128188,46,45,1,0,1
S00128189,46,44,2,0,2
S00128190,60,59,1,0,1
S00128191,48,45,3,0,3
S00128192,53,51,2,0,2
S00128193,41,40,1,0,1
S00128194,58,57,1,0,1
S00128195,67,64,3,0,3
S00128196,60,60,0,0,0
S00128197,78,78,0,0,0
S00128198,69,68,1,0,1
S00128199,42,42,0,0,0
S00128200,41,41,0,0,0
S00128201,61,59,2,0,2
S00128202,52,51,1,0,1
S00128203,49,49,0,0,0
S00128204,40,38,2,0,2
S00128205,75,74,1,0,1
S00128206,75,74,1,0,1
S00128207,34,34,0,0,0
S00128208,41,38,3,0,3
S00128209,23,23,0,0,0
S00128210,56,56,0,0,0
S00128211,54,54,0,0,0
S00128212,39,39,0,0,0
S00128213,40,39,1,0,1
S00128214,40,40,0,0,0
S00128215,37,34,3,0,3
S00128216,55,52,3,1,2
S00128217,54,54,0,0,0
S00128218,43,43,0,0,0
S00128219,45,43,2,0,2
S00128220,73,70,3,0,3
S00128221,60,58,2,0,2
S00128222,34,32,2,0,2
S00128223,33,33,0,0,0
S00128224,50,47,3,0,3
S00128225,58,57,1,0,1
S00128226,73,66,7,0,7
S00128227,58,57,1,0,1
S00128228,74,73,1,0,1
S00128229,66,66,0,0,0
S00128230,63,63,0,0,0
S00128231,44,43,1,0,1
S00128232,46,46,0,0,0
S00128233,56,56,0,0,0
S00128234,51,50,1,0,1
S00128235,49,49,0,0,0
S00128236,66,66,0,0,0
S00128237,58,58,0,0,0
S00128238,60,60,0,0,0
S00128239,60,60,0,0,0
S00128240,53,52,1,0,1
S00128241,44,44,0,0,0
S00128242,80,80,0,0,0
S00128243,55,54,1,1,0
S00128244,47,46,1,0,1
S00128245,44,44,0,0,0
S00128246,43,43,0,0,0
S00128247,50,50,0,0,0
S00128248,33,33,0,0,0
S00128249,30,30,0,0,0
S00128250,48,48,0,0,0
S00128251,75,73,2,0,2
S00128252,72,72,0,0,0
S00128253,57,56,1,0,1
S00128254,71,71,0,0,0
S00128255,70,70,0,0,0
S00128256,55,55,0,0,0
S00128257,70,68,2,0,2
S00128258,43,41,2,0,2
S00128259,51,50,1,0,1
S00128260,55,53,2,0,2
S00128261,75,74,1,0,1
S00128262,52,52,0,0,0
S00128263,45,45,0,0,0
S00128264,64,64,0,0,0
S00128265,70,70,0,0,0
S00128266,66,66,0,0,0
S00128267,75,71,4,0,4
S00128268,69,69,0,0,0
S00128269,54,54,0,0,0
S00128270,48,48,0,0,0
S00128271,47,47,0,0,0
S00128272,55,52,3,0,3
S00128273,49,49,0,0,0
S00128274,55,55,0,0,0
S00128275,54,54,0,0,0
S00128276,45,44,1,1,0
S00128277,55,53,2,2,0
S00128278,47,46,1,0,1
S00128279,52,51,1,0,1
S00128280,75,75,0,0,0
S00128281,50,50,0,0,0
S00128282,33,32,1,0,1
S00128283,38,38,0,0,0
S00128284,40,39,1,0,1
S00128285,43,41,2,0,2
S00128286,53,48,5,0,5
S00128287,47,46,1,0,1
S00128288,47,45,2,0,2
S00128289,52,52,0,0,0
S00128290,36,36,0,0,0
S00128291,60,60,0,0,0
S00128292,58,57,1,0,1
S00128293,66,62,4,0,4
S00128294,40,40,0,0,0
S00128295,67,67,0,0,0
S00128296,71,68,3,0,3
S00128297,51,51,0,0,0
S00128298,65,65,0,0,0
S00128299,40,40,0,0,0
S00128300,44,44,0,0,0
S00128301,41,41,0,0,0
S00128302,63,63,0,0,0
S00128303,47,47,0,0,0
S00128304,32,32,0,0,0
S00128305,72,72,0,0,0
S00128306,51,51,0,0,0
S00128307,28,28,0,0,0
S00128308,53,53,0,0,0
S00128309,74,74,0,0,0
S00128310,51,51,0,0,0
S00128311,44,44,0,0,0
S00128312,49,49,0,0,0
S00128313,59,59,0,0,0
S00128314,49,49,0,0,0
S00128315,38,35,3,0,3
S00128316,43,43,0,0,0
S00128317,70,69,1,0,1
S00128318,61,60,1,0,1
S00128319,60,59,1,0,1
S00128320,61,61,0,0,0
S00128321,50,50,0,0,0
S00128322,70,70,0,0,0
S00128323,67,66,1,0,1
S00128324,77,76,1,0,1
S00128325,56,56,0,0,0
S00128326,55,55,0,0,0
S00128327,53,53,0,0,0
S00128328,42,41,1,0,1
S00128329,47,43,4,0,4
S00128330,41,40,1,1,0
S00128331,56,56,0,0,0
S00128332,53,53,0,0,0
S00128333,58,57,1,0,1
S00128334,45,44,1,0,1
S00128335,40,38,2,0,2
S00128336,70,70,0,0,0
S00128337,56,56,0,0,0
S00128338,41,41,0,0,0
S00128339,64,64,0,0,0
S00128340,70,70,0,0,0
S00128341,47,45,2,0,2
S00128342,47,46,1,0,1
S00128343,58,57,1,0,1
S00128344,47,47,0,0,0
S00128345,44,44,0,0,0
S00128346,66,63,3,0,3
S00128347,41,41,0,0,0
S00128348,48,48,0,0,0
S00128349,58,57,1,0,1
S00128350,66,63,3,0,3
S00128351,46,44,2,0,2
S00128352,49,47,2,0,2
S00128353,32,32,0,0,0
S00128354,72,70,2,0,2
S00128355,64,64,0,0,0
S00128356,59,59,0,0,0
S00128357,47,47,0,0,0
S00128358,50,48,2,0,2
S00128359,56,56,0,0,0
S00128360,55,55,0,0,0
S00128361,49,49,0,0,0
S00128362,81,77,4,0,4
S00128363,51,51,0,0,0
S00128364,52,51,1,0,1
S00128365,41,41,0,0,0
S00128366,66,64,2,0,2
S00128367,47,46,1,0,1
S00128368,34,32,2,0,2
S00128369,67,67,0,0,0
S00128370,74,73,1,0,1
S00128371,55,55,0,0,0
S00128372,65,65,0,0,0
S00128373,58,56,2,0,2
S00128374,45,45,0,0,0
S00128375,71,71,0,0,0
S00128376,69,66,3,1,2
S00128377,47,47,0,0,0
S00128378,78,78,0,0,0
S00128379,52,52,0,0,0
S00128380,40,40,0,0,0
S00128381,64,64,0,0,0
S00128382,73,73,0,0,0
S00128383,60,59,1,0,1
S00128384,70,70,0,0,0
S00128385,50,50,0,0,0
S00128386,52,51,1,0,1
S00128387,45,45,0,0,0
S00128388,37,37,0,0,0
S00128389,47,46,1,0,1
S00128390,41,41,0,0,0
S00128391,76,75,1,0,1
S00128392,56,54,2,0,2
S00128393,63,63,0,0,0
S00128394,24,24,0,0,0
S00128395,32,31,1,1,0
S00128396,32,31,1,0,1
S00128397,44,43,1,0,1
S00128398,64,62,2,0,2
S00128399,67,66,1,0,1
S00128400,61,61,0,0,0
S00128401,52,51,1,0,1
S00128402,30,30,0,0,0
S00128403,65,65,0,0,0
S00128404,56,56,0,0,0
S00128405,45,45,0,0,0
S00128406,66,66,0,0,0
S00128407,67,67,0,0,0
S00128408,41,41,0,0,0
S00128409,44,44,0,0,0
S00128410,30,29,1,0,1
S00128411,74,73,1,0,1
S00128412,43,43,0,0,0
S00128413,45,45,0,0,0
S00128414,44,44,0,0,0
S00128415,60,60,0,0,0
S00128416,46,46,0,0,0
S00128417,56,56,0,0,0
S00128418,43,43,0,0,0
S00128419,41,41,0,0,0
S00128420,52,52,0,0,0
S00128421,67,64,3,0,3
S00128422,77,75,2,1,1
S00128423,74,72,2,0,2
S00128424,56,56,0,0,0
S00128425,71,71,0,0,0
S00128426,55,55,0,0,0
S00128427,64,63,1,0,1
S00128428,56,56,0,0,0
S00128429,70,67,3,0,3
S00128430,61,61,0,0,0
S00128431,54,53,1,0,1
S00128432,41,41,0,0,0
S00128433,27,27,0,0,0
S00128434,48,47,1,0,1
S00128435,51,51,0,0,0
S00128436,60,57,3,0,3
S00128437,46,46,0,0,0
S00128438,51,51,0,0,0
S00128439,58,57,1,0,1
S00128440,60,58,2,0,2
S00128441,64,63,1,0,1
S00128442,36,35,1,0,1
S00128443,39,39,0,0,0
S00128444,75,75,0,0,0
S00128445,55,55,0,0,0
S00128446,54,53,1,0,1
S00128447,71,71,0,0,0
S00128448,76,75,1,0,1
S00128449,56,55,1,1,0
S00128450,67,66,1,0,1
S00128451,71,71,0,0,0
S00128452,56,55,1,0,1
S00128453,48,47,1,0,1
S00128454,55,54,1,0,1
S00128455,46,46,0,0,0
S00128456,68,68,0,0,0
S00128457,35,34,1,0,1
S00128458,54,53,1,0,1
S00128459,33,32,1,0,1
S00128460,46,46,0,0,0
S00128461,33,32,1,0,1
S00128462,40,39,1,0,1
S00128463,58,58,0,0,0
S00128464,48,44,4,0,4
S00128465,44,42,2,0,2
S00128466,48,47,1,0,1
S00128467,25,25,0,0,0
S00128468,62,59,3,0,3
S00128469,37,36,1,0,1
S00128470,45,44,1,0,1
S00128471,47,42,5,0,5
S00128472,23,23,0,0,0
S00128473,72,71,1,0,1
S00128474,48,48,0,0,0
S00128475,25,25,0,0,0
S00128476,70,69,1,0,1
S00128477,52,52,0,0,0
S00128478,41,41,0,0,0
S00128479,40,36,4,0,4
S00128480,51,51,0,0,0
S00128481,53,52,1,0,1
S00128482,42,40,2,0,2
S00128483,36,36,0,0,0
S00128484,22,22,0,0,0
S00128485,22,22,0,0,0
S00128486,42,41,1,0,1
S00128487,72,72,0,0,0
S00128488,74,73,1,0,1
S00128489,57,57,0,0,0
S00128490,48,47,1,0,1
S00128491,46,46,0,0,0
S00128492,24,23,1,0,1
S00128493,36,35,1,0,1
S00128494,44,42,2,0,2
S00128495,54,53,1,0,1
S00128496,67,66,1,0,1
S00128497,53,52,1,0,1
S00128498,69,69,0,0,0
S00128499,75,72,3,0,3
S00128500,40,39,1,0,1
S00128501,57,57,0,0,0
S00128502,72,64,8,0,8
S00128503,64,62,2,0,2
S00128504,51,48,3,0,3
S00128505,36,30,6,0,6
S00128506,43,36,7,0,7
S00128507,36,34,2,0,2
S00128508,30,30,0,0,0
S00128509,53,53,0,0,0
S00128510,70,69,1,0,1
S00128511,37,35,2,0,2
S00128512,38,37,1,0,1
S00128513,52,52,0,0,0
S00128514,29,29,0,0,0
S00128515,57,54,3,0,3
S00128516,55,53,2,0,2
S00128517,42,42,0,0,0
S00128518,37,37,0,0,0
S00128519,50,47,3,0,3
S00128520,48,47,1,0,1
S00128521,62,61,1,0,1
S00128522,38,38,0,0,0
S00128523,34,32,2,0,2
S00128524,65,64,1,0,1
S00128525,53,51,2,0,2
S00128526,40,37,3,0,3
S00128527,66,66,0,0,0
S00128528,72,60,12,0,12
S00128529,73,71,2,0,2
S00128530,66,62,4,0,4
S00128531,74,62,12,0,12
S00128532,26,26,0,0,0
S00128533,60,59,1,0,1
S00128534,47,40,7,0,7
S00128535,32,30,2,0,2
S00128536,37,37,0,0,0
S00128537,82,79,3,0,3
S00128538,47,46,1,0,1
S00128539,68,67,1,0,1
S00128540,34,31,3,0,3
S00128541,64,55,9,0,9
S00128542,42,42,0,0,0
S00128543,79,75,4,0,4
S00128544,73,65,8,0,8
S00128545,40,37,3,0,3
S00128546,54,47,7,0,7
S00128547,37,36,1,0,1
S00128548,76,75,1,0,1
S00128549,91,80,11,0,11
S00128550,38,37,1,0,1
S00128551,38,38,0,0,0
S00128552,39,37,2,0,2
S00128553,64,57,7,0,7
S00128554,63,61,2,1,1
S00128555,45,41,4,0,4
S00128556,51,50,1,0,1
S00128557,46,43,3,0,3
S00128558,33,32,1,0,1
S00128559,47,45,2,0,2
S00128560,33,31,2,0,2
S00128561,32,31,1,0,1
S00128562,36,36,0,0,0
S00128563,50,50,0,0,0
S00128564,62,56,6,0,6
S00128565,56,52,4,0,4
S00128566,42,42,0,0,0
S00128567,40,39,1,0,1
S00128568,45,44,1,0,1
S00128569,22,22,0,0,0
S00128570,36,35,1,0,1
S00128571,51,51,0,0,0
S00128572,59,59,0,0,0
S00128573,39,39,0,0,0
S00128574,47,47,0,0,0
S00128575,45,39,6,0,6
S00128576,65,62,3,0,3
S00128577,70,62,8,0,8
S00128578,73,61,12,0,12
S00128579,41,35,6,0,6
S00128580,49,44,5,0,5
S00128581,42,39,3,0,3
S00128582,72,65,7,0,7
S00128583,49,47,2,0,2
S00128584,48,47,1,0,1
S00128585,36,36,0,0,0
S00128586,64,64,0,0,0
S00128587,50,50,0,0,0
S00128588,33,33,0,0,0
S00128589,44,44,0,0,0
S00128590,44,44,0,0,0
S00128591,44,44,0,0,0
S00128592,60,53,7,0,7
S00128593,33,32,1,0,1
S00128594,62,62,0,0,0
S00128595,49,48,1,0,1
S00128596,42,42,0,0,0
S00128597,48,46,2,0,2
S00128598,42,41,1,0,1
S00128599,32,32,0,0,0
S00128600,55,55,0,0,0
S00128601,54,53,1,0,1
S00128602,40,40,0,0,0
S00128603,50,50,0,0,0
S00128604,39,38,1,0,1
S00128605,58,54,4,0,4
S00128606,30,30,0,0,0
S00128607,52,51,1,0,1
S00128608,35,34,1,0,1
S00128609,53,53,0,0,0
S00128610,86,83,3,0,3
S00128611,48,46,2,0,2
S00128612,39,36,3,0,3
S00128613,57,56,1,0,1
S00128614,29,29,0,0,0
S00128615,44,42,2,0,2
S00128616,45,45,0,0,0
S00128617,52,51,1,0,1
S00128618,35,34,1,0,1
S00128619,37,34,3,0,3
S00128620,74,69,5,0,5
S00128621,78,78,0,0,0
S00128622,31,29,2,0,2
S00128623,49,49,0,0,0
S00128624,47,47,0,0,0
S00128625,52,52,0,0,0
S00128626,43,43,0,0,0
S00128627,35,35,0,0,0
S00128628,56,55,1,0,1
S00128629,50,50,0,0,0
S00128630,39,39,0,0,0
S00128631,31,31,0,0,0
S00128632,54,51,3,0,3
S00128633,66,66,0,0,0
S00128634,51,51,0,0,0
S00128635,41,40,1,0,1
S00128636,42,41,1,0,1
S00128637,58,55,3,0,3
S00128638,47,47,0,0,0
S00128639,55,53,2,0,2
S00128640,42,41,1,0,1
S00128641,53,49,4,0,4
S00128642,44,41,3,1,2
S00128643,59,56,3,1,2
S00128644,29,29,0,0,0
S00128645,40,40,0,0,0
S00128646,46,44,2,1,1
S00128647,32,32,0,0,0
S00128648,49,47,2,0,2
S00128649,36,36,0,0,0
S00128650,47,46,1,0,1
S00128651,38,37,1,0,1
S00128652,62,62,0,0,0
S00128653,43,43,0,0,0
S00128654,57,57,0,0,0
S00128655,55,55,0,0,0
S00128656,27,27,0,0,0
S00128657,59,59,0,0,0
S00128658,65,65,0,0,0
S00128659,70,69,1,0,1
S00128660,52,52,0,0,0
S00128661,39,39,0,0,0
S00128662,47,44,3,0,3
S00128663,46,46,0,0,0
S00128664,63,63,0,0,0
S00128665,28,28,0,0,0
S00128666,49,49,0,0,0
S00128667,58,58,0,0,0
S00128668,73,71,2,0,2
S00128669,47,42,5,0,5
S00128670,86,74,12,0,12
S00128671,46,43,3,1,2
S00128672,44,41,3,0,3
S00128673,32,31,1,0,1
S00128674,45,43,2,0,2
S00128675,53,53,0,0,0
S00128676,56,56,0,0,0
S00128677,63,62,1,0,1
S00128678,31,31,0,0,0
S00128679,53,53,0,0,0
S00128680,76,75,1,0,1
S00128681,22,21,1,0,1
S00128682,23,22,1,0,1
S00128683,65,64,1,0,1
S00128684,51,50,1,0,1
S00128685,47,46,1,0,1
S00128686,58,57,1,0,1
S00128687,31,31,0,0,0
S00128688,56,56,0,0,0
S00128689,30,30,0,0,0
S00128690,61,57,4,0,4
S00128691,38,37,1,0,1
S00128692,55,55,0,0,0
S00128693,71,68,3,0,3
S00128694,45,44,1,0,1
S00128695,24,24,0,0,0
S00128696,41,41,0,0,0
S00128697,62,59,3,0,3
S00128698,81,75,6,0,6
S00128699,45,45,0,0,0
S00128700,38,37,1,0,1
S00128701,40,39,1,0,1
S00128702,87,86,1,0,1
S00128703,63,61,2,0,2
S00128704,61,60,1,1,0
S00128705,49,48,1,0,1
S00128706,58,57,1,0,1
S00128707,50,49,1,0,1
S00128708,57,57,0,0,0
S00128709,47,46,1,0,1
S00128710,51,50,1,0,1
S00128711,59,54,5,0,5
S00128712,40,40,0,0,0
S00128713,50,45,5,1,4
S00128714,36,35,1,0,1
S00128715,92,76,16,1,15
S00128716,42,41,1,0,1
S00128717,36,36,0,0,0
S00128718,62,61,1,0,1
S00128719,53,51,2,0,2
S00128720,41,41,0,0,0
S00128721,65,65,0,0,0
S00128722,84,84,0,0,0
S00128723,66,65,1,1,0
S00128724,30,30,0,0,0
S00128725,32,31,1,1,0
S00128726,47,46,1,0,1
S00128727,46,43,3,0,3
S00128728,56,56,0,0,0
S00128729,68,68,0,0,0
S00128730,77,72,5,0,5
S00128731,65,62,3,0,3
S00128732,84,74,10,0,10
S00128733,43,39,4,0,4
S00128734,49,47,2,0,2
S00128735,54,54,0,0,0
S00128736,37,34,3,0,3
S00128737,68,54,14,0,14
S00128738,62,62,0,0,0
S00128739,95,95,0,0,0
S00128740,78,78,0,0,0
S00128741,59,59,0,0,0
S00128742,62,60,2,1,1
S00128743,47,44,3,0,3
S00128744,72,72,0,0,0
S00128745,69,65,4,0,4
S00128746,71,65,6,0,6
S00128747,38,37,1,0,1
S00128748,39,39,0,0,0
S00128749,42,41,1,0,1
S00128750,61,57,4,0,4
S00128751,49,49,0,0,0
S00128752,39,39,0,0,0
S00128753,44,44,0,0,0
S00128754,69,69,0,0,0
S00128755,52,46,6,0,6
S00128756,48,44,4,0,4
S00128757,90,86,4,0,4
S00128758,65,64,1,0,1
S00128759,64,62,2,0,2
S00128760,34,34,0,0,0
S00128761,30,29,1,0,1
S00128762,63,63,0,0,0
S00128763,32,32,0,0,0
S00128764,92,90,2,0,2
S00128765,69,68,1,0,1
S00128766,61,61,0,0,0
S00128767,59,59,0,0,0
S00128768,31,31,0,0,0
S00128769,21,21,0,0,0
S00128770,32,32,0,0,0
S00128771,31,31,0,0,0
S00128772,47,47,0,0,0
S00128773,68,68,0,0,0
S00128774,56,56,0,0,0
S00128775,47,47,0,0,0
S00128776,50,49,1,0,1
S00128777,70,57,13,0,13
S00128778,59,58,1,0,1
S00128779,46,44,2,0,2
S00128780,43,42,1,0,1
S00128781,75,73,2,0,2
S00128782,71,71,0,0,0
S00128783,49,49,0,0,0
S00128784,34,34,0,0,0
S00128785,65,65,0,0,0
S00128786,37,37,0,0,0
S00128787,75,72,3,0,3
S00128788,54,54,0,0,0
S00128789,60,60,0,0,0
S00128790,43,42,1,0,1
S00128791,72,72,0,0,0
S00128792,31,30,1,0,1
S00128793,32,30,2,0,2
S00128794,58,58,0,0,0
S00128795,37,35,2,0,2
S00128796,36,35,1,0,1
S00128797,33,32,1,0,1
S00128798,51,51,0,0,0
S00128799,73,73,0,0,0
S00128800,64,63,1,0,1
S00128801,66,66,0,0,0
S00128802,64,64,0,0,0
S00128803,45,45,0,0,0
S00128804,80,78,2,0,2
S00128805,30,28,2,0,2
S00128806,52,51,1,0,1
S00128807,39,38,1,0,1
S00128808,56,54,2,0,2
S00128809,42,40,2,0,2
S00128810,74,72,2,0,2
S00128811,62,58,4,0,4
S00128812,74,71,3,0,3
S00128813,47,44,3,0,3
S00128814,57,55,2,0,2
S00128815,44,43,1,0,1
S00128816,58,55,3,0,3
S00128817,52,51,1,0,1
S00128818,54,54,0,0,0
S00128819,51,51,0,0,0
S00128820,34,33,1,0,1
S00128821,63,62,1,0,1
S00128822,54,53,1,0,1
S00128823,41,40,1,0,1
S00128824,72,72,0,0,0
S00128825,58,58,0,0,0
S00128826,40,37,3,0,3
S00128827,55,52,3,0,3
S00128828,46,45,1,0,1
S00128829,46,45,1,0,1
S00128830,36,34,2,0,2
S00128831,57,55,2,1,1
S00128832,39,38,1,0,1
S00128833,67,64,3,0,3
S00128834,42,42,0,0,0
S00128835,53,53,0,0,0
S00128836,76,75,1,1,0
S00128837,77,75,2,0,2
S00128838,37,37,0,0,0
S00128839,62,46,16,2,14
S00128840,65,56,9,1,8
S00128841,81,80,1,1,0
S00128842,86,54,32,0,32
S00128843,54,54,0,0,0
S00128844,37,37,0,0,0
S00128845,31,31,0,0,0
S00128846,59,58,1,0,1
S00128847,47,47,0,0,0
S00128848,52,52,0,0,0
S00128849,74,72,2,0,2
S00128850,72,72,0,0,0
S00128851,55,54,1,0,1
S00128852,68,68,0,0,0
S00128853,48,46,2,1,1
S00128854,74,71,3,0,3
S00128855,70,70,0,0,0
S00128856,33,32,1,1,0
S00128857,56,55,1,0,1
S00128858,32,31,1,0,1
S00128859,40,39,1,0,1
S00128860,66,65,1,0,1
S00128861,47,47,0,0,0
S00128862,40,39,1,0,1
S00128863,83,83,0,0,0
S00128864,39,37,2,0,2
S00128865,50,50,0,0,0
S00128866,32,32,0,0,0
S00128867,23,23,0,0,0
S00128868,70,70,0,0,0
S00128869,38,38,0,0,0
S00128870,43,43,0,0,0
S00128871,39,39,0,0,0
S00128872,29,29,0,0,0
S00128873,58,56,2,0,2
S00128874,25,25,0,0,0
S00128875,74,73,1,0,1
S00128876,32,30,2,0,2
S00128877,55,53,2,0,2
S00128878,59,50,9,1,8
S00128879,48,48,0,0,0
S00128880,38,38,0,0,0
S00128881,69,69,0,0,0
S00128882,36,34,2,0,2
S00128883,60,60,0,0,0
S00128884,83,82,1,0,1
S00128885,49,48,1,0,1
S00128886,65,65,0,0,0
S00128887,23,23,0,0,0
S00128888,22,22,0,0,0
S00128889,58,58,0,0,0
S00128890,33,33,0,0,0
S00128891,51,51,0,0,0
S00128892,39,39,0,0,0
S00128893,57,56,1,0,1
S00128894,33,33,0,0,0
S00128895,49,48,1,0,1
S00128896,32,32,0,0,0
S00128897,96,94,2,1,1
S00128898,53,53,0,0,0
S00128899,32,32,0,0,0
S00128900,54,54,0,0,0
S00128901,34,34,0,0,0
S00128902,52,51,1,0,1
S00128903,39,39,0,0,0
S00128904,51,51,0,0,0
S00128905,37,37,0,0,0
S00128906,65,65,0,0,0
S00128907,35,34,1,0,1
S00128908,60,59,1,0,1
S00128909,23,23,0,0,0
S00128910,54,54,0,0,0
S00128911,33,31,2,0,2
S00128912,41,41,0,0,0
S00128913,44,44,0,0,0
S00128914,58,57,1,0,1
S00128915,42,42,0,0,0
S00128916,52,51,1,0,1
S00128917,47,45,2,0,2
S00128918,55,55,0,0,0
S00128919,40,40,0,0,0
S00128920,67,66,1,0,1
S00128921,47,47,0,0,0
S00128922,44,44,0,0,0
S00128923,54,53,1,0,1
S00128924,57,55,2,0,2
S00128925,56,55,1,0,1
S00128926,64,64,0,0,0
S00128927,43,43,0,0,0
S00128928,70,70,0,0,0
S00128929,36,36,0,0,0
S00128930,56,56,0,0,0
S00128931,40,40,0,0,0
S00128932,66,66,0,0,0
S00128933,41,40,1,0,1
S00128934,56,55,1,0,1
S00128935,26,26,0,0,0
S00128936,56,54,2,0,2
S00128937,58,54,4,0,4
S00128938,52,50,2,0,2
S00128939,65,65,0,0,0
S00128940,49,47,2,0,2
S00128941,43,42,1,0,1
S00128942,58,58,0,0,0
S00128943,74,70,4,1,3
S00128944,54,53,1,1,0
S00128945,49,36,13,10,3
S00128946,28,26,2,1,1
S00128947,77,75,2,1,1
S00128948,58,43,15,4,11
S00128949,82,75,7,1,6
S00128950,77,73,4,1,3
S00128951,78,70,8,2,6
S00128952,58,55,3,0,3
S00128953,70,68,2,0,2
S00128954,49,49,0,0,0
S00128955,56,49,7,3,4
S00128956,32,32,0,0,0
S00128957,66,63,3,1,2
S00128958,30,29,1,0,1
S00128959,64,60,4,2,2
S00128960,42,39,3,1,2
S00128961,35,34,1,1,0
S00128962,88,84,4,1,3
S00128963,40,39,1,0,1
S00128964,36,34,2,0,2
S00128965,57,56,1,1,0
S00128966,50,50,0,0,0
S00128967,36,35,1,1,0
S00128968,75,74,1,1,0
S00128969,67,66,1,1,0
S00128970,61,57,4,0,4
S00128971,67,66,1,0,1
S00128972,59,54,5,0,5
S00128973,42,42,0,0,0
S00128974,62,55,7,1,6
S00128975,57,54,3,3,0
S00128976,68,48,20,7,13
S00128977,35,35,0,0,0
S00128978,46,46,0,0,0
S00128979,47,47,0,0,0
S00128980,47,38,9,1,8
S00128981,36,36,0,0,0
S00128982,64,58,6,3,3
S00128983,43,40,3,2,1
S00128984,43,40,3,3,0
S00128985,58,56,2,2,0
S00128986,31,29,2,1,1
S00128987,49,47,2,2,0
S00128988,30,27,3,3,0
S00128989,68,66,2,1,1
S00128990,46,44,2,2,0
S00128991,71,66,5,3,2
S00128992,81,71,10,3,7
S00128993,55,50,5,2,3
S00128994,37,31,6,2,4
S00128995,67,57,10,4,6
S00128996,88,72,16,2,14
S00128997,28,27,1,1,0
S00128998,72,70,2,0,2
S00128999,62,53,9,4,5
S00129000,49,43,6,5,1
S00129001,30,29,1,1,0
S00129002,31,29,2,0,2
S00129003,63,55,8,5,3
S00129004,85,75,10,8,2
S00129005,61,57,4,2,2
S00129006,23,22,1,1,0
S00129007,75,69,6,2,4
S00129008,73,59,14,11,3
S00129009,72,64,8,7,1
S00129010,38,33,5,4,1
S00129011,50,47,3,2,1
S00129012,55,51,4,4,0
S00129013,98,80,18,15,3
S00129014,49,31,18,13,5
S00129015,51,45,6,4,2
S00129016,78,60,18,5,13
S00129017,48,45,3,2,1
S00129018,49,47,2,2,0
S00129019,45,34,11,11,0
S00129020,60,54,6,1,5
S00129021,35,30,5,5,0
S00129022,54,49,5,5,0
S00129023,61,57,4,0,4
S00129024,64,57,7,2,5
S00129025,47,45,2,2,0
S00129026,68,67,1,0,1
S00129027,47,46,1,1,0
S00129028,44,43,1,0,1
S00129029,52,51,1,0,1
S00129030,77,75,2,1,1
S00129031,43,41,2,0,2
S00129032,29,28,1,1,0
S00129033,54,53,1,0,1
S00129034,65,65,0,0,0
S00129035,27,26,1,0,1
S00129036,72,71,1,0,1
S00129037,52,52,0,0,0
S00129038,47,47,0,0,0
S00129039,51,50,1,0,1
S00129040,59,56,3,3,0
S00129041,45,42,3,2,1
S00129042,43,42,1,0,1
S00129043,75,69,6,1,5
S00129044,64,59,5,1,4
S00129045,80,75,5,0,5
S00129046,54,51,3,2,1
S00129047,42,42,0,0,0
S00129048,50,46,4,2,2
S00129049,50,46,4,0,4
S00129050,37,35,2,0,2
S00129051,63,57,6,2,4
S00129052,62,57,5,2,3
S00129053,40,35,5,1,4
S00129054,40,38,2,1,1
S00129055,48,43,5,1,4
S00129056,39,35,4,1,3
S00129057,36,31,5,1,4
S00129058,59,53,6,3,3
S00129059,40,32,8,2,6
S00129060,43,43,0,0,0
S00129061,48,46,2,0,2
S00129062,78,74,4,1,3
S00129063,72,72,0,0,0
S00129064,35,35,0,0,0
S00129065,36,34,2,0,2
S00129066,56,51,5,1,4
S00129067,59,57,2,1,1
S00129068,42,40,2,0,2
S00129069,59,56,3,1,2
S00129070,74,71,3,0,3
S00129071,42,41,1,0,1
S00129072,55,47,8,1,7
S00129073,72,68,4,2,2
S00129074,29,28,1,0,1
S00129075,75,64,11,6,5
S00129076,42,42,0,0,0
S00129077,23,22,1,0,1
S00129078,67,59,8,5,3
S00129079,41,36,5,2,3
S00129080,27,27,0,0,0
S00129081,33,32,1,1,0
S00129082,30,30,0,0,0
S00129083,49,49,0,0,0
S00129084,38,37,1,1,0
S00129085,53,53,0,0,0
S00129086,36,36,0,0,0
S00129087,60,54,6,0,6
S00129088,36,34,2,0,2
S00129089,55,54,1,1,0
S00129090,68,67,1,0,1
S00129091,82,78,4,3,1
S00129092,30,30,0,0,0
S00129093,26,25,1,0,1
S00129094,38,31,7,4,3
S00129095,40,31,9,6,3
S00129096,69,64,5,2,3
S00129097,30,30,0,0,0
S00129098,29,29,0,0,0
S00129099,39,39,0,0,0
S00129100,83,82,1,1,0
S00129101,47,47,0,0,0
S00129102,37,36,1,0,1
S00129103,57,57,0,0,0
S00129104,74,74,0,0,0
S00129105,38,38,0,0,0
S00129106,29,29,0,0,0
S00129107,105,98,7,3,4
S00129108,30,26,4,2,2
S00129109,65,64,1,0,1
S00129110,31,31,0,0,0
S00129111,80,77,3,2,1
S00129112,49,46,3,0,3
S00129113,81,77,4,0,4
S00129114,61,61,0,0,0
S00129115,48,45,3,0,3
S00129116,60,57,3,0,3
S00129117,28,28,0,0,0
S00129118,63,62,1,0,1
S00129119,43,43,0,0,0
S00129120,37,37,0,0,0
S00129121,65,61,4,0,4
S00129122,60,59,1,0,1
S00129123,47,45,2,0,2
S00129124,42,39,3,2,1
S00129125,77,71,6,3,3
S00129126,25,25,0,0,0
S00129127,62,60,2,1,1
S00129128,46,45,1,1,0
S00129129,45,45,0,0,0
S00129130,28,28,0,0,0
S00129131,69,64,5,0,5
S00129132,54,54,0,0,0
S00129133,44,44,0,0,0
S00129134,73,71,2,1,1
S00129135,73,73,0,0,0
S00129136,46,46,0,0,0
S00129137,46,46,0,0,0
S00129138,33,33,0,0,0
S00129139,42,41,1,0,1
S00129140,63,52,11,8,3
S00129141,120,114,6,2,4
S00129142,54,53,1,0,1
S00129143,26,26,0,0,0
S00129144,57,49,8,0,8
S00129145,29,26,3,0,3
S00129146,62,57,5,1,4
S00129147,65,60,5,1,4
S00129148,52,47,5,3,2
S00129149,46,44,2,1,1
S00129150,24,23,1,1,0
S00129151,49,49,0,0,0
S00129152,60,58,2,0,2
S00129153,62,57,5,1,4
S00129154,45,42,3,0,3
S00129155,36,26,10,2,8
S00129156,31,28,3,0,3
S00129157,71,71,0,0,0
S00129158,83,76,7,3,4
S00129159,49,48,1,0,1
S00129160,60,58,2,0,2
S00129161,46,41,5,5,0
S00129162,41,40,1,0,1
S00129163,54,49,5,4,1
S00129164,58,54,4,0,4
S00129165,29,28,1,0,1
S00129166,57,52,5,1,4
S00129167,29,25,4,0,4
S00129168,26,26,0,0,0
S00129169,48,44,4,1,3
S00129170,57,57,0,0,0
S00129171,24,24,0,0,0
S00129172,63,56,7,7,0
S00129173,32,30,2,0,2
S00129174,73,71,2,1,1
S00129175,54,50,4,3,1
S00129176,64,58,6,4,2
S00129177,45,39,6,6,0
S00129178,51,49,2,1,1
S00129179,31,31,0,0,0
S00129180,33,32,1,0,1
S00129181,47,43,4,0,4
S00129182,63,58,5,4,1
S00129183,30,20,10,1,9
S00129184,69,65,4,0,4
S00129185,48,45,3,1,2
S00129186,48,48,0,0,0
S00129187,62,51,11,10,1
S00129188,62,62,0,0,0
S00129189,33,29,4,0,4
S00129190,37,36,1,0,1
S00129191,59,58,1,0,1
S00129192,33,32,1,0,1
S00129193,42,42,0,0,0
S00129194,65,59,6,5,1
S00129195,27,26,1,0,1
S00129196,93,85,8,6,2
S00129197,63,49,14,14,0
S00129198,46,30,16,14,2
S00129199,40,36,4,2,2
S00129200,86,48,38,36,2
S00129201,52,44,8,5,3
S00129202,53,45,8,6,2
S00129203,48,42,6,5,1
S00129204,75,65,10,8,2
S00129205,57,43,14,10,4
S00129206,51,42,9,6,3
S00129207,37,29,8,3,5
S00129208,66,58,8,8,0
S00129209,85,61,24,20,4
S00129210,62,56,6,3,3
S00129211,58,51,7,7,0
S00129212,52,49,3,2,1
S00129213,51,49,2,0,2
S00129214,57,42,15,10,5
S00129215,51,40,11,3,8
S00129216,90,84,6,1,5
S00129217,42,39,3,1,2
S00129218,45,42,3,2,1
S00129219,40,37,3,1,2
S00129220,61,53,8,1,7
S00129221,57,57,0,0,0
S00129222,74,69,5,4,1
S00129223,85,77,8,7,1
S00129224,73,62,11,8,3
S00129225,88,77,11,8,3
S00129226,45,43,2,1,1
S00129227,41,38,3,3,0
S00129228,58,44,14,11,3
S00129229,47,35,12,11,1
S00129230,77,60,17,14,3
S00129231,59,54,5,4,1
S00129232,55,53,2,2,0
S00129233,50,45,5,3,2
S00129234,74,58,16,12,4
S00129235,78,70,8,4,4
S00129236,63,62,1,0,1
S00129237,48,48,0,0,0
S00129238,57,55,2,0,2
S00129239,40,40,0,0,0
S00129240,72,67,5,1,4
S00129241,64,63,1,0,1
S00129242,75,75,0,0,0
S00129243,76,75,1,0,1
S00129244,52,47,5,5,0
S00129245,49,46,3,0,3
S00129246,39,39,0,0,0
S00129247,64,58,6,0,6
S00129248,41,40,1,0,1
S00129249,72,68,4,1,3
S00129250,59,57,2,0,2
S00129251,69,66,3,0,3
S00129252,74,70,4,2,2
S00129253,57,57,0,0,0
S00129254,44,42,2,0,2
S00129255,42,41,1,0,1
S00129256,52,49,3,0,3
S00129257,53,52,1,0,1
S00129258,42,42,0,0,0
S00129259,48,43,5,0,5
S00129260,33,33,0,0,0
S00129261,71,70,1,0,1
S00129262,68,63,5,3,2
S00129263,82,75,7,7,0
S00129264,56,54,2,2,0
S00129265,77,72,5,0,5
S00129266,55,49,6,5,1
S00129267,77,75,2,0,2
S00129268,48,44,4,0,4
S00129269,69,67,2,1,1
S00129270,67,66,1,0,1
S00129271,50,46,4,2,2
S00129272,41,41,0,0,0
S00129273,39,38,1,0,1
S00129274,56,50,6,0,6
S00129275,53,46,7,4,3
S00129276,52,47,5,2,3
S00129277,33,30,3,0,3
S00129278,34,34,0,0,0
S00129279,49,48,1,0,1
S00129280,65,62,3,0,3
S00129281,30,30,0,0,0
S00129282,49,49,0,0,0
S00129283,52,50,2,0,2
S00129284,51,49,2,1,1
S00129285,42,41,1,0,1
S00129286,64,60,4,0,4
S00129287,42,41,1,0,1
S00129288,47,42,5,3,2
S00129289,68,67,1,0,1
S00129290,65,64,1,0,1
S00129291,58,55,3,0,3
S00129292,45,45,0,0,0
S00129293,51,49,2,0,2
S00129294,33,33,0,0,0
S00129295,80,80,0,0,0
S00129296,60,59,1,0,1
S00129297,28,27,1,0,1
S00129298,45,44,1,0,1
S00129299,45,44,1,0,1
S00129300,41,39,2,1,1
S00129301,63,56,7,4,3
S00129302,61,59,2,0,2
S00129303,92,68,24,23,1
S00129304,66,40,26,23,3
S00129305,57,38,19,14,5
S00129306,65,46,19,13,6
S00129307,66,57,9,8,1
S00129308,80,74,6,3,3
S00129309,69,68,1,0,1
S00129310,48,46,2,0,2
S00129311,93,86,7,0,7
S00129312,50,44,6,0,6
S00129313,49,48,1,0,1
S00129314,76,69,7,0,7
S00129315,39,39,0,0,0
S00129316,67,66,1,0,1
S00129317,65,65,0,0,0
S00129318,50,49,1,0,1
S00129319,43,40,3,1,2
S00129320,46,45,1,1,0
S00129321,67,66,1,1,0
S00129322,54,50,4,0,4
S00129323,58,55,3,1,2
S00129324,39,39,0,0,0
S00129325,64,63,1,1,0
S00129326,48,44,4,1,3
S00129327,50,48,2,2,0
S00129328,65,58,7,7,0
S00129329,54,53,1,0,1
S00129330,75,71,4,2,2
S00129331,30,27,3,2,1
S00129332,66,56,10,9,1
S00129333,47,44,3,2,1
S00129334,44,40,4,1,3
S00129335,68,67,1,0,1
S00129336,39,37,2,1,1
S00129337,60,59,1,1,0
S00129338,64,62,2,0,2
S00129339,46,44,2,0,2
S00129340,39,39,0,0,0
S00129341,42,42,0,0,0
S00129342,68,68,0,0,0
S00129343,48,46,2,0,2
S00129344,42,42,0,0,0
S00129345,50,50,0,0,0
S00129346,43,43,0,0,0
S00129347,56,55,1,0,1
S00129348,52,52,0,0,0
S00129349,51,50,1,0,1
S00129350,62,61,1,0,1
S00129351,50,50,0,0,0
S00129352,51,50,1,0,1
S00129353,44,43,1,1,0
S00129354,39,38,1,1,0
S00129355,75,75,0,0,0
S00129356,61,60,1,0,1
S00129357,75,75,0,0,0
S00129358,61,60,1,0,1
S00129359,55,54,1,0,1
S00129360,47,47,0,0,0
S00129361,42,40,2,0,2
S00129362,55,53,2,0,2
S00129363,72,63,9,4,5
S00129364,67,64,3,2,1
S00129365,65,64,1,1,0
S00129366,57,56,1,1,0
S00129367,64,63,1,1,0
S00129368,76,72,4,0,4
S00129369,56,55,1,0,1
S00129370,57,56,1,0,1
S00129371,36,33,3,0,3
S00129372,48,48,0,0,0
S00129373,30,30,0,0,0
S00129374,53,51,2,0,2
S00129375,51,49,2,1,1
S00129376,42,41,1,1,0
S00129377,44,44,0,0,0
S00129378,32,29,3,0,3
S00129379,39,39,0,0,0
S00129380,67,65,2,1,1
S00129381,43,43,0,0,0
S00129382,45,45,0,0,0
S00129383,28,26,2,1,1
S00129384,67,66,1,0,1
S00129385,66,65,1,0,1
S00129386,68,65,3,0,3
S00129387,66,65,1,0,1
S00129388,78,77,1,0,1
S00129389,58,58,0,0,0
S00129390,56,56,0,0,0
S00129391,47,47,0,0,0
S00129392,45,45,0,0,0
S00129393,42,42,0,0,0
S00129394,48,43,5,0,5
S00129395,56,54,2,0,2
S00129396,45,44,1,0,1
S00129397,58,56,2,0,2
S00129398,44,44,0,0,0
S00129399,48,46,2,1,1
S00129400,63,63,0,0,0
S00129401,67,67,0,0,0
S00129402,44,44,0,0,0
S00129403,50,49,1,0,1
S00129404,50,50,0,0,0
S00129405,40,40,0,0,0
S00129406,46,46,0,0,0
S00129407,60,60,0,0,0
S00129408,46,46,0,0,0
S00129409,58,56,2,1,1
S00129410,57,55,2,0,2
S00129411,56,56,0,0,0
S00129412,43,43,0,0,0
S00129413,40,40,0,0,0
S00129414,41,41,0,0,0
S00129415,54,53,1,0,1
S00129416,51,51,0,0,0
S00129417,45,45,0,0,0
S00129418,69,59,10,9,1
S00129419,36,36,0,0,0
S00129420,62,61,1,0,1
S00129421,58,58,0,0,0
S00129422,42,41,1,0,1
S00129423,60,59,1,1,0
S00129424,65,61,4,2,2
S00129425,51,50,1,1,0
S00129426,50,47,3,3,0
S00129427,53,52,1,1,0
S00129428,66,63,3,0,3
S00129429,71,69,2,0,2
S00129430,57,55,2,0,2
S00129431,50,50,0,0,0
S00129432,57,55,2,0,2
S00129433,58,57,1,0,1
S00129434,62,61,1,0,1
S00129435,43,41,2,0,2
S00129436,49,48,1,0,1
S00129437,55,54,1,0,1
S00129438,50,50,0,0,0
S00129439,56,56,0,0,0
S00129440,48,47,1,0,1
S00129441,46,45,1,0,1
S00129442,54,54,0,0,0
S00129443,59,57,2,0,2
S00129444,39,38,1,0,1
S00129445,45,43,2,0,2
S00129446,56,54,2,1,1
S00129447,53,53,0,0,0
S00129448,76,74,2,0,2
S00129449,37,36,1,0,1
S00129450,62,61,1,0,1
S00129451,48,48,0,0,0
S00129452,54,54,0,0,0
S00129453,50,49,1,0,1
S00129454,51,50,1,0,1
S00129455,42,42,0,0,0
S00129456,43,40,3,2,1
S00129457,50,46,4,1,3
S00129458,52,51,1,1,0
S00129459,27,27,0,0,0
S00129460,50,49,1,0,1
S00129461,49,47,2,1,1
S00129462,46,46,0,0,0
S00129463,59,56,3,0,3
S00129464,34,34,0,0,0
S00129465,68,64,4,3,1
S00129466,46,45,1,1,0
S00129467,47,46,1,1,0
S00129468,51,47,4,4,0
S00129469,44,42,2,1,1
S00129470,48,47,1,0,1
S00129471,46,37,9,0,9
S00129472,44,41,3,2,1
S00129473,72,64,8,2,6
S00129474,53,51,2,0,2
S00129475,57,57,0,0,0
S00129476,56,53,3,2,1
S00129477,45,41,4,0,4
S00129478,78,69,9,0,9
S00129479,66,49,17,15,2
S00129480,83,69,14,6,8
S00129481,52,50,2,0,2
S00129482,54,50,4,0,4
S00129483,48,46,2,0,2
S00129484,40,39,1,0,1
S00129485,56,49,7,0,7
S00129486,44,39,5,5,0
S00129487,56,49,7,4,3
S00129488,55,51,4,0,4
S00129489,58,55,3,1,2
S00129490,35,35,0,0,0
S00129491,42,39,3,2,1
S00129492,61,59,2,0,2
S00129493,66,65,1,0,1
S00129494,51,46,5,0,5
S00129495,64,61,3,0,3
S00129496,46,46,0,0,0
S00129497,42,41,1,0,1
S00129498,56,56,0,0,0
S00129499,50,49,1,0,1
S00129500,58,57,1,0,1
S00129501,40,39,1,1,0
S00129502,65,62,3,0,3
S00129503,35,34,1,0,1
S00129504,36,34,2,0,2
S00129505,44,44,0,0,0
S00129506,76,73,3,0,3
S00129507,57,56,1,1,0
S00129508,44,44,0,0,0
S00129509,54,54,0,0,0
S00129510,64,62,2,0,2
S00129511,79,79,0,0,0
S00129512,78,62,16,11,5
S00129513,71,70,1,0,1
S00129514,48,47,1,0,1
S00129515,50,48,2,2,0
S00129516,41,39,2,0,2
S00129517,43,43,0,0,0
S00129518,50,49,1,0,1
S00129519,65,57,8,6,2
S00129520,26,26,0,0,0
S00129521,49,47,2,2,0
S00129522,56,48,8,5,3
S00129523,42,33,9,7,2
S00129524,60,60,0,0,0
S00129525,65,59,6,5,1
S00129526,52,52,0,0,0
S00129527,81,70,11,9,2
S00129528,64,59,5,5,0
S00129529,66,62,4,4,0
S00129530,40,38,2,2,0
S00129531,56,55,1,0,1
S00129532,64,63,1,0,1
S00129533,49,49,0,0,0
S00129534,68,67,1,0,1
S00129535,42,41,1,0,1
S00129536,72,71,1,0,1
S00129537,73,72,1,0,1
S00129538,75,74,1,0,1
S00129539,51,51,0,0,0
S00129540,48,47,1,0,1
S00129541,50,48,2,0,2
S00129542,49,48,1,0,1
S00129543,47,47,0,0,0
S00129544,50,50,0,0,0
S00129545,46,46,0,0,0
S00129546,64,62,2,0,2
S00129547,42,42,0,0,0
S00129548,45,45,0,0,0
S00129549,41,40,1,0,1
S00129550,40,37,3,0,3
S00129551,48,48,0,0,0
S00129552,40,39,1,0,1
S00129553,41,38,3,0,3
S00129554,48,48,0,0,0
S00129555,63,60,3,0,3
S00129556,50,49,1,0,1
S00129557,47,47,0,0,0
S00129558,76,76,0,0,0
S00129559,48,48,0,0,0
S00129560,52,48,4,0,4
S00129561,78,78,0,0,0
S00129562,78,78,0,0,0
S00129563,79,78,1,0,1
S00129564,49,49,0,0,0
S00129565,46,42,4,1,3
S00129566,80,66,14,5,9
S00129567,60,55,5,5,0
S00129568,52,47,5,3,2
S00129569,44,44,0,0,0
S00129570,32,32,0,0,0
S00129571,57,57,0,0,0
S00129572,71,69,2,1,1
S00129573,72,69,3,1,2
S00129574,45,45,0,0,0
S00129575,42,42,0,0,0
S00129576,50,50,0,0,0
S00129577,54,54,0,0,0
S00129578,43,43,0,0,0
S00129579,79,76,3,0,3
S00129580,61,60,1,0,1
S00129581,74,73,1,1,0
S00129582,48,45,3,0,3
S00129583,98,94,4,3,1
S00129584,62,59,3,1,2
S00129585,45,43,2,0,2
S00129586,61,60,1,0,1
S00129587,42,42,0,0,0
S00129588,50,48,2,0,2
S00129589,50,48,2,0,2
S00129590,52,50,2,0,2
S00129591,49,48,1,0,1
S00129592,51,48,3,0,3
S00129593,33,31,2,0,2
S00129594,59,58,1,0,1
S00129595,52,49,3,3,0
S00129596,48,44,4,3,1
S00129597,47,46,1,0,1
S00129598,41,39,2,0,2
S00129599,60,55,5,0,5
S00129600,41,37,4,3,1
S00129601,44,41,3,0,3
S00129602,36,35,1,0,1
S00129603,54,48,6,1,5
S00129604,46,46,0,0,0
S00129605,48,45,3,2,1
S00129606,44,42,2,0,2
S00129607,46,44,2,0,2
S00129608,102,101,1,0,1
S00129609,42,41,1,0,1
S00129610,57,56,1,0,1
S00129611,52,51,1,0,1
S00129612,48,46,2,0,2
S00129613,45,43,2,0,2
S00129614,46,46,0,0,0
S00129615,32,31,1,1,0
S00129616,69,67,2,0,2
S00129617,53,53,0,0,0
S00129618,43,42,1,0,1
S00129619,76,72,4,4,0
S00129620,29,28,1,0,1
S00129621,22,21,1,1,0
S00129622,60,60,0,0,0
S00129623,45,45,0,0,0
S00129624,72,62,10,10,0
S00129625,41,41,0,0,0
S00129626,66,63,3,0,3
S00129627,48,47,1,0,1
S00129628,68,66,2,0,2
S00129629,43,42,1,0,1
S00129630,47,46,1,1,0
S00129631,55,52,3,1,2
S00129632,81,78,3,0,3
S00129633,56,55,1,1,0
S00129634,46,44,2,0,2
S00129635,63,62,1,0,1
S00129636,46,45,1,0,1
S00129637,45,44,1,0,1
S00129638,67,64,3,0,3
S00129639,70,64,6,0,6
S00129640,42,41,1,0,1
S00129641,44,43,1,0,1
S00129642,58,58,0,0,0
S00129643,80,79,1,0,1
S00129644,42,41,1,0,1
S00129645,65,62,3,1,2
S00129646,79,79,0,0,0
S00129647,71,68,3,0,3
S00129648,45,43,2,0,2
S00129649,64,62,2,0,2
S00129650,60,57,3,1,2
S00129651,34,34,0,0,0
S00129652,56,55,1,0,1
S00129653,53,52,1,0,1
S00129654,50,49,1,0,1
S00129655,46,46,0,0,0
S00129656,54,53,1,0,1
S00129657,50,50,0,0,0
S00129658,42,42,0,0,0
S00129659,50,50,0,0,0
S00129660,50,48,2,0,2
S00129661,46,45,1,0,1
S00129662,70,70,0,0,0
S00129663,83,80,3,0,3
S00129664,54,53,1,0,1
S00129665,102,99,3,0,3
S00129666,52,51,1,0,1
S00129667,48,45,3,0,3
S00129668,42,42,0,0,0
S00129669,54,52,2,1,1
S00129670,44,43,1,0,1
S00129671,53,53,0,0,0
S00129672,44,44,0,0,0
S00129673,75,75,0,0,0
S00129674,65,63,2,0,2
S00129675,47,47,0,0,0
S00129676,56,56,0,0,0
S00129677,43,42,1,0,1
S00129678,35,35,0,0,0
S00129679,50,48,2,0,2
S00129680,51,51,0,0,0
S00129681,52,51,1,0,1
S00129682,65,63,2,0,2
S00129683,51,51,0,0,0
S00129684,56,56,0,0,0
S00129685,42,42,0,0,0
S00129686,62,59,3,0,3
S00129687,50,47,3,0,3
S00129688,46,45,1,0,1
S00129689,77,76,1,0,1
S00129690,75,75,0,0,0
S00129691,39,39,0,0,0
S00129692,27,27,0,0,0
S00129693,64,61,3,0,3
S00129694,40,40,0,0,0
S00129695,41,40,1,0,1
S00129696,30,29,1,0,1
S00129697,32,32,0,0,0
S00129698,65,65,0,0,0
S00129699,63,61,2,0,2
S00129700,63,61,2,0,2
S00129701,46,46,0,0,0
S00129702,39,38,1,0,1
S00129703,68,65,3,0,3
S00129704,42,42,0,0,0
S00129705,42,41,1,0,1
S00129706,56,53,3,0,3
S00129707,28,28,0,0,0
S00129708,60,60,0,0,0
S00129709,77,76,1,0,1
S00129710,46,45,1,0,1
S00129711,40,40,0,0,0
S00129712,73,69,4,2,2
S00129713,40,38,2,0,2
S00129714,78,77,1,0,1
S00129715,51,50,1,0,1
S00129716,32,30,2,0,2
S00129717,41,40,1,0,1
S00129718,66,61,5,0,5
S00129719,52,52,0,0,0
S00129720,39,39,0,0,0
S00129721,51,51,0,0,0
S00129722,70,70,0,0,0
S00129723,73,71,2,0,2
S00129724,80,77,3,0,3
S00129725,75,74,1,0,1
S00129726,54,54,0,0,0
S00129727,52,51,1,0,1
S00129728,50,49,1,0,1
S00129729,82,80,2,0,2
S00129730,67,63,4,0,4
S00129731,57,57,0,0,0
S00129732,63,63,0,0,0
S00129733,33,33,0,0,0
S00129734,63,62,1,0,1
S00129735,40,40,0,0,0
S00129736,41,40,1,0,1
S00129737,40,38,2,0,2
S00129738,57,54,3,0,3
S00129739,49,48,1,0,1
S00129740,35,33,2,0,2
S00129741,59,57,2,0,2
S00129742,57,53,4,0,4
S00129743,55,55,0,0,0
S00129744,55,50,5,0,5
S00129745,43,43,0,0,0
S00129746,48,47,1,0,1
S00129747,53,53,0,0,0
S00129748,51,49,2,0,2
S00129749,40,38,2,0,2
S00129750,40,40,0,0,0
S00129751,42,42,0,0,0
S00129752,48,47,1,0,1
S00129753,57,57,0,0,0
S00129754,64,63,1,0,1
S00129755,69,67,2,2,0
S00129756,72,71,1,0,1
S00129757,72,70,2,1,1
S00129758,67,66,1,0,1
S00129759,64,62,2,0,2
S00129760,57,52,5,0,5
S00129761,41,41,0,0,0
S00129762,72,70,2,0,2
S00129763,43,43,0,0,0
S00129764,70,68,2,0,2
S00129765,43,42,1,0,1
S00129766,50,48,2,0,2
S00129767,63,56,7,0,7
S00129768,72,61,11,7,4
S00129769,99,76,23,14,9
S00129770,70,64,6,2,4
S00129771,65,60,5,0,5
S00129772,66,64,2,0,2
S00129773,51,48,3,1,2
S00129774,45,40,5,2,3
S00129775,70,64,6,0,6
S00129776,34,34,0,0,0
S00129777,46,43,3,0,3
S00129778,35,33,2,1,1
S00129779,46,36,10,3,7
S00129780,68,62,6,4,2
S00129781,70,61,9,2,7
S00129782,42,41,1,0,1
S00129783,64,62,2,1,1
S00129784,60,60,0,0,0
S00129785,69,64,5,1,4
S00129786,77,76,1,0,1
S00129787,71,65,6,2,4
S00129788,70,69,1,0,1
S00129789,63,60,3,0,3
S00129790,60,58,2,0,2
S00129791,81,77,4,0,4
S00129792,53,53,0,0,0
S00129793,67,62,5,0,5
S00129794,39,38,1,1,0
S00129795,79,71,8,1,7
S00129796,68,68,0,0,0
S00129797,64,61,3,0,3
S00129798,43,41,2,0,2
S00129799,62,60,2,0,2
S00129800,78,76,2,2,0
S00129801,31,31,0,0,0
S00129802,72,71,1,0,1
S00129803,69,68,1,1,0
S00129804,85,83,2,0,2
S00129805,66,57,9,0,9
S00129806,76,69,7,2,5
S00129807,38,37,1,0,1
S00129808,67,65,2,0,2
S00129809,59,55,4,2,2
S00129810,42,42,0,0,0
S00129811,50,48,2,0,2
S00129812,73,73,0,0,0
S00129813,37,36,1,1,0
S00129814,41,39,2,0,2
S00129815,57,56,1,0,1
S00129816,56,56,0,0,0
S00129817,53,53,0,0,0
S00129818,50,49,1,0,1
S00129819,59,59,0,0,0
S00129820,50,50,0,0,0
S00129821,40,40,0,0,0
S00129822,64,62,2,0,2
S00129823,44,42,2,1,1
S00129824,69,67,2,0,2
S00129825,58,57,1,0,1
S00129826,58,55,3,1,2
S00129827,64,63,1,0,1
S00129828,32,29,3,1,2
S00129829,35,34,1,0,1
S00129830,58,57,1,0,1
S00129831,69,67,2,0,2
S00129832,62,61,1,0,1
S00129833,52,51,1,0,1
S00129834,52,52,0,0,0
S00129835,43,42,1,0,1
S00129836,51,51,0,0,0
S00129837,44,43,1,0,1
S00129838,44,41,3,0,3
S00129839,46,45,1,0,1
S00129840,48,47,1,0,1
S00129841,61,60,1,0,1
S00129842,60,59,1,0,1
S00129843,76,76,0,0,0
S00129844,70,70,0,0,0
S00129845,64,62,2,1,1
S00129846,46,44,2,0,2
S00129847,45,44,1,0,1
S00129848,32,30,2,1,1
S00129849,68,67,1,0,1
S00129850,67,66,1,0,1
S00129851,60,59,1,0,1
S00129852,61,61,0,0,0
S00129853,67,67,0,0,0
S00129854,64,62,2,0,2
S00129855,67,64,3,0,3
S00129856,54,50,4,0,4
S00129857,41,40,1,0,1
S00129858,58,56,2,0,2
S00129859,28,28,0,0,0
S00129860,62,57,5,1,4
S00129861,40,33,7,6,1
S00129862,28,27,1,0,1
S00129863,25,25,0,0,0
S00129864,41,40,1,0,1
S00129865,38,38,0,0,0
S00129866,41,41,0,0,0
S00129867,97,73,24,19,5
S00129868,37,33,4,4,0
S00129869,21,21,0,0,0
S00129870,92,63,29,27,2
S00129871,42,36,6,6,0
S00129872,54,47,7,6,1
S00129873,59,55,4,4,0
S00129874,57,57,0,0,0
S00129875,26,26,0,0,0
S00129876,56,46,10,2,8
S00129877,66,63,3,2,1
S00129878,43,41,2,1,1
S00129879,37,37,0,0,0
S00129880,31,30,1,0,1
S00129881,58,55,3,1,2
S00129882,50,50,0,0,0
S00129883,37,36,1,0,1
S00129884,30,30,0,0,0
S00129885,40,37,3,3,0
S00129886,56,52,4,1,3
S00129887,38,37,1,1,0
S00129888,28,28,0,0,0
S00129889,44,39,5,2,3
S00129890,51,51,0,0,0
S00129891,42,39,3,0,3
S00129892,72,71,1,0,1
S00129893,59,57,2,1,1
S00129894,54,53,1,1,0
S00129895,26,26,0,0,0
S00129896,58,52,6,5,1
S00129897,43,39,4,3,1
S00129898,98,95,3,1,2
S00129899,73,68,5,0,5
S00129900,36,36,0,0,0
S00129901,77,74,3,0,3
S00129902,47,45,2,0,2
S00129903,37,36,1,1,0
S00129904,32,29,3,0,3
S00129905,48,47,1,0,1
S00129906,35,34,1,0,1
S00129907,26,25,1,0,1
S00129908,26,26,0,0,0
S00129909,52,50,2,0,2
S00129910,54,53,1,1,0
S00129911,40,36,4,2,2
S00129912,44,41,3,0,3
S00129913,40,38,2,0,2
S00129914,59,59,0,0,0
S00129915,38,38,0,0,0
S00129916,54,49,5,0,5
S00129917,67,67,0,0,0
S00129918,45,41,4,1,3
S00129919,57,54,3,1,2
S00129920,37,34,3,3,0
S00129921,65,61,4,4,0
S00129922,54,48,6,6,0
S00129923,46,46,0,0,0
S00129924,35,34,1,0,1
S00129925,30,30,0,0,0
S00129926,49,49,0,0,0
S00129927,24,24,0,0,0
S00129928,59,58,1,0,1
S00129929,44,44,0,0,0
S00129930,59,58,1,1,0
S00129931,82,82,0,0,0
S00129932,41,41,0,0,0
S00129933,28,28,0,0,0
S00129934,22,21,1,0,1
S00129935,64,64,0,0,0
S00129936,46,43,3,2,1
S00129937,41,38,3,0,3
S00129938,64,61,3,1,2
S00129939,24,24,0,0,0
S00129940,48,47,1,1,0
S00129941,41,40,1,0,1
S00129942,60,53,7,2,5
S00129943,34,33,1,0,1
S00129944,62,61,1,0,1
S00129945,24,24,0,0,0
S00129946,25,25,0,0,0
S00129947,60,60,0,0,0
S00129948,41,41,0,0,0
S00129949,44,41,3,3,0
S00129950,30,30,0,0,0
S00129951,59,59,0,0,0
S00129952,64,50,14,2,12
S00129953,59,55,4,1,3
S00129954,47,46,1,0,1
S00129955,55,53,2,0,2
S00129956,24,23,1,0,1
S00129957,39,38,1,0,1
S00129958,39,39,0,0,0
S00129959,45,44,1,0,1
S00129960,66,65,1,0,1
S00129961,39,39,0,0,0
S00129962,40,40,0,0,0
S00129963,59,58,1,1,0
S00129964,42,40,2,2,0
S00129965,62,60,2,0,2
S00129966,36,34,2,1,1
S00129967,34,34,0,0,0
S00129968,53,48,5,2,3
S00129969,106,97,9,8,1
S00129970,54,44,10,9,1
S00129971,60,53,7,5,2
S00129972,59,54,5,4,1
S00129973,35,32,3,3,0
S00129974,72,66,6,2,4
S00129975,38,37,1,1,0
S00129976,63,62,1,0,1
S00129977,34,32,2,0,2
S00129978,41,39,2,2,0
S00129979,53,48,5,1,4
S00129980,36,35,1,1,0
S00129981,32,32,0,0,0
S00129982,69,69,0,0,0
S00129983,81,79,2,1,1
S00129984,41,41,0,0,0
S00129985,31,30,1,0,1
S00129986,52,51,1,1,0
S00129987,50,44,6,6,0
S00129988,50,50,0,0,0
S00129989,55,47,8,6,2
S00129990,56,40,16,14,2
S00129991,52,42,10,2,8
S00129992,78,72,6,5,1
S00129993,45,44,1,1,0
S00129994,41,39,2,1,1
S00129995,55,53,2,2,0
S00129996,40,30,10,7,3
S00129997,47,41,6,5,1
S00129998,77,77,0,0,0
S00129999,69,67,2,1,1
S00130000,64,62,2,1,1
S00130001,48,47,1,0,1
S00130002,37,35,2,0,2
S00130003,44,44,0,0,0
S00130004,54,51,3,0,3
S00130005,73,72,1,0,1
S00130006,30,28,2,0,2
S00130007,45,44,1,0,1
S00130008,54,53,1,0,1
S00130009,62,61,1,0,1
S00130010,51,50,1,0,1
S00130011,60,59,1,0,1
S00130012,60,60,0,0,0
S00130013,38,37,1,0,1
S00130014,43,43,0,0,0
S00130015,56,55,1,1,0
S00130016,40,40,0,0,0
S00130017,78,75,3,2,1
S00130018,57,50,7,1,6
S00130019,58,57,1,0,1
S00130020,61,60,1,0,1
S00130021,42,42,0,0,0
S00130022,88,87,1,1,0
S00130023,41,36,5,3,2
S00130024,46,46,0,0,0
S00130025,67,67,0,0,0
S00130026,39,38,1,0,1
S00130027,54,54,0,0,0
S00130028,59,58,1,1,0
S00130029,40,38,2,2,0
S00130030,75,68,7,2,5
S00130031,47,46,1,0,1
S00130032,44,37,7,0,7
S00130033,40,38,2,0,2
S00130034,127,122,5,5,0
S00130035,41,41,0,0,0
S00130036,52,51,1,0,1
S00130037,42,41,1,1,0
S00130038,49,46,3,2,1
S00130039,89,77,12,7,5
S00130040,43,42,1,0,1
S00130041,75,72,3,0,3
S00130042,77,75,2,0,2
S00130043,35,35,0,0,0
S00130044,62,62,0,0,0
S00130045,38,37,1,0,1
S00130046,52,49,3,0,3
S00130047,56,56,0,0,0
S00130048,60,58,2,0,2
S00130049,38,38,0,0,0
S00130050,70,70,0,0,0
S00130051,74,72,2,0,2
S00130052,42,41,1,0,1
S00130053,52,50,2,0,2
S00130054,42,39,3,0,3
S00130055,78,77,1,0,1
S00130056,73,49,24,5,19
S00130057,96,85,11,6,5
S00130058,95,93,2,1,1
S00130059,50,50,0,0,0
S00130060,36,35,1,0,1
S00130061,47,46,1,1,0
S00130062,35,35,0,0,0
S00130063,90,89,1,1,0
S00130064,53,48,5,2,3
S00130065,61,61,0,0,0
S00130066,25,25,0,0,0
S00130067,46,46,0,0,0
S00130068,42,39,3,1,2
S00130069,40,37,3,0,3
S00130070,57,55,2,0,2
S00130071,60,59,1,0,1
S00130072,46,45,1,0,1
S00130073,72,71,1,0,1
S00130074,61,61,0,0,0
S00130075,46,46,0,0,0
S00130076,64,63,1,0,1
S00130077,44,43,1,1,0
S00130078,59,58,1,0,1
S00130079,47,45,2,0,2
S00130080,52,49,3,0,3
S00130081,61,61,0,0,0
S00130082,30,29,1,0,1
S00130083,69,69,0,0,0
S00130084,55,55,0,0,0
S00130085,32,32,0,0,0
S00130086,91,83,8,0,8
S00130087,52,51,1,0,1
S00130088,55,54,1,0,1
S00130089,71,70,1,0,1
S00130090,62,60,2,1,1
S00130091,36,35,1,0,1
S00130092,63,62,1,0,1
S00130093,99,90,9,5,4
S00130094,69,68,1,0,1
S00130095,105,88,17,0,17
S00130096,48,47,1,0,1
S00130097,72,72,0,0,0
S00130098,31,30,1,0,1
S00130099,61,60,1,0,1
S00130100,75,71,4,2,2
S00130101,74,72,2,0,2
S00130102,32,32,0,0,0
S00130103,52,51,1,0,1
S00130104,47,47,0,0,0
S00130105,36,35,1,0,1
S00130106,41,40,1,0,1
S00130107,44,44,0,0,0
S00130108,31,31,0,0,0
S00130109,71,68,3,1,2
S00130110,51,50,1,0,1
S00130111,47,46,1,0,1
S00130112,49,46,3,0,3
S00130113,59,57,2,0,2
S00130114,43,41,2,1,1
S00130115,53,53,0,0,0
S00130116,80,68,12,6,6
S00130117,45,42,3,1,2
S00130118,56,43,13,9,4
S00130119,55,55,0,0,0
S00130120,56,53,3,1,2
S00130121,72,67,5,4,1
S00130122,78,77,1,0,1
S00130123,43,40,3,0,3
S00130124,41,40,1,0,1
S00130125,36,35,1,0,1
S00130126,32,32,0,0,0
S00130127,67,65,2,0,2
S00130128,58,58,0,0,0
S00130129,55,55,0,0,0
S00130130,56,56,0,0,0
S00130131,60,59,1,0,1
S00130132,50,49,1,1,0
S00130133,74,71,3,2,1
S00130134,39,38,1,1,0
S00130135,24,24,0,0,0
S00130136,75,75,0,0,0
S00130137,82,81,1,0,1
S00130138,38,38,0,0,0
S00130139,46,44,2,0,2
S00130140,53,51,2,0,2
S00130141,62,62,0,0,0
S00130142,53,53,0,0,0
S00130143,82,76,6,0,6
S00130144,45,45,0,0,0
S00130145,23,23,0,0,0
S00130146,54,52,2,0,2
S00130147,32,31,1,0,1
S00130148,47,46,1,0,1
S00130149,42,42,0,0,0
S00130150,73,72,1,0,1
S00130151,66,61,5,0,5
S00130152,48,33,15,0,15
S00130153,39,38,1,0,1
S00130154,54,54,0,0,0
S00130155,60,60,0,0,0
S00130156,44,43,1,0,1
S00130157,74,73,1,0,1
S00130158,59,57,2,0,2
S00130159,70,70,0,0,0
S00130160,70,66,4,0,4
S00130161,71,70,1,1,0
S00130162,43,31,12,0,12
S00130163,72,72,0,0,0
S00130164,72,72,0,0,0
S00130165,64,62,2,1,1
S00130166,62,59,3,0,3
S00130167,42,37,5,0,5
S00130168,57,56,1,0,1
S00130169,66,65,1,1,0
S00130170,76,74,2,0,2
S00130171,45,44,1,0,1
S00130172,56,54,2,0,2
S00130173,25,25,0,0,0
S00130174,57,55,2,0,2
S00130175,30,30,0,0,0
S00130176,54,54,0,0,0
S00130177,34,34,0,0,0
S00130178,49,48,1,0,1
S00130179,43,43,0,0,0
S00130180,46,46,0,0,0
S00130181,53,51,2,0,2
S00130182,46,46,0,0,0
S00130183,58,56,2,0,2
S00130184,38,38,0,0,0
S00130185,63,63,0,0,0
S00130186,47,46,1,0,1
S00130187,57,55,2,0,2
S00130188,44,44,0,0,0
S00130189,27,26,1,0,1
S00130190,66,65,1,0,1
S00130191,56,55,1,0,1
S00130192,58,58,0,0,0
S00130193,61,61,0,0,0
S00130194,48,47,1,0,1
S00130195,41,39,2,0,2
S00130196,36,36,0,0,0
S00130197,52,48,4,0,4
S00130198,35,35,0,0,0
S00130199,47,46,1,0,1
S00130200,40,40,0,0,0
S00130201,60,60,0,0,0
S00130202,41,40,1,0,1
S00130203,68,68,0,0,0
S00130204,45,45,0,0,0
S00130205,54,53,1,0,1
S00130206,72,71,1,0,1
S00130207,71,71,0,0,0
S00130208,28,28,0,0,0
S00130209,55,55,0,0,0
S00130210,72,71,1,0,1
S00130211,23,23,0,0,0
S00130212,72,72,0,0,0
S00130213,72,71,1,0,1
S00130214,42,41,1,0,1
S00130215,47,45,2,0,2
S00130216,43,43,0,0,0
S00130217,36,36,0,0,0
S00130218,60,60,0,0,0
S00130219,37,37,0,0,0
S00130220,32,32,0,0,0
S00130221,60,54,6,0,6
S00130222,53,52,1,0,1
S00130223,46,46,0,0,0
S00130224,49,48,1,0,1
S00130225,61,61,0,0,0
S00130226,48,48,0,0,0
S00130227,62,62,0,0,0
S00130228,38,38,0,0,0
S00130229,27,27,0,0,0
S00130230,59,57,2,0,2
S00130231,67,66,1,0,1
S00130232,52,50,2,0,2
S00130233,67,67,0,0,0
S00130234,50,50,0,0,0
S00130235,51,50,1,0,1
S00130236,45,45,0,0,0
S00130237,64,64,0,0,0
S00130238,57,57,0,0,0
S00130239,44,44,0,0,0
S00130240,43,43,0,0,0
S00130241,59,59,0,0,0
S00130242,67,67,0,0,0
S00130243,53,51,2,0,2
S00130244,51,50,1,0,1
S00130245,42,41,1,0,1
S00130246,52,52,0,0,0
S00130247,45,44,1,0,1
S00130248,59,58,1,0,1
S00130249,48,48,0,0,0
S00130250,39,39,0,0,0
S00130251,45,45,0,0,0
S00130252,52,51,1,0,1
S00130253,55,52,3,0,3
S00130254,58,55,3,0,3
S00130255,21,21,0,0,0
S00130256,55,44,11,0,11
S00130257,45,43,2,0,2
S00130258,48,47,1,0,1
S00130259,38,35,3,0,3
S00130260,46,44,2,1,1
S00130261,74,72,2,0,2
S00130262,51,51,0,0,0
S00130263,85,84,1,0,1
S00130264,67,64,3,0,3
S00130265,56,54,2,0,2
S00130266,37,37,0,0,0
S00130267,26,26,0,0,0
S00130268,62,60,2,1,1
S00130269,52,51,1,0,1
S00130270,60,60,0,0,0
S00130271,42,42,0,0,0
S00130272,51,51,0,0,0
S00130273,32,32,0,0,0
S00130274,67,66,1,0,1
S00130275,66,64,2,2,0
S00130276,26,24,2,2,0
S00130277,47,44,3,0,3
S00130278,51,49,2,0,2
S00130279,50,50,0,0,0
S00130280,65,65,0,0,0
S00130281,59,58,1,0,1
S00130282,72,72,0,0,0
S00130283,73,72,1,0,1
S00130284,56,52,4,0,4
S00130285,26,26,0,0,0
S00130286,56,56,0,0,0
S00130287,36,36,0,0,0
S00130288,46,46,0,0,0
S00130289,56,56,0,0,0
S00130290,39,39,0,0,0
S00130291,40,39,1,1,0
S00130292,67,66,1,0,1
S00130293,45,45,0,0,0
S00130294,52,48,4,0,4
S00130295,52,51,1,0,1
S00130296,81,80,1,0,1
S00130297,81,76,5,0,5
S00130298,62,60,2,0,2
S00130299,59,56,3,0,3
S00130300,48,48,0,0,0
S00130301,68,66,2,0,2
S00130302,59,59,0,0,0
S00130303,60,60,0,0,0
S00130304,55,53,2,0,2
S00130305,28,28,0,0,0
S00130306,55,53,2,0,2
S00130307,63,61,2,0,2
S00130308,104,104,0,0,0
S00130309,63,60,3,0,3
S00130310,69,64,5,0,5
S00130311,49,49,0,0,0
S00130312,48,48,0,0,0
S00130313,45,45,0,0,0
S00130314,48,48,0,0,0
S00130315,47,45,2,0,2
S00130316,40,40,0,0,0
S00130317,68,68,0,0,0
S00130318,40,40,0,0,0
S00130319,60,60,0,0,0
S00130320,64,64,0,0,0
S00130321,47,45,2,0,2
S00130322,57,55,2,0,2
S00130323,33,33,0,0,0
S00130324,47,47,0,0,0
S00130325,71,70,1,0,1
S00130326,69,68,1,0,1
S00130327,65,64,1,0,1
S00130328,55,53,2,0,2
S00130329,44,43,1,0,1
S00130330,47,47,0,0,0
S00130331,73,73,0,0,0
S00130332,66,64,2,0,2
S00130333,57,57,0,0,0
S00130334,56,56,0,0,0
S00130335,54,53,1,0,1
S00130336,33,33,0,0,0
S00130337,57,56,1,0,1
S00130338,70,69,1,0,1
S00130339,64,62,2,0,2
S00130340,35,35,0,0,0
S00130341,75,71,4,0,4
S00130342,45,43,2,0,2
S00130343,74,73,1,0,1
S00130344,45,45,0,0,0
S00130345,50,50,0,0,0
S00130346,30,28,2,0,2
S00130347,68,67,1,0,1
S00130348,61,56,5,0,5
S00130349,52,51,1,0,1
S00130350,46,45,1,0,1
S00130351,86,75,11,0,11
S00130352,51,50,1,0,1
S00130353,42,41,1,0,1
S00130354,62,61,1,0,1
S00130355,49,46,3,0,3
S00130356,43,41,2,0,2
S00130357,111,71,40,0,40
S00130358,43,42,1,0,1
S00130359,82,80,2,0,2
S00130360,40,39,1,0,1
S00130361,50,47,3,0,3
S00130362,52,51,1,0,1
S00130363,21,20,1,0,1
S00130364,43,40,3,0,3
S00130365,57,57,0,0,0
S00130366,46,44,2,0,2
S00130367,47,47,0,0,0
S00130368,63,63,0,0,0
S00130369,66,66,0,0,0
S00130370,60,57,3,0,3
S00130371,45,45,0,0,0
S00130372,58,58,0,0,0
S00130373,42,41,1,0,1
S00130374,80,76,4,1,3
S00130375,32,31,1,0,1
S00130376,72,70,2,1,1
S00130377,56,56,0,0,0
S00130378,64,62,2,0,2
S00130379,46,45,1,0,1
S00130380,57,57,0,0,0
S00130381,73,72,1,0,1
S00130382,69,68,1,1,0
S00130383,63,60,3,0,3
S00130384,62,60,2,0,2
S00130385,68,66,2,0,2
S00130386,49,47,2,2,0
S00130387,52,52,0,0,0
S00130388,48,45,3,3,0
S00130389,43,43,0,0,0
S00130390,55,55,0,0,0
S00130391,48,48,0,0,0
S00130392,45,45,0,0,0
S00130393,54,53,1,1,0
S00130394,44,43,1,0,1
S00130395,55,54,1,1,0
S00130396,48,48,0,0,0
S00130397,52,52,0,0,0
S00130398,44,44,0,0,0
S00130399,40,40,0,0,0
S00130400,43,41,2,1,1
S00130401,51,51,0,0,0
S00130402,64,64,0,0,0
S00130403,44,44,0,0,0
S00130404,47,46,1,0,1
S00130405,50,50,0,0,0
S00130406,48,46,2,0,2
S00130407,47,46,1,1,0
S00130408,48,48,0,0,0
S00130409,44,43,1,0,1
S00130410,57,57,0,0,0
S00130411,71,71,0,0,0
S00130412,43,42,1,0,1
S00130413,55,55,0,0,0
S00130414,62,60,2,0,2
S00130415,43,43,0,0,0
S00130416,36,36,0,0,0
S00130417,60,59,1,0,1
S00130418,66,66,0,0,0
S00130419,45,45,0,0,0
S00130420,41,40,1,0,1
S00130421,54,52,2,0,2
S00130422,74,73,1,0,1
S00130423,66,66,0,0,0
S00130424,60,60,0,0,0
S00130425,50,50,0,0,0
S00130426,31,29,2,0,2
S00130427,48,46,2,0,2
S00130428,47,47,0,0,0
S00130429,56,55,1,0,1
S00130430,26,26,0,0,0
S00130431,72,68,4,0,4
S00130432,76,75,1,0,1
S00130433,54,53,1,0,1
S00130434,47,47,0,0,0
S00130435,78,77,1,0,1
S00130436,59,58,1,0,1
S00130437,67,67,0,0,0
S00130438,54,54,0,0,0
S00130439,44,44,0,0,0
S00130440,38,38,0,0,0
S00130441,34,34,0,0,0
S00130442,44,44,0,0,0
S00130443,43,43,0,0,0
S00130444,45,45,0,0,0
S00130445,22,22,0,0,0
S00130446,51,47,4,3,1
S00130447,56,56,0,0,0
S00130448,58,58,0,0,0
S00130449,64,64,0,0,0
S00130450,66,65,1,0,1
S00130451,55,55,0,0,0
S00130452,42,40,2,0,2
S00130453,54,52,2,0,2
S00130454,51,50,1,0,1
S00130455,74,72,2,0,2
S00130456,32,32,0,0,0
S00130457,51,50,1,0,1
S00130458,44,44,0,0,0
S00130459,24,24,0,0,0
S00130460,43,43,0,0,0
S00130461,63,62,1,0,1
S00130462,59,58,1,0,1
S00130463,56,56,0,0,0
S00130464,41,40,1,1,0
S00130465,44,44,0,0,0
S00130466,63,62,1,0,1
S00130467,41,41,0,0,0
S00130468,43,43,0,0,0
S00130469,56,56,0,0,0
S00130470,47,47,0,0,0
S00130471,41,41,0,0,0
S00130472,74,74,0,0,0
S00130473,60,60,0,0,0
S00130474,67,67,0,0,0
S00130475,60,59,1,0,1
S00130476,61,61,0,0,0
S00130477,52,49,3,0,3
S00130478,50,40,10,0,10
S00130479,61,60,1,0,1
S00130480,46,46,0,0,0
S00130481,48,40,8,0,8
S00130482,63,61,2,0,2
S00130483,50,50,0,0,0
S00130484,34,34,0,0,0
S00130485,29,22,7,0,7
S00130486,59,59,0,0,0
S00130487,50,48,2,0,2
S00130488,48,47,1,0,1
S00130489,43,43,0,0,0
S00130490,42,42,0,0,0
S00130491,50,50,0,0,0
S00130492,51,51,0,0,0
S00130493,87,86,1,0,1
S00130494,57,55,2,0,2
S00130495,42,42,0,0,0
S00130496,50,49,1,0,1
S00130497,52,52,0,0,0
S00130498,48,48,0,0,0
S00130499,44,44,0,0,0
S00130500,56,56,0,0,0
S00130501,49,49,0,0,0
S00130502,45,45,0,0,0
S00130503,42,42,0,0,0
S00130504,44,44,0,0,0
S00130505,38,38,0,0,0
S00130506,42,42,0,0,0
S00130507,52,50,2,0,2
S00130508,52,52,0,0,0
S00130509,64,62,2,0,2
S00130510,52,49,3,1,2
S00130511,46,45,1,0,1
S00130512,50,50,0,0,0
S00130513,39,38,1,0,1
S00130514,41,41,0,0,0
S00130515,55,55,0,0,0
S00130516,38,38,0,0,0
S00130517,54,54,0,0,0
S00130518,25,24,1,0,1
S00130519,43,43,0,0,0
S00130520,23,23,0,0,0
S00130521,44,43,1,0,1
S00130522,53,53,0,0,0
S00130523,56,55,1,0,1
S00130524,70,70,0,0,0
S00130525,22,22,0,0,0
S00130526,40,39,1,0,1
S00130527,50,46,4,0,4
S00130528,62,62,0,0,0
S00130529,39,36,3,0,3
S00130530,53,48,5,0,5
S00130531,47,47,0,0,0
S00130532,41,39,2,1,1
S00130533,65,39,26,0,26
S00130534,74,72,2,1,1
S00130535,113,70,43,0,43
S00130536,72,69,3,0,3
S00130537,57,57,0,0,0
S00130538,86,85,1,0,1
S00130539,44,44,0,0,0
S00130540,34,34,0,0,0
S00130541,42,42,0,0,0
S00130542,23,23,0,0,0
S00130543,29,29,0,0,0
S00130544,35,33,2,0,2
S00130545,51,50,1,0,1
S00130546,78,78,0,0,0
S00130547,29,28,1,0,1
S00130548,45,44,1,0,1
S00130549,38,37,1,0,1
S00130550,38,36,2,0,2
S00130551,30,30,0,0,0
S00130552,56,56,0,0,0
S00130553,29,29,0,0,0
S00130554,66,65,1,0,1
S00130555,81,81,0,0,0
S00130556,67,67,0,0,0
S00130557,63,62,1,1,0
S00130558,33,33,0,0,0
S00130559,48,48,0,0,0
S00130560,30,30,0,0,0
S00130561,61,61,0,0,0
S00130562,56,56,0,0,0
S00130563,43,39,4,0,4
S00130564,26,26,0,0,0
S00130565,44,44,0,0,0
S00130566,56,54,2,0,2
S00130567,76,72,4,0,4
S00130568,33,32,1,0,1
S00130569,48,48,0,0,0
S00130570,48,48,0,0,0
S00130571,72,72,0,0,0
S00130572,26,26,0,0,0
S00130573,43,43,0,0,0
S00130574,65,65,0,0,0
S00130575,70,69,1,0,1
S00130576,41,41,0,0,0
S00130577,46,45,1,0,1
S00130578,45,44,1,0,1
S00130579,63,63,0,0,0
S00130580,74,74,0,0,0
S00130581,74,74,0,0,0
S00130582,76,76,0,0,0
S00130583,30,30,0,0,0
S00130584,32,31,1,0,1
S00130585,79,77,2,0,2
S00130586,79,75,4,4,0
S00130587,36,36,0,0,0
S00130588,36,34,2,0,2
S00130589,48,48,0,0,0
S00130590,77,76,1,0,1
S00130591,63,63,0,0,0
S00130592,44,44,0,0,0
S00130593,102,102,0,0,0
S00130594,30,30,0,0,0
S00130595,46,46,0,0,0
S00130596,40,40,0,0,0
S00130597,52,52,0,0,0
S00130598,46,46,0,0,0
S00130599,36,34,2,2,0
S00130600,48,45,3,3,0
S00130601,54,53,1,0,1
S00130602,33,33,0,0,0
S00130603,61,61,0,0,0
S00130604,36,36,0,0,0
S00130605,90,88,2,0,2
S00130606,66,66,0,0,0
S00130607,67,66,1,0,1
S00130608,65,63,2,0,2
S00130609,31,30,1,0,1
S00130610,60,59,1,0,1
S00130611,36,35,1,0,1
S00130612,36,36,0,0,0
S00130613,31,31,0,0,0
S00130614,58,58,0,0,0
S00130615,50,50,0,0,0
S00130616,68,67,1,0,1
S00130617,29,29,0,0,0
S00130618,51,51,0,0,0
S00130619,45,43,2,0,2
S00130620,52,51,1,0,1
S00130621,28,28,0,0,0
S00130622,60,60,0,0,0
S00130623,42,41,1,1,0
S00130624,71,71,0,0,0
S00130625,34,34,0,0,0
S00130626,60,60,0,0,0
S00130627,75,75,0,0,0
S00130628,52,48,4,0,4
S00130629,40,40,0,0,0
S00130630,44,44,0,0,0
S00130631,40,40,0,0,0
S00130632,54,54,0,0,0
S00130633,58,56,2,0,2
S00130634,56,56,0,0,0
S00130635,39,39,0,0,0
S00130636,44,44,0,0,0
S00130637,58,50,8,1,7
S00130638,88,85,3,0,3
S00130639,48,47,1,0,1
S00130640,38,34,4,0,4
S00130641,53,52,1,0,1
S00130642,34,34,0,0,0
S00130643,49,47,2,0,2
S00130644,65,65,0,0,0
S00130645,40,39,1,0,1
S00130646,54,54,0,0,0
S00130647,68,67,1,1,0
S00130648,53,52,1,1,0
S00130649,64,64,0,0,0
S00130650,31,31,0,0,0
S00130651,38,36,2,0,2
S00130652,42,36,6,6,0
S00130653,40,38,2,2,0
S00130654,69,67,2,1,1
S00130655,54,50,4,3,1
S00130656,71,71,0,0,0
S00130657,26,26,0,0,0
S00130658,43,43,0,0,0
S00130659,58,56,2,2,0
S00130660,41,41,0,0,0
S00130661,64,61,3,2,1
S00130662,46,46,0,0,0
S00130663,45,45,0,0,0
S00130664,37,36,1,0,1
S00130665,70,66,4,3,1
S00130666,30,29,1,0,1
S00130667,50,49,1,0,1
S00130668,83,83,0,0,0
S00130669,45,39,6,2,4
S00130670,52,48,4,2,2
S00130671,49,47,2,0,2
S00130672,64,61,3,1,2
S00130673,33,31,2,2,0
S00130674,60,58,2,0,2
S00130675,43,43,0,0,0
S00130676,49,49,0,0,0
S00130677,50,50,0,0,0
S00130678,60,58,2,2,0
S00130679,46,44,2,0,2
S00130680,55,54,1,0,1
S00130681,30,28,2,0,2
S00130682,55,55,0,0,0
S00130683,26,25,1,0,1
S00130684,66,65,1,0,1
S00130685,28,27,1,0,1
S00130686,41,39,2,0,2
S00130687,51,49,2,0,2
S00130688,42,41,1,0,1
S00130689,45,43,2,0,2
S00130690,54,52,2,1,1
S00130691,41,38,3,1,2
S00130692,29,29,0,0,0
S00130693,44,43,1,0,1
S00130694,52,52,0,0,0
S00130695,42,41,1,0,1
S00130696,36,36,0,0,0
S00130697,35,35,0,0,0
S00130698,60,60,0,0,0
S00130699,40,40,0,0,0
S00130700,44,44,0,0,0
S00130701,56,55,1,0,1
S00130702,45,45,0,0,0
S00130703,63,63,0,0,0
S00130704,57,57,0,0,0
S00130705,67,67,0,0,0
S00130706,68,68,0,0,0
S00130707,46,46,0,0,0
S00130708,49,48,1,0,1
S00130709,66,65,1,0,1
S00130710,40,40,0,0,0
S00130711,45,45,0,0,0
S00130712,39,39,0,0,0
S00130713,70,70,0,0,0
S00130714,71,71,0,0,0
S00130715,60,57,3,1,2
S00130716,64,62,2,0,2
S00130717,41,38,3,0,3
S00130718,24,23,1,0,1
S00130719,62,60,2,0,2
S00130720,53,53,0,0,0
S00130721,53,51,2,2,0
S00130722,57,54,3,0,3
S00130723,53,52,1,0,1
S00130724,64,59,5,2,3
S00130725,73,71,2,0,2
S00130726,25,25,0,0,0
S00130727,61,60,1,0,1
S00130728,36,35,1,0,1
S00130729,53,48,5,0,5
S00130730,43,42,1,0,1
S00130731,72,70,2,0,2
S00130732,78,78,0,0,0
S00130733,61,59,2,0,2
S00130734,56,53,3,0,3
S00130735,48,44,4,0,4
S00130736,57,54,3,0,3
S00130737,43,42,1,0,1
S00130738,23,21,2,0,2
S00130739,48,47,1,0,1
S00130740,56,56,0,0,0
S00130741,38,37,1,0,1
S00130742,73,68,5,1,4
S00130743,60,59,1,0,1
S00130744,25,23,2,0,2
S00130745,61,59,2,0,2
S00130746,61,59,2,0,2
S00130747,59,58,1,0,1
S00130748,65,50,15,0,15
S00130749,42,42,0,0,0
S00130750,31,31,0,0,0
S00130751,79,74,5,1,4
S00130752,51,49,2,0,2
S00130753,64,61,3,0,3
S00130754,76,74,2,2,0
S00130755,31,31,0,0,0
S00130756,89,74,15,0,15
S00130757,32,31,1,0,1
S00130758,66,62,4,0,4
S00130759,23,22,1,0,1
S00130760,44,44,0,0,0
S00130761,26,24,2,0,2
S00130762,24,23,1,0,1
S00130763,61,60,1,0,1
S00130764,36,36,0,0,0
S00130765,36,35,1,0,1
S00130766,70,69,1,0,1
S00130767,69,67,2,0,2
S00130768,78,76,2,1,1
S00130769,72,70,2,0,2
S00130770,57,54,3,0,3
S00130771,70,70,0,0,0
S00130772,23,21,2,0,2
S00130773,65,63,2,1,1
S00130774,38,36,2,0,2
S00130775,46,43,3,2,1
S00130776,77,55,22,0,22
S00130777,48,47,1,0,1
S00130778,26,26,0,0,0
S00130779,79,76,3,0,3
S00130780,27,27,0,0,0
S00130781,60,59,1,0,1
S00130782,44,44,0,0,0
S00130783,44,36,8,6,2
S00130784,30,24,6,5,1
S00130785,56,47,9,8,1
S00130786,57,43,14,9,5
S00130787,22,20,2,1,1
S00130788,58,44,14,12,2
S00130789,26,20,6,5,1
S00130790,39,39,0,0,0
S00130791,41,36,5,1,4
S00130792,44,43,1,0,1
S00130793,38,35,3,2,1
S00130794,65,57,8,3,5
S00130795,84,80,4,4,0
S00130796,55,51,4,1,3
S00130797,44,42,2,0,2
S00130798,25,25,0,0,0
S00130799,43,43,0,0,0
S00130800,69,54,15,2,13
S00130801,46,45,1,0,1
S00130802,44,41,3,0,3
S00130803,34,31,3,0,3
S00130804,68,65,3,0,3
S00130805,32,32,0,0,0
S00130806,68,61,7,0,7
S00130807,41,41,0,0,0
S00130808,54,50,4,0,4
S00130809,48,48,0,0,0
S00130810,40,39,1,0,1
S00130811,65,64,1,0,1
S00130812,44,43,1,0,1
S00130813,34,34,0,0,0
S00130814,37,37,0,0,0
S00130815,71,64,7,0,7
S00130816,70,63,7,0,7
S00130817,55,52,3,0,3
S00130818,46,42,4,0,4
S00130819,71,70,1,0,1
S00130820,68,65,3,0,3
S00130821,70,63,7,0,7
S00130822,68,68,0,0,0
S00130823,55,52,3,0,3
S00130824,46,44,2,0,2
S00130825,63,62,1,0,1
S00130826,69,66,3,0,3
S00130827,32,28,4,0,4
S00130828,44,42,2,0,2
S00130829,50,48,2,0,2
S00130830,37,30,7,0,7
S00130831,66,63,3,0,3
S00130832,88,77,11,0,11
S00130833,49,49,0,0,0
S00130834,61,61,0,0,0
S00130835,61,61,0,0,0
S00130836,67,65,2,0,2
S00130837,69,63,6,1,5
S00130838,60,58,2,0,2
S00130839,43,42,1,0,1
S00130840,60,59,1,0,1
S00130841,44,44,0,0,0
S00130842,55,53,2,0,2
S00130843,41,41,0,0,0
S00130844,48,46,2,0,2
S00130845,69,67,2,0,2
S00130846,78,75,3,0,3
S00130847,34,34,0,0,0
S00130848,45,45,0,0,0
S00130849,40,39,1,0,1
S00130850,75,75,0,0,0
S00130851,68,64,4,1,3
S00130852,49,49,0,0,0
S00130853,72,65,7,0,7
S00130854,48,48,0,0,0
S00130855,45,45,0,0,0
S00130856,52,51,1,0,1
S00130857,69,65,4,0,4
S00130858,64,64,0,0,0
S00130859,54,49,5,0,5
S00130860,54,54,0,0,0
S00130861,69,68,1,0,1
S00130862,46,44,2,0,2
S00130863,50,49,1,0,1
S00130864,44,44,0,0,0
S00130865,24,24,0,0,0
S00130866,65,64,1,0,1
S00130867,62,60,2,0,2
S00130868,58,57,1,0,1
S00130869,58,56,2,1,1
S00130870,41,38,3,0,3
S00130871,67,61,6,0,6
S00130872,30,29,1,0,1
S00130873,65,64,1,0,1
S00130874,68,65,3,0,3
S00130875,49,48,1,0,1
S00130876,42,41,1,1,0
S00130877,47,47,0,0,0
S00130878,76,76,0,0,0
S00130879,46,45,1,0,1
S00130880,48,46,2,0,2
S00130881,56,55,1,0,1
S00130882,42,41,1,0,1
S00130883,47,44,3,0,3
S00130884,45,44,1,0,1
S00130885,52,48,4,0,4
S00130886,64,60,4,0,4
S00130887,25,25,0,0,0
S00130888,49,49,0,0,0
S00130889,54,52,2,0,2
S00130890,40,40,0,0,0
S00130891,51,50,1,0,1
S00130892,48,46,2,0,2
S00130893,73,69,4,0,4
S00130894,72,71,1,0,1
S00130895,59,58,1,0,1
S00130896,47,47,0,0,0
S00130897,53,50,3,0,3
S00130898,78,77,1,0,1
S00130899,51,49,2,0,2
S00130900,53,51,2,0,2
S00130901,48,47,1,0,1
S00130902,43,42,1,0,1
S00130903,69,64,5,0,5
S00130904,41,32,9,0,9
S00130905,49,49,0,0,0
S00130906,70,65,5,0,5
S00130907,45,42,3,0,3
S00130908,63,54,9,0,9
S00130909,50,50,0,0,0
S00130910,46,41,5,0,5
S00130911,49,49,0,0,0
S00130912,40,39,1,0,1
S00130913,53,51,2,0,2
S00130914,75,74,1,0,1
S00130915,60,57,3,0,3
S00130916,50,49,1,0,1
S00130917,48,45,3,0,3
S00130918,44,44,0,0,0
S00130919,41,37,4,0,4
S00130920,67,65,2,0,2
S00130921,51,51,0,0,0
S00130922,37,37,0,0,0
S00130923,55,55,0,0,0
S00130924,37,35,2,1,1
S00130925,45,41,4,0,4
S00130926,46,43,3,0,3
S00130927,72,69,3,0,3
S00130928,53,52,1,0,1
S00130929,53,50,3,0,3
S00130930,65,63,2,0,2
S00130931,53,53,0,0,0
S00130932,82,80,2,2,0
S00130933,62,58,4,1,3
S00130934,49,48,1,0,1
S00130935,72,72,0,0,0
S00130936,51,48,3,1,2
S00130937,39,37,2,0,2
S00130938,45,45,0,0,0
S00130939,43,43,0,0,0
S00130940,42,42,0,0,0
S00130941,42,42,0,0,0
S00130942,80,79,1,0,1
S00130943,56,55,1,0,1
S00130944,56,55,1,1,0
S00130945,49,49,0,0,0
S00130946,46,46,0,0,0
S00130947,75,75,0,0,0
S00130948,45,45,0,0,0
S00130949,50,47,3,1,2
S00130950,40,40,0,0,0
S00130951,69,69,0,0,0
S00130952,45,44,1,0,1
S00130953,40,40,0,0,0
S00130954,56,53,3,0,3
S00130955,50,47,3,0,3
S00130956,81,73,8,0,8
S00130957,80,72,8,0,8
S00130958,46,36,10,1,9
S00130959,49,49,0,0,0
S00130960,35,33,2,0,2
S00130961,57,56,1,0,1
S00130962,23,23,0,0,0
S00130963,69,68,1,0,1
S00130964,46,45,1,0,1
S00130965,41,40,1,0,1
S00130966,53,52,1,0,1
S00130967,65,65,0,0,0
S00130968,55,53,2,0,2
S00130969,61,61,0,0,0
S00130970,64,63,1,0,1
S00130971,75,72,3,0,3
S00130972,42,42,0,0,0
S00130973,70,69,1,0,1
S00130974,100,95,5,0,5
S00130975,51,46,5,1,4
S00130976,55,55,0,0,0
S00130977,34,34,0,0,0
S00130978,41,41,0,0,0
S00130979,60,60,0,0,0
S00130980,41,41,0,0,0
S00130981,60,60,0,0,0
S00130982,68,65,3,0,3
S00130983,21,21,0,0,0
S00130984,60,59,1,0,1
S00130985,59,59,0,0,0
S00130986,64,60,4,0,4
S00130987,57,52,5,1,4
S00130988,58,58,0,0,0
S00130989,80,72,8,0,8
S00130990,66,64,2,0,2
S00130991,55,54,1,0,1
S00130992,42,40,2,0,2
S00130993,56,56,0,0,0
S00130994,56,55,1,0,1
S00130995,74,74,0,0,0
S00130996,47,44,3,0,3
S00130997,49,48,1,0,1
S00130998,60,59,1,0,1
S00130999,54,53,1,0,1
S00131000,52,50,2,0,2
S00131001,80,77,3,0,3
S00131002,68,68,0,0,0
S00131003,48,47,1,0,1
S00131004,47,46,1,0,1
S00131005,50,49,1,0,1
S00131006,70,69,1,0,1
S00131007,67,61,6,0,6
S00131008,48,48,0,0,0
S00131009,45,43,2,0,2
S00131010,61,53,8,0,8
S00131011,57,55,2,0,2
S00131012,48,45,3,0,3
S00131013,62,57,5,0,5
S00131014,54,44,10,0,10
S00131015,50,48,2,0,2
S00131016,65,54,11,0,11
S00131017,55,52,3,0,3
S00131018,37,37,0,0,0
S00131019,45,42,3,0,3
S00131020,64,59,5,0,5
S00131021,56,54,2,0,2
S00131022,41,39,2,0,2
S00131023,70,66,4,0,4
S00131024,48,45,3,0,3
S00131025,42,41,1,0,1
S00131026,40,39,1,0,1
S00131027,48,47,1,1,0
S00131028,50,49,1,0,1
S00131029,68,67,1,0,1
S00131030,53,53,0,0,0
S00131031,70,68,2,0,2
S00131032,70,70,0,0,0
S00131033,58,58,0,0,0
S00131034,46,46,0,0,0
S00131035,64,62,2,0,2
S00131036,46,42,4,0,4
S00131037,46,43,3,0,3
S00131038,61,59,2,0,2
S00131039,42,41,1,0,1
S00131040,39,38,1,0,1
S00131041,76,75,1,0,1
S00131042,55,55,0,0,0
S00131043,66,62,4,0,4
S00131044,47,38,9,0,9
S00131045,51,45,6,0,6
S00131046,32,32,0,0,0
S00131047,68,67,1,0,1
S00131048,77,77,0,0,0
S00131049,50,50,0,0,0
S00131050,30,30,0,0,0
S00131051,78,74,4,0,4
S00131052,53,53,0,0,0
S00131053,50,50,0,0,0
S00131054,73,71,2,0,2
S00131055,24,23,1,0,1
S00131056,61,59,2,1,1
S00131057,43,43,0,0,0
S00131058,44,44,0,0,0
S00131059,44,44,0,0,0
S00131060,66,63,3,0,3
S00131061,47,46,1,0,1
S00131062,61,60,1,0,1
S00131063,43,43,0,0,0
S00131064,68,66,2,0,2
S00131065,53,52,1,0,1
S00131066,40,40,0,0,0
S00131067,61,61,0,0,0
S00131068,42,42,0,0,0
S00131069,27,27,0,0,0
S00131070,41,39,2,0,2
S00131071,74,73,1,0,1
S00131072,64,59,5,0,5
S00131073,45,45,0,0,0
S00131074,35,35,0,0,0
S00131075,32,32,0,0,0
S00131076,80,77,3,0,3
S00131077,32,32,0,0,0
S00131078,34,34,0,0,0
S00131079,68,67,1,0,1
S00131080,44,42,2,0,2
S00131081,40,39,1,0,1
S00131082,73,69,4,0,4
S00131083,76,73,3,0,3
S00131084,69,67,2,0,2
S00131085,74,71,3,0,3
S00131086,27,26,1,0,1
S00131087,61,53,8,0,8
S00131088,41,41,0,0,0
S00131089,73,70,3,0,3
S00131090,81,75,6,0,6
S00131091,56,50,6,0,6
S00131092,60,59,1,0,1
S00131093,50,50,0,0,0
S00131094,44,41,3,0,3
S00131095,67,66,1,0,1
S00131096,67,62,5,0,5
S00131097,75,68,7,0,7
S00131098,62,61,1,0,1
S00131099,79,74,5,0,5
S00131100,27,24,3,0,3
S00131101,68,67,1,0,1
S00131102,51,50,1,0,1
S00131103,42,42,0,0,0
S00131104,49,49,0,0,0
S00131105,43,42,1,0,1
S00131106,52,52,0,0,0
S00131107,53,51,2,0,2
S00131108,44,43,1,0,1
S00131109,59,55,4,0,4
S00131110,47,43,4,0,4
S00131111,45,42,3,0,3
S00131112,47,46,1,0,1
S00131113,63,62,1,0,1
S00131114,45,45,0,0,0
S00131115,49,48,1,0,1
S00131116,45,45,0,0,0
S00131117,23,23,0,0,0
S00131118,21,21,0,0,0
S00131119,40,40,0,0,0
S00131120,57,56,1,0,1
S00131121,48,41,7,0,7
S00131122,47,47,0,0,0
S00131123,50,50,0,0,0
S00131124,43,41,2,0,2
S00131125,49,48,1,0,1
S00131126,55,55,0,0,0
S00131127,42,41,1,0,1
S00131128,46,45,1,0,1
S00131129,49,48,1,0,1
S00131130,46,45,1,0,1
S00131131,46,45,1,0,1
S00131132,48,48,0,0,0
S00131133,62,60,2,0,2
S00131134,44,41,3,0,3
S00131135,60,58,2,0,2
S00131136,54,54,0,0,0
S00131137,50,50,0,0,0
S00131138,44,44,0,0,0
S00131139,48,48,0,0,0
S00131140,27,27,0,0,0
S00131141,65,63,2,0,2
S00131142,76,74,2,0,2
S00131143,34,33,1,0,1
S00131144,28,28,0,0,0
S00131145,57,56,1,0,1
S00131146,61,60,1,0,1
S00131147,50,48,2,0,2
S00131148,58,57,1,0,1
S00131149,56,54,2,0,2
S00131150,62,60,2,0,2
S00131151,68,67,1,0,1
S00131152,50,50,0,0,0
S00131153,34,34,0,0,0
S00131154,52,52,0,0,0
S00131155,51,51,0,0,0
S00131156,45,45,0,0,0
S00131157,48,48,0,0,0
S00131158,78,75,3,0,3
S00131159,69,68,1,0,1
S00131160,68,67,1,0,1
S00131161,57,56,1,0,1
S00131162,57,54,3,0,3
S00131163,53,50,3,0,3
S00131164,71,66,5,0,5
S00131165,68,68,0,0,0
S00131166,73,72,1,0,1
S00131167,53,46,7,0,7
S00131168,73,69,4,0,4
S00131169,46,44,2,0,2
S00131170,51,50,1,0,1
S00131171,43,43,0,0,0
S00131172,51,50,1,0,1
S00131173,50,46,4,0,4
S00131174,51,49,2,0,2
S00131175,46,46,0,0,0
S00131176,50,49,1,0,1
S00131177,53,51,2,1,1
S00131178,41,41,0,0,0
S00131179,54,54,0,0,0
S00131180,52,48,4,0,4
S00131181,44,44,0,0,0
S00131182,54,51,3,0,3
S00131183,72,71,1,0,1
S00131184,52,52,0,0,0
S00131185,55,55,0,0,0
S00131186,49,49,0,0,0
S00131187,47,47,0,0,0
S00131188,42,40,2,0,2
S00131189,56,56,0,0,0
S00131190,84,80,4,0,4
S00131191,73,73,0,0,0
S00131192,56,56,0,0,0
S00131193,46,44,2,0,2
S00131194,45,44,1,0,1
S00131195,63,60,3,0,3
S00131196,70,65,5,0,5
S00131197,65,61,4,0,4
S00131198,42,41,1,1,0
S00131199,40,40,0,0,0
S00131200,57,57,0,0,0
S00131201,73,72,1,0,1
S00131202,44,44,0,0,0
S00131203,50,50,0,0,0
S00131204,56,56,0,0,0
S00131205,60,60,0,0,0
S00131206,61,60,1,0,1
S00131207,46,45,1,0,1
S00131208,52,51,1,0,1
S00131209,41,41,0,0,0
S00131210,30,30,0,0,0
S00131211,55,54,1,0,1
S00131212,43,43,0,0,0
S00131213,60,58,2,0,2
S00131214,40,39,1,0,1
S00131215,52,51,1,0,1
S00131216,61,59,2,0,2
S00131217,43,43,0,0,0
S00131218,55,54,1,0,1
S00131219,56,56,0,0,0
S00131220,41,39,2,0,2
S00131221,67,66,1,0,1
S00131222,29,29,0,0,0
S00131223,75,73,2,0,2
S00131224,91,84,7,0,7
S00131225,64,59,5,0,5
S00131226,40,39,1,0,1
S00131227,65,64,1,0,1
S00131228,80,80,0,0,0
S00131229,40,39,1,0,1
S00131230,47,47,0,0,0
S00131231,33,32,1,0,1
S00131232,34,34,0,0,0
S00131233,44,44,0,0,0
S00131234,74,71,3,0,3
S00131235,66,66,0,0,0
S00131236,49,49,0,0,0
S00131237,41,38,3,0,3
S00131238,55,55,0,0,0
S00131239,55,55,0,0,0
S00131240,51,50,1,0,1
S00131241,72,71,1,0,1
S00131242,53,49,4,1,3
S00131243,54,53,1,0,1
S00131244,58,57,1,0,1
S00131245,24,24,0,0,0
S00131246,52,51,1,0,1
S00131247,65,63,2,0,2
S00131248,50,49,1,0,1
S00131249,85,60,25,0,25
S00131250,76,53,23,0,23
S00131251,32,32,0,0,0
S00131252,44,43,1,0,1
S00131253,48,42,6,0,6
S00131254,42,41,1,0,1
S00131255,41,41,0,0,0
S00131256,45,45,0,0,0
S00131257,48,46,2,0,2
S00131258,52,51,1,0,1
S00131259,51,48,3,0,3
S00131260,44,44,0,0,0
S00131261,46,46,0,0,0
S00131262,60,60,0,0,0
S00131263,46,45,1,0,1
S00131264,47,45,2,0,2
S00131265,49,49,0,0,0
S00131266,49,48,1,0,1
S00131267,51,50,1,0,1
S00131268,40,40,0,0,0
S00131269,42,42,0,0,0
S00131270,60,57,3,0,3
S00131271,41,40,1,0,1
S00131272,67,66,1,0,1
S00131273,40,40,0,0,0
S00131274,39,38,1,0,1
S00131275,66,65,1,0,1
S00131276,63,63,0,0,0
S00131277,66,64,2,0,2
S00131278,59,59,0,0,0
S00131279,67,64,3,0,3
S00131280,42,42,0,0,0
S00131281,70,69,1,0,1
S00131282,39,38,1,0,1
S00131283,57,57,0,0,0
S00131284,51,50,1,0,1
S00131285,45,44,1,0,1
S00131286,27,26,1,1,0
S00131287,40,40,0,0,0
S00131288,70,67,3,0,3
S00131289,48,48,0,0,0
S00131290,48,44,4,0,4
S00131291,55,53,2,0,2
S00131292,46,46,0,0,0
S00131293,48,48,0,0,0
S00131294,62,62,0,0,0
S00131295,44,44,0,0,0
S00131296,42,42,0,0,0
S00131297,62,62,0,0,0
S00131298,52,52,0,0,0
S00131299,51,50,1,0,1
S00131300,48,46,2,0,2
S00131301,74,73,1,0,1
S00131302,63,62,1,0,1
S00131303,70,68,2,0,2
S00131304,62,61,1,0,1
S00131305,45,43,2,0,2
S00131306,41,41,0,0,0
S00131307,74,74,0,0,0
S00131308,68,68,0,0,0
S00131309,62,62,0,0,0
S00131310,50,48,2,0,2
S00131311,49,49,0,0,0
S00131312,48,46,2,0,2
S00131313,76,73,3,0,3
S00131314,42,40,2,0,2
S00131315,35,33,2,0,2
S00131316,52,52,0,0,0
S00131317,27,27,0,0,0
S00131318,23,23,0,0,0
S00131319,33,33,0,0,0
S00131320,56,56,0,0,0
S00131321,48,48,0,0,0
S00131322,52,52,0,0,0
S00131323,59,59,0,0,0
S00131324,46,44,2,0,2
S00131325,58,56,2,0,2
S00131326,62,61,1,0,1
S00131327,60,59,1,0,1
S00131328,69,69,0,0,0
S00131329,51,51,0,0,0
S00131330,52,51,1,0,1
S00131331,46,44,2,0,2
S00131332,49,48,1,0,1
S00131333,71,69,2,0,2
S00131334,67,66,1,0,1
S00131335,48,48,0,0,0
S00131336,49,49,0,0,0
S00131337,45,43,2,0,2
S00131338,64,63,1,0,1
S00131339,56,55,1,0,1
S00131340,44,44,0,0,0
S00131341,45,42,3,1,2
S00131342,49,49,0,0,0
S00131343,50,49,1,0,1
S00131344,51,49,2,0,2
S00131345,53,51,2,0,2
S00131346,65,64,1,0,1
S00131347,59,55,4,0,4
S00131348,58,56,2,0,2
S00131349,63,62,1,0,1
S00131350,55,53,2,0,2
S00131351,46,46,0,0,0
S00131352,59,58,1,0,1
S00131353,42,41,1,0,1
S00131354,41,40,1,0,1
S00131355,49,48,1,0,1
S00131356,53,53,0,0,0
S00131357,49,48,1,0,1
S00131358,75,73,2,0,2
S00131359,62,62,0,0,0
S00131360,41,41,0,0,0
S00131361,49,47,2,0,2
S00131362,53,52,1,0,1
S00131363,31,31,0,0,0
S00131364,50,49,1,0,1
S00131365,55,53,2,0,2
S00131366,74,71,3,0,3
S00131367,65,62,3,0,3
S00131368,76,76,0,0,0
S00131369,63,59,4,0,4
S00131370,58,55,3,0,3
S00131371,46,46,0,0,0
S00131372,41,40,1,0,1
S00131373,47,46,1,0,1
S00131374,35,34,1,0,1
S00131375,41,41,0,0,0
S00131376,56,55,1,0,1
S00131377,35,35,0,0,0
S00131378,49,49,0,0,0
S00131379,73,71,2,0,2
S00131380,61,58,3,2,1
S00131381,57,55,2,0,2
S00131382,48,48,0,0,0
S00131383,58,58,0,0,0
S00131384,63,61,2,0,2
S00131385,66,65,1,0,1
S00131386,46,44,2,1,1
S00131387,42,42,0,0,0
S00131388,22,22,0,0,0
S00131389,44,44,0,0,0
S00131390,43,43,0,0,0
S00131391,45,43,2,0,2
S00131392,35,34,1,0,1
S00131393,30,30,0,0,0
S00131394,63,61,2,0,2
S00131395,44,44,0,0,0
S00131396,42,42,0,0,0
S00131397,52,52,0,0,0
S00131398,42,42,0,0,0
S00131399,45,45,0,0,0
S00131400,58,58,0,0,0
S00131401,51,51,0,0,0
S00131402,43,42,1,0,1
S00131403,60,60,0,0,0
S00131404,78,72,6,0,6
S00131405,64,64,0,0,0
S00131406,47,46,1,0,1
S00131407,73,72,1,0,1
S00131408,63,63,0,0,0
S00131409,45,45,0,0,0
S00131410,45,44,1,0,1
S00131411,42,42,0,0,0
S00131412,65,65,0,0,0
S00131413,82,78,4,0,4
S00131414,77,74,3,0,3
S00131415,66,65,1,0,1
S00131416,60,56,4,0,4
S00131417,65,64,1,0,1
S00131418,35,35,0,0,0
S00131419,44,44,0,0,0
S00131420,41,40,1,0,1
S00131421,43,43,0,0,0
S00131422,35,35,0,0,0
S00131423,54,54,0,0,0
S00131424,36,35,1,0,1
S00131425,46,45,1,0,1
S00131426,67,65,2,0,2
S00131427,63,62,1,0,1
S00131428,42,41,1,0,1
S00131429,47,44,3,0,3
S00131430,67,67,0,0,0
S00131431,40,40,0,0,0
S00131432,57,57,0,0,0
S00131433,56,55,1,0,1
S00131434,41,40,1,0,1
S00131435,59,56,3,0,3
S00131436,54,54,0,0,0
S00131437,48,46,2,0,2
S00131438,52,52,0,0,0
S00131439,54,53,1,0,1
S00131440,47,46,1,0,1
S00131441,41,40,1,0,1
S00131442,63,59,4,0,4
S00131443,48,48,0,0,0
S00131444,71,70,1,0,1
S00131445,79,79,0,0,0
S00131446,55,55,0,0,0
S00131447,76,75,1,0,1
S00131448,67,66,1,0,1
S00131449,55,55,0,0,0
S00131450,52,50,2,0,2
S00131451,44,44,0,0,0
S00131452,43,41,2,0,2
S00131453,43,43,0,0,0
S00131454,44,44,0,0,0
S00131455,53,53,0,0,0
S00131456,46,46,0,0,0
S00131457,42,42,0,0,0
S00131458,57,57,0,0,0
S00131459,47,46,1,0,1
S00131460,44,43,1,0,1
S00131461,51,50,1,1,0
S00131462,62,62,0,0,0
S00131463,66,63,3,0,3
S00131464,49,48,1,0,1
S00131465,36,36,0,0,0
S00131466,44,44,0,0,0
S00131467,28,27,1,0,1
S00131468,49,49,0,0,0
S00131469,37,37,0,0,0
S00131470,47,45,2,2,0
S00131471,73,72,1,0,1
S00131472,65,65,0,0,0
S00131473,65,64,1,0,1
S00131474,37,36,1,0,1
S00131475,32,32,0,0,0
S00131476,57,56,1,0,1
S00131477,26,26,0,0,0
S00131478,42,42,0,0,0
S00131479,57,56,1,0,1
S00131480,51,49,2,0,2
S00131481,51,49,2,0,2
S00131482,47,46,1,0,1
S00131483,65,62,3,1,2
S00131484,60,59,1,1,0
S00131485,69,69,0,0,0
S00131486,69,68,1,1,0
S00131487,53,53,0,0,0
S00131488,48,48,0,0,0
S00131489,48,47,1,0,1
S00131490,38,38,0,0,0
S00131491,42,42,0,0,0
S00131492,41,38,3,2,1
S00131493,76,76,0,0,0
S00131494,66,64,2,0,2
S00131495,42,42,0,0,0
S00131496,38,38,0,0,0
S00131497,41,41,0,0,0
S00131498,68,67,1,0,1
S00131499,67,67,0,0,0
S00131500,59,55,4,3,1
S00131501,69,64,5,4,1
S00131502,45,44,1,0,1
S00131503,43,42,1,0,1
S00131504,69,68,1,0,1
S00131505,62,60,2,2,0
S00131506,59,55,4,4,0
S00131507,54,53,1,1,0
S00131508,39,36,3,2,1
S00131509,75,74,1,0,1
S00131510,73,73,0,0,0
S00131511,73,70,3,0,3
S00131512,48,48,0,0,0
S00131513,58,54,4,0,4
S00131514,46,45,1,0,1
S00131515,45,45,0,0,0
S00131516,65,64,1,0,1
S00131517,68,67,1,0,1
S00131518,68,68,0,0,0
S00131519,48,48,0,0,0
S00131520,60,60,0,0,0
S00131521,46,46,0,0,0
S00131522,39,39,0,0,0
S00131523,58,58,0,0,0
S00131524,42,41,1,0,1
S00131525,43,41,2,0,2
S00131526,47,46,1,0,1
S00131527,54,52,2,0,2
S00131528,49,49,0,0,0
S00131529,52,52,0,0,0
S00131530,40,40,0,0,0
S00131531,48,48,0,0,0
S00131532,51,51,0,0,0
S00131533,40,38,2,0,2
S00131534,52,51,1,0,1
S00131535,40,40,0,0,0
S00131536,54,54,0,0,0
S00131537,50,48,2,0,2
S00131538,48,48,0,0,0
S00131539,40,39,1,1,0
S00131540,52,50,2,0,2
S00131541,53,51,2,0,2
S00131542,41,41,0,0,0
S00131543,51,50,1,0,1
S00131544,51,48,3,0,3
S00131545,60,59,1,0,1
S00131546,50,50,0,0,0
S00131547,54,53,1,0,1
S00131548,46,45,1,0,1
S00131549,62,61,1,0,1
S00131550,44,42,2,0,2
S00131551,52,52,0,0,0
S00131552,49,49,0,0,0
S00131553,45,45,0,0,0
S00131554,58,56,2,0,2
S00131555,45,44,1,0,1
S00131556,66,66,0,0,0
S00131557,45,45,0,0,0
S00131558,65,62,3,0,3
S00131559,49,49,0,0,0
S00131560,46,44,2,0,2
S00131561,52,50,2,0,2
S00131562,43,43,0,0,0
S00131563,51,50,1,0,1
S00131564,42,40,2,0,2
S00131565,42,41,1,0,1
S00131566,59,59,0,0,0
S00131567,32,32,0,0,0
S00131568,48,48,0,0,0
S00131569,70,67,3,0,3
S00131570,71,70,1,0,1
S00131571,43,43,0,0,0
S00131572,55,54,1,0,1
S00131573,59,56,3,0,3
S00131574,31,31,0,0,0
S00131575,55,55,0,0,0
S00131576,65,65,0,0,0
S00131577,44,44,0,0,0
S00131578,74,73,1,0,1
S00131579,37,37,0,0,0
S00131580,51,49,2,1,1
S00131581,52,51,1,0,1
S00131582,53,53,0,0,0
S00131583,57,57,0,0,0
S00131584,39,39,0,0,0
S00131585,34,33,1,0,1
S00131586,63,63,0,0,0
S00131587,75,74,1,0,1
S00131588,48,48,0,0,0
S00131589,54,52,2,0,2
S00131590,46,46,0,0,0
S00131591,41,41,0,0,0
S00131592,58,58,0,0,0
S00131593,54,54,0,0,0
S00131594,53,53,0,0,0
S00131595,61,61,0,0,0
S00131596,63,62,1,0,1
S00131597,56,54,2,1,1
S00131598,53,50,3,0,3
S00131599,45,44,1,0,1
S00131600,68,67,1,1,0
S00131601,29,28,1,0,1
S00131602,48,47,1,0,1
S00131603,63,63,0,0,0
S00131604,42,42,0,0,0
S00131605,75,71,4,0,4
S00131606,40,38,2,0,2
S00131607,61,61,0,0,0
S00131608,69,66,3,1,2
S00131609,59,59,0,0,0
S00131610,41,40,1,0,1
S00131611,56,56,0,0,0
S00131612,73,72,1,0,1
S00131613,34,34,0,0,0
S00131614,49,49,0,0,0
S00131615,79,78,1,0,1
S00131616,47,46,1,0,1
S00131617,50,46,4,0,4
S00131618,47,47,0,0,0
S00131619,56,50,6,6,0
S00131620,38,35,3,2,1
S00131621,36,32,4,0,4
S00131622,55,54,1,0,1
S00131623,76,75,1,1,0
S00131624,66,64,2,0,2
S00131625,75,74,1,0,1
S00131626,47,46,1,0,1
S00131627,43,42,1,0,1
S00131628,50,49,1,0,1
S00131629,59,59,0,0,0
S00131630,41,41,0,0,0
S00131631,75,73,2,0,2
S00131632,66,64,2,0,2
S00131633,43,42,1,0,1
S00131634,39,36,3,0,3
S00131635,52,51,1,0,1
S00131636,55,55,0,0,0
S00131637,40,40,0,0,0
S00131638,54,52,2,0,2
S00131639,46,46,0,0,0
S00131640,42,41,1,0,1
S00131641,52,51,1,0,1
S00131642,90,89,1,0,1
S00131643,45,44,1,0,1
S00131644,59,57,2,0,2
S00131645,73,71,2,0,2
S00131646,48,48,0,0,0
S00131647,41,39,2,0,2
S00131648,76,66,10,0,10
S00131649,61,56,5,0,5
S00131650,49,45,4,0,4
S00131651,51,50,1,0,1
S00131652,40,40,0,0,0
S00131653,58,57,1,0,1
S00131654,44,42,2,0,2
S00131655,42,42,0,0,0
S00131656,61,59,2,0,2
S00131657,49,46,3,0,3
S00131658,51,50,1,0,1
S00131659,70,69,1,0,1
S00131660,50,50,0,0,0
S00131661,48,47,1,0,1
S00131662,50,49,1,0,1
S00131663,49,48,1,0,1
S00131664,47,47,0,0,0
S00131665,73,73,0,0,0
S00131666,71,71,0,0,0
S00131667,83,82,1,0,1
S00131668,50,50,0,0,0
S00131669,44,43,1,0,1
S00131670,52,50,2,0,2
S00131671,52,50,2,0,2
S00131672,43,42,1,0,1
S00131673,45,45,0,0,0
S00131674,61,60,1,0,1
S00131675,52,45,7,0,7
S00131676,40,40,0,0,0
S00131677,53,49,4,0,4
S00131678,47,46,1,0,1
S00131679,52,52,0,0,0
S00131680,42,42,0,0,0
S00131681,73,73,0,0,0
S00131682,48,48,0,0,0
S00131683,44,43,1,0,1
S00131684,45,41,4,0,4
S00131685,70,70,0,0,0
S00131686,51,51,0,0,0
S00131687,59,58,1,0,1
S00131688,50,49,1,0,1
S00131689,53,53,0,0,0
S00131690,48,48,0,0,0
S00131691,41,41,0,0,0
S00131692,72,70,2,0,2
S00131693,53,53,0,0,0
S00131694,54,54,0,0,0
S00131695,45,45,0,0,0
S00131696,42,42,0,0,0
S00131697,41,41,0,0,0
S00131698,62,61,1,0,1
S00131699,73,73,0,0,0
S00131700,67,62,5,4,1
S00131701,44,44,0,0,0
S00131702,35,35,0,0,0
S00131703,66,65,1,0,1
S00131704,43,43,0,0,0
S00131705,55,55,0,0,0
S00131706,52,47,5,3,2
S00131707,49,48,1,0,1
S00131708,43,43,0,0,0
S00131709,42,41,1,0,1
S00131710,45,43,2,0,2
S00131711,52,51,1,0,1
S00131712,34,34,0,0,0
S00131713,40,39,1,0,1
S00131714,53,49,4,0,4
S00131715,50,49,1,0,1
S00131716,49,49,0,0,0
S00131717,50,49,1,0,1
S00131718,40,39,1,0,1
S00131719,40,40,0,0,0
S00131720,71,71,0,0,0
S00131721,58,57,1,0,1
S00131722,64,62,2,0,2
S00131723,41,41,0,0,0
S00131724,40,40,0,0,0
S00131725,73,72,1,0,1
S00131726,55,55,0,0,0
S00131727,50,50,0,0,0
S00131728,53,52,1,0,1
S00131729,58,55,3,0,3
S00131730,44,44,0,0,0
S00131731,45,44,1,0,1
S00131732,60,60,0,0,0
S00131733,53,53,0,0,0
S00131734,50,49,1,0,1
S00131735,67,67,0,0,0
S00131736,49,48,1,0,1
S00131737,60,60,0,0,0
S00131738,48,47,1,1,0
S00131739,36,35,1,0,1
S00131740,46,46,0,0,0
S00131741,63,63,0,0,0
S00131742,63,57,6,0,6
S00131743,46,46,0,0,0
S00131744,54,54,0,0,0
S00131745,46,46,0,0,0
S00131746,32,32,0,0,0
S00131747,41,41,0,0,0
S00131748,66,64,2,0,2
S00131749,28,28,0,0,0
S00131750,41,41,0,0,0
S00131751,59,59,0,0,0
S00131752,73,73,0,0,0
S00131753,65,63,2,0,2
S00131754,55,54,1,0,1
S00131755,54,53,1,0,1
S00131756,56,55,1,0,1
S00131757,47,47,0,0,0
S00131758,42,42,0,0,0
S00131759,46,46,0,0,0
S00131760,47,47,0,0,0
S00131761,21,21,0,0,0
S00131762,30,30,0,0,0
S00131763,68,66,2,0,2
S00131764,50,50,0,0,0
S00131765,63,63,0,0,0
S00131766,67,66,1,0,1
S00131767,48,47,1,0,1
S00131768,52,51,1,0,1
S00131769,44,44,0,0,0
S00131770,44,44,0,0,0
S00131771,58,58,0,0,0
S00131772,74,71,3,1,2
S00131773,34,33,1,0,1
S00131774,39,37,2,0,2
S00131775,42,42,0,0,0
S00131776,57,55,2,0,2
S00131777,41,40,1,1,0
S00131778,50,50,0,0,0
S00131779,51,50,1,0,1
S00131780,56,55,1,0,1
S00131781,54,54,0,0,0
S00131782,48,45,3,0,3
S00131783,43,42,1,0,1
S00131784,47,47,0,0,0
S00131785,45,44,1,0,1
S00131786,60,58,2,0,2
S00131787,56,53,3,0,3
S00131788,65,64,1,0,1
S00131789,34,33,1,0,1
S00131790,46,46,0,0,0
S00131791,60,59,1,0,1
S00131792,47,43,4,0,4
S00131793,62,61,1,0,1
S00131794,57,56,1,0,1
S00131795,43,42,1,0,1
S00131796,55,54,1,0,1
S00131797,26,24,2,0,2
S00131798,70,67,3,0,3
S00131799,66,65,1,0,1
S00131800,70,68,2,0,2
S00131801,76,74,2,0,2
S00131802,38,36,2,0,2
S00131803,47,45,2,0,2
S00131804,36,35,1,0,1
S00131805,54,53,1,0,1
S00131806,46,44,2,0,2
S00131807,39,36,3,0,3
S00131808,52,52,0,0,0
S00131809,48,41,7,0,7
S00131810,44,44,0,0,0
S00131811,47,41,6,0,6
S00131812,60,55,5,0,5
S00131813,39,37,2,0,2
S00131814,65,58,7,0,7
S00131815,62,58,4,1,3
S00131816,54,53,1,0,1
S00131817,23,22,1,0,1
S00131818,49,47,2,0,2
S00131819,49,47,2,0,2
S00131820,73,72,1,0,1
S00131821,64,63,1,0,1
S00131822,53,52,1,0,1
S00131823,40,39,1,0,1
S00131824,58,56,2,0,2
S00131825,48,48,0,0,0
S00131826,65,64,1,0,1
S00131827,53,51,2,1,1
S00131828,56,54,2,0,2
S00131829,59,59,0,0,0
S00131830,45,45,0,0,0
S00131831,40,40,0,0,0
S00131832,58,56,2,0,2
S00131833,47,47,0,0,0
S00131834,63,63,0,0,0
S00131835,61,61,0,0,0
S00131836,45,44,1,0,1
S00131837,44,44,0,0,0
S00131838,54,53,1,0,1
S00131839,48,47,1,0,1
S00131840,48,45,3,0,3
S00131841,64,64,0,0,0
S00131842,52,50,2,0,2
S00131843,45,45,0,0,0
S00131844,49,49,0,0,0
S00131845,42,41,1,0,1
S00131846,43,41,2,0,2
S00131847,52,47,5,0,5
S00131848,74,71,3,0,3
S00131849,49,49,0,0,0
S00131850,70,61,9,0,9
S00131851,67,65,2,0,2
S00131852,53,53,0,0,0
S00131853,70,65,5,0,5
S00131854,50,48,2,0,2
S00131855,44,42,2,0,2
S00131856,39,37,2,0,2
S00131857,52,50,2,0,2
S00131858,72,71,1,0,1
S00131859,71,69,2,0,2
S00131860,50,50,0,0,0
S00131861,43,39,4,0,4
S00131862,48,48,0,0,0
S00131863,71,71,0,0,0
S00131864,78,76,2,0,2
S00131865,49,47,2,0,2
S00131866,32,31,1,0,1
S00131867,70,69,1,0,1
S00131868,51,51,0,0,0
S00131869,33,33,0,0,0
S00131870,49,49,0,0,0
S00131871,75,73,2,0,2
S00131872,70,69,1,0,1
S00131873,49,47,2,0,2
S00131874,60,54,6,0,6
S00131875,75,74,1,0,1
S00131876,53,50,3,0,3
S00131877,46,46,0,0,0
S00131878,78,74,4,0,4
S00131879,54,52,2,0,2
S00131880,44,44,0,0,0
S00131881,34,34,0,0,0
S00131882,26,24,2,0,2
S00131883,61,61,0,0,0
S00131884,49,48,1,0,1
S00131885,58,55,3,0,3
S00131886,50,49,1,0,1
S00131887,65,61,4,2,2
S00131888,55,51,4,1,3
S00131889,68,65,3,0,3
S00131890,61,58,3,0,3
S00131891,73,72,1,1,0
S00131892,56,54,2,0,2
S00131893,79,75,4,1,3
S00131894,55,55,0,0,0
S00131895,48,44,4,0,4
S00131896,66,54,12,0,12
S00131897,73,69,4,2,2
S00131898,74,73,1,0,1
S00131899,56,54,2,0,2
S00131900,30,30,0,0,0
S00131901,66,65,1,0,1
S00131902,58,58,0,0,0
S00131903,73,73,0,0,0
S00131904,77,75,2,0,2
S00131905,54,53,1,0,1
S00131906,71,71,0,0,0
S00131907,60,58,2,0,2
S00131908,68,68,0,0,0
S00131909,30,30,0,0,0
S00131910,48,48,0,0,0
S00131911,58,57,1,0,1
S00131912,58,58,0,0,0
S00131913,50,49,1,0,1
S00131914,50,50,0,0,0
S00131915,48,48,0,0,0
S00131916,58,58,0,0,0
S00131917,40,39,1,0,1
S00131918,53,53,0,0,0
S00131919,46,45,1,0,1
S00131920,90,90,0,0,0
S00131921,65,64,1,0,1
S00131922,63,63,0,0,0
S00131923,46,43,3,0,3
S00131924,56,54,2,0,2
S00131925,47,44,3,0,3
S00131926,53,49,4,0,4
S00131927,73,73,0,0,0
S00131928,70,69,1,0,1
S00131929,56,55,1,0,1
S00131930,41,41,0,0,0
S00131931,39,38,1,0,1
S00131932,49,49,0,0,0
S00131933,21,21,0,0,0
S00131934,63,63,0,0,0
S00131935,61,61,0,0,0
S00131936,44,44,0,0,0
S00131937,55,54,1,0,1
S00131938,68,65,3,0,3
S00131939,52,50,2,0,2
S00131940,32,31,1,0,1
S00131941,76,66,10,0,10
S00131942,70,70,0,0,0
S00131943,73,70,3,0,3
S00131944,50,50,0,0,0
S00131945,47,41,6,0,6
S00131946,55,55,0,0,0
S00131947,24,23,1,0,1
S00131948,47,45,2,0,2
S00131949,60,59,1,0,1
S00131950,69,68,1,0,1
S00131951,60,57,3,0,3
S00131952,61,59,2,0,2
S00131953,76,75,1,0,1
S00131954,73,73,0,0,0
S00131955,38,36,2,0,2
S00131956,77,76,1,0,1
S00131957,59,58,1,0,1
S00131958,60,60,0,0,0
S00131959,59,59,0,0,0
S00131960,63,62,1,0,1
S00131961,78,76,2,0,2
S00131962,49,49,0,0,0
S00131963,46,46,0,0,0
S00131964,42,38,4,0,4
S00131965,52,51,1,0,1
S00131966,44,44,0,0,0
S00131967,41,38,3,0,3
S00131968,32,32,0,0,0
S00131969,62,61,1,0,1
S00131970,74,74,0,0,0
S00131971,75,75,0,0,0
S00131972,46,46,0,0,0
S00131973,43,43,0,0,0
S00131974,61,61,0,0,0
S00131975,47,47,0,0,0
S00131976,68,67,1,0,1
S00131977,41,41,0,0,0
S00131978,41,41,0,0,0
S00131979,57,57,0,0,0
S00131980,49,45,4,0,4
S00131981,69,68,1,0,1
S00131982,48,47,1,0,1
S00131983,44,43,1,0,1
S00131984,54,54,0,0,0
S00131985,49,49,0,0,0
S00131986,68,66,2,0,2
S00131987,58,57,1,0,1
S00131988,66,66,0,0,0
S00131989,24,24,0,0,0
S00131990,39,38,1,0,1
S00131991,51,51,0,0,0
S00131992,63,63,0,0,0
S00131993,72,70,2,0,2
S00131994,61,61,0,0,0
S00131995,50,50,0,0,0
S00131996,28,28,0,0,0
S00131997,40,39,1,0,1
S00131998,45,45,0,0,0
S00131999,40,40,0,0,0
S00132000,63,62,1,0,1
S00132001,71,68,3,0,3
S00132002,71,71,0,0,0
S00132003,42,40,2,0,2
S00132004,60,59,1,0,1
S00132005,76,74,2,1,1
S00132006,28,28,0,0,0
S00132007,24,24,0,0,0
S00132008,57,50,7,0,7
S00132009,51,50,1,0,1
S00132010,47,46,1,0,1
S00132011,46,46,0,0,0
S00132012,43,43,0,0,0
S00132013,50,47,3,0,3
S00132014,45,45,0,0,0
S00132015,74,73,1,0,1
S00132016,45,44,1,0,1
S00132017,62,61,1,0,1
S00132018,33,33,0,0,0
S00132019,52,51,1,0,1
S00132020,76,76,0,0,0
S00132021,77,77,0,0,0
S00132022,42,40,2,0,2
S00132023,74,74,0,0,0
S00132024,62,61,1,0,1
S00132025,51,51,0,0,0
S00132026,46,46,0,0,0
S00132027,49,49,0,0,0
S00132028,56,56,0,0,0
S00132029,42,41,1,0,1
S00132030,77,76,1,0,1
S00132031,57,57,0,0,0
S00132032,77,77,0,0,0
S00132033,66,66,0,0,0
S00132034,32,32,0,0,0
S00132035,64,64,0,0,0
S00132036,63,63,0,0,0
S00132037,44,43,1,0,1
S00132038,42,42,0,0,0
S00132039,47,47,0,0,0
S00132040,44,44,0,0,0
S00132041,73,73,0,0,0
S00132042,54,54,0,0,0
S00132043,63,62,1,0,1
S00132044,54,54,0,0,0
S00132045,48,48,0,0,0
S00132046,48,48,0,0,0
S00132047,45,44,1,0,1
S00132048,46,46,0,0,0
S00132049,37,37,0,0,0
S00132050,32,31,1,0,1
S00132051,62,61,1,0,1
S00132052,38,37,1,0,1
S00132053,43,42,1,0,1
S00132054,43,43,0,0,0
S00132055,46,43,3,0,3
S00132056,51,48,3,0,3
S00132057,64,60,4,0,4
S00132058,57,57,0,0,0
S00132059,46,42,4,0,4
S00132060,38,37,1,0,1
S00132061,41,40,1,0,1
S00132062,67,66,1,0,1
S00132063,44,37,7,0,7
S00132064,52,50,2,0,2
S00132065,51,51,0,0,0
S00132066,45,45,0,0,0
S00132067,42,42,0,0,0
S00132068,38,37,1,0,1
S00132069,57,54,3,0,3
S00132070,75,73,2,0,2
S00132071,74,71,3,0,3
S00132072,66,60,6,0,6
S00132073,60,56,4,0,4
S00132074,80,76,4,0,4
S00132075,43,40,3,0,3
S00132076,41,40,1,0,1
S00132077,34,32,2,0,2
S00132078,67,64,3,0,3
S00132079,69,68,1,0,1
S00132080,45,44,1,0,1
S00132081,36,36,0,0,0
S00132082,43,43,0,0,0
S00132083,52,52,0,0,0
S00132084,53,50,3,0,3
S00132085,68,66,2,0,2
S00132086,66,65,1,0,1
S00132087,48,47,1,0,1
S00132088,41,40,1,0,1
S00132089,47,46,1,0,1
S00132090,46,43,3,0,3
S00132091,47,45,2,0,2
S00132092,41,41,0,0,0
S00132093,46,45,1,0,1
S00132094,79,79,0,0,0
S00132095,45,45,0,0,0
S00132096,55,52,3,0,3
S00132097,44,42,2,0,2
S00132098,56,55,1,1,0
S00132099,60,60,0,0,0
S00132100,39,37,2,0,2
S00132101,88,88,0,0,0
S00132102,55,55,0,0,0
S00132103,42,41,1,1,0
S00132104,67,66,1,0,1
S00132105,50,47,3,0,3
S00132106,58,55,3,0,3
S00132107,53,53,0,0,0
S00132108,45,42,3,0,3
S00132109,50,49,1,0,1
S00132110,58,57,1,0,1
S00132111,71,69,2,0,2
S00132112,40,40,0,0,0
S00132113,44,44,0,0,0
S00132114,75,73,2,0,2
S00132115,64,62,2,0,2
S00132116,50,48,2,0,2
S00132117,50,48,2,0,2
S00132118,48,47,1,0,1
S00132119,68,67,1,0,1
S00132120,80,73,7,0,7
S00132121,66,63,3,0,3
S00132122,55,54,1,0,1
S00132123,49,49,0,0,0
S00132124,40,38,2,1,1
S00132125,62,57,5,0,5
S00132126,42,40,2,1,1
S00132127,48,47,1,0,1
S00132128,45,45,0,0,0
S00132129,50,49,1,0,1
S00132130,41,40,1,1,0
S00132131,51,50,1,1,0
S00132132,46,44,2,0,2
S00132133,64,61,3,0,3
S00132134,49,47,2,0,2
S00132135,70,69,1,1,0
S00132136,40,40,0,0,0
S00132137,34,32,2,0,2
S00132138,72,60,12,1,11
S00132139,64,62,2,0,2
S00132140,44,44,0,0,0
S00132141,42,42,0,0,0
S00132142,58,58,0,0,0
S00132143,42,41,1,0,1
S00132144,34,34,0,0,0
S00132145,53,51,2,0,2
S00132146,60,60,0,0,0
S00132147,56,55,1,0,1
S00132148,53,52,1,0,1
S00132149,42,41,1,0,1
S00132150,56,56,0,0,0
S00132151,57,56,1,0,1
S00132152,42,42,0,0,0
S00132153,59,58,1,0,1
S00132154,50,50,0,0,0
S00132155,73,70,3,0,3
S00132156,61,61,0,0,0
S00132157,42,41,1,0,1
S00132158,60,60,0,0,0
S00132159,62,61,1,0,1
S00132160,60,58,2,0,2
S00132161,51,51,0,0,0
S00132162,74,71,3,0,3
S00132163,55,48,7,0,7
S00132164,41,41,0,0,0
S00132165,73,62,11,0,11
S00132166,70,65,5,0,5
S00132167,48,46,2,0,2
S00132168,40,39,1,0,1
S00132169,62,60,2,0,2
S00132170,41,41,0,0,0
S00132171,50,48,2,0,2
S00132172,55,55,0,0,0
S00132173,52,48,4,0,4
S00132174,32,32,0,0,0
S00132175,54,53,1,0,1
S00132176,42,42,0,0,0
S00132177,50,47,3,0,3
S00132178,75,72,3,0,3
S00132179,83,77,6,0,6
S00132180,53,46,7,0,7
S00132181,78,74,4,0,4
S00132182,86,81,5,0,5
S00132183,66,66,0,0,0
S00132184,73,71,2,0,2
S00132185,57,53,4,0,4
S00132186,49,43,6,0,6
S00132187,51,50,1,0,1
S00132188,36,34,2,0,2
S00132189,61,57,4,0,4
S00132190,57,56,1,0,1
S00132191,46,43,3,0,3
S00132192,58,57,1,0,1
S00132193,50,48,2,0,2
S00132194,41,39,2,1,1
S00132195,40,39,1,1,0
S00132196,46,46,0,0,0
S00132197,56,51,5,0,5
S00132198,48,48,0,0,0
S00132199,47,47,0,0,0
S00132200,42,42,0,0,0
S00132201,52,52,0,0,0
S00132202,71,67,4,0,4
S00132203,42,39,3,0,3
S00132204,40,40,0,0,0
S00132205,73,71,2,0,2
S00132206,58,54,4,0,4
S00132207,56,53,3,0,3
S00132208,56,56,0,0,0
S00132209,55,55,0,0,0
S00132210,43,43,0,0,0
S00132211,58,58,0,0,0
S00132212,52,50,2,0,2
S00132213,48,47,1,0,1
S00132214,42,41,1,0,1
S00132215,44,42,2,1,1
S00132216,41,40,1,0,1
S00132217,44,43,1,0,1
S00132218,35,35,0,0,0
S00132219,43,42,1,0,1
S00132220,42,42,0,0,0
S00132221,54,54,0,0,0
S00132222,76,76,0,0,0
S00132223,59,59,0,0,0
S00132224,40,36,4,1,3
S00132225,41,41,0,0,0
S00132226,38,38,0,0,0
S00132227,52,51,1,0,1
S00132228,54,52,2,0,2
S00132229,56,54,2,0,2
S00132230,46,45,1,0,1
S00132231,42,40,2,0,2
S00132232,52,52,0,0,0
S00132233,64,60,4,0,4
S00132234,63,62,1,0,1
S00132235,60,60,0,0,0
S00132236,55,55,0,0,0
S00132237,83,81,2,0,2
S00132238,66,63,3,0,3
S00132239,69,69,0,0,0
S00132240,74,70,4,1,3
S00132241,78,78,0,0,0
S00132242,66,63,3,0,3
S00132243,66,65,1,0,1
S00132244,69,67,2,0,2
S00132245,53,49,4,0,4
S00132246,63,62,1,0,1
S00132247,47,45,2,0,2
S00132248,31,31,0,0,0
S00132249,47,45,2,0,2
S00132250,55,55,0,0,0
S00132251,53,53,0,0,0
S00132252,48,48,0,0,0
S00132253,57,53,4,1,3
S00132254,46,44,2,0,2
S00132255,42,41,1,0,1
S00132256,45,45,0,0,0
S00132257,51,50,1,0,1
S00132258,39,39,0,0,0
S00132259,44,44,0,0,0
S00132260,63,60,3,0,3
S00132261,72,72,0,0,0
S00132262,58,58,0,0,0
S00132263,43,43,0,0,0
S00132264,53,53,0,0,0
S00132265,45,45,0,0,0
S00132266,54,54,0,0,0
S00132267,59,57,2,0,2
S00132268,48,48,0,0,0
S00132269,22,22,0,0,0
S00132270,63,63,0,0,0
S00132271,46,46,0,0,0
S00132272,53,52,1,0,1
S00132273,25,25,0,0,0
S00132274,78,78,0,0,0
S00132275,21,21,0,0,0
S00132276,45,42,3,0,3
S00132277,45,44,1,0,1
S00132278,48,46,2,0,2
S00132279,33,32,1,0,1
S00132280,65,64,1,0,1
S00132281,57,56,1,0,1
S00132282,51,50,1,0,1
S00132283,38,38,0,0,0
S00132284,49,49,0,0,0
S00132285,50,49,1,0,1
S00132286,40,40,0,0,0
S00132287,42,41,1,0,1
S00132288,35,35,0,0,0
S00132289,47,47,0,0,0
S00132290,35,35,0,0,0
S00132291,66,57,9,0,9
S00132292,32,30,2,0,2
S00132293,50,48,2,0,2
S00132294,21,21,0,0,0
S00132295,42,42,0,0,0
S00132296,49,47,2,0,2
S00132297,63,63,0,0,0
S00132298,54,44,10,0,10
S00132299,46,46,0,0,0
S00132300,53,53,0,0,0
S00132301,82,81,1,0,1
S00132302,55,55,0,0,0
S00132303,36,36,0,0,0
S00132304,60,59,1,0,1
S00132305,22,22,0,0,0
S00132306,77,76,1,0,1
S00132307,38,38,0,0,0
S00132308,38,36,2,0,2
S00132309,43,36,7,0,7
S00132310,61,58,3,0,3
S00132311,59,49,10,1,9
S00132312,35,35,0,0,0
S00132313,33,31,2,0,2
S00132314,36,36,0,0,0
S00132315,52,51,1,0,1
S00132316,34,32,2,0,2
S00132317,57,54,3,0,3
S00132318,64,61,3,0,3
S00132319,76,74,2,0,2
S00132320,58,55,3,0,3
S00132321,41,41,0,0,0
S00132322,29,29,0,0,0
S00132323,57,57,0,0,0
S00132324,28,28,0,0,0
S00132325,82,75,7,1,6
S00132326,65,63,2,1,1
S00132327,46,46,0,0,0
S00132328,67,60,7,0,7
S00132329,33,33,0,0,0
S00132330,50,49,1,0,1
S00132331,63,62,1,0,1
S00132332,88,74,14,0,14
S00132333,40,40,0,0,0
S00132334,31,31,0,0,0
S00132335,41,41,0,0,0
S00132336,39,39,0,0,0
S00132337,34,34,0,0,0
S00132338,35,35,0,0,0
S00132339,42,42,0,0,0
S00132340,67,58,9,0,9
S00132341,37,35,2,0,2
S00132342,60,54,6,0,6
S00132343,41,41,0,0,0
S00132344,34,27,7,1,6
S00132345,23,23,0,0,0
S00132346,83,83,0,0,0
S00132347,59,58,1,1,0
S00132348,125,102,23,6,17
S00132349,21,20,1,0,1
S00132350,61,53,8,0,8
S00132351,42,41,1,0,1
S00132352,47,47,0,0,0
S00132353,44,41,3,0,3
S00132354,47,46,1,0,1
S00132355,60,56,4,0,4
S00132356,55,52,3,0,3
S00132357,60,55,5,4,1
S00132358,70,69,1,1,0
S00132359,59,57,2,0,2
S00132360,78,76,2,0,2
S00132361,57,53,4,0,4
S00132362,40,40,0,0,0
S00132363,71,66,5,2,3
S00132364,46,42,4,0,4
S00132365,40,39,1,1,0
S00132366,40,40,0,0,0
S00132367,26,24,2,1,1
S00132368,47,47,0,0,0
S00132369,65,64,1,0,1
S00132370,43,42,1,0,1
S00132371,79,78,1,0,1
S00132372,33,33,0,0,0
S00132373,53,52,1,0,1
S00132374,43,42,1,0,1
S00132375,44,41,3,0,3
S00132376,56,53,3,0,3
S00132377,32,31,1,0,1
S00132378,79,75,4,0,4
S00132379,45,44,1,0,1
S00132380,49,47,2,1,1
S00132381,45,45,0,0,0
S00132382,50,50,0,0,0
S00132383,44,41,3,0,3
S00132384,67,66,1,0,1
S00132385,27,27,0,0,0
S00132386,30,30,0,0,0
S00132387,33,33,0,0,0
S00132388,56,52,4,0,4
S00132389,41,40,1,0,1
S00132390,39,35,4,0,4
S00132391,30,30,0,0,0
S00132392,56,56,0,0,0
S00132393,51,51,0,0,0
S00132394,53,51,2,0,2
S00132395,70,69,1,0,1
S00132396,35,35,0,0,0
S00132397,53,53,0,0,0
S00132398,46,43,3,0,3
S00132399,24,24,0,0,0
S00132400,37,37,0,0,0
S00132401,47,46,1,0,1
S00132402,49,43,6,0,6
S00132403,34,34,0,0,0
S00132404,80,78,2,0,2
S00132405,45,45,0,0,0
S00132406,51,49,2,0,2
S00132407,22,21,1,0,1
S00132408,51,51,0,0,0
S00132409,52,51,1,0,1
S00132410,40,37,3,0,3
S00132411,54,52,2,0,2
S00132412,54,54,0,0,0
S00132413,65,63,2,0,2
S00132414,58,56,2,0,2
S00132415,67,67,0,0,0
S00132416,83,83,0,0,0
S00132417,57,53,4,0,4
S00132418,40,37,3,0,3
S00132419,43,41,2,0,2
S00132420,35,35,0,0,0
S00132421,46,44,2,0,2
S00132422,40,40,0,0,0
S00132423,52,50,2,0,2
S00132424,49,48,1,0,1
S00132425,26,26,0,0,0
S00132426,46,46,0,0,0
S00132427,33,33,0,0,0
S00132428,69,68,1,0,1
S00132429,33,31,2,0,2
S00132430,25,25,0,0,0
S00132431,42,40,2,0,2
S00132432,42,40,2,0,2
S00132433,38,38,0,0,0
S00132434,40,38,2,0,2
S00132435,43,42,1,0,1
S00132436,56,56,0,0,0
S00132437,42,42,0,0,0
S00132438,48,48,0,0,0
S00132439,40,40,0,0,0
S00132440,91,85,6,0,6
S00132441,50,50,0,0,0
S00132442,53,51,2,0,2
S00132443,32,31,1,0,1
S00132444,33,31,2,0,2
S00132445,57,53,4,0,4
S00132446,23,23,0,0,0
S00132447,65,64,1,0,1
S00132448,60,59,1,0,1
S00132449,48,46,2,0,2
S00132450,49,49,0,0,0
S00132451,42,42,0,0,0
S00132452,47,47,0,0,0
S00132453,35,34,1,0,1
S00132454,32,32,0,0,0
S00132455,60,59,1,0,1
S00132456,33,33,0,0,0
S00132457,52,52,0,0,0
S00132458,39,38,1,0,1
S00132459,57,54,3,0,3
S00132460,59,55,4,0,4
S00132461,33,32,1,0,1
S00132462,42,41,1,0,1
S00132463,42,42,0,0,0
S00132464,65,65,0,0,0
S00132465,25,25,0,0,0
S00132466,52,50,2,0,2
S00132467,39,37,2,0,2
S00132468,22,22,0,0,0
S00132469,60,58,2,0,2
S00132470,28,27,1,1,0
S00132471,73,73,0,0,0
S00132472,34,33,1,1,0
S00132473,48,48,0,0,0
S00132474,45,45,0,0,0
S00132475,42,41,1,0,1
S00132476,23,21,2,1,1
S00132477,64,61,3,0,3
S00132478,35,35,0,0,0
S00132479,60,60,0,0,0
S00132480,26,26,0,0,0
S00132481,61,60,1,0,1
S00132482,47,47,0,0,0
S00132483,33,33,0,0,0
S00132484,66,66,0,0,0
S00132485,25,24,1,0,1
S00132486,60,59,1,0,1
S00132487,35,34,1,0,1
S00132488,53,53,0,0,0
S00132489,37,37,0,0,0
S00132490,32,29,3,0,3
S00132491,58,55,3,0,3
S00132492,74,69,5,5,0
S00132493,72,72,0,0,0
S00132494,22,22,0,0,0
S00132495,27,26,1,0,1
S00132496,60,52,8,0,8
S00132497,30,30,0,0,0
S00132498,44,44,0,0,0
S00132499,53,51,2,0,2
S00132500,52,48,4,1,3
S00132501,76,73,3,0,3
S00132502,51,50,1,0,1
S00132503,45,43,2,1,1
S00132504,61,60,1,0,1
S00132505,44,44,0,0,0
S00132506,57,55,2,0,2
S00132507,49,49,0,0,0
S00132508,61,55,6,0,6
S00132509,58,57,1,0,1
S00132510,40,40,0,0,0
S00132511,48,48,0,0,0
S00132512,58,56,2,0,2
S00132513,26,25,1,0,1
S00132514,42,42,0,0,0
S00132515,65,61,4,1,3
S00132516,61,55,6,1,5
S00132517,43,39,4,0,4
S00132518,48,43,5,1,4
S00132519,53,50,3,1,2
S00132520,63,60,3,0,3
S00132521,55,49,6,3,3
S00132522,48,47,1,0,1
S00132523,31,31,0,0,0
S00132524,51,50,1,0,1
S00132525,44,41,3,0,3
S00132526,80,75,5,3,2
S00132527,43,41,2,0,2
S00132528,84,77,7,0,7
S00132529,53,53,0,0,0
S00132530,47,45,2,1,1
S00132531,40,36,4,0,4
S00132532,39,38,1,0,1
S00132533,48,47,1,0,1
S00132534,47,46,1,0,1
S00132535,45,44,1,0,1
S00132536,26,25,1,0,1
S00132537,60,59,1,0,1
S00132538,45,44,1,0,1
S00132539,50,44,6,0,6
S00132540,44,44,0,0,0
S00132541,67,66,1,0,1
S00132542,70,66,4,0,4
S00132543,47,45,2,0,2
S00132544,55,53,2,0,2
S00132545,73,64,9,0,9
S00132546,46,45,1,0,1
S00132547,40,40,0,0,0
S00132548,75,74,1,0,1
S00132549,51,51,0,0,0
S00132550,93,87,6,0,6
S00132551,51,50,1,0,1
S00132552,70,63,7,0,7
S00132553,69,68,1,0,1
S00132554,40,40,0,0,0
S00132555,58,57,1,0,1
S00132556,52,51,1,0,1
S00132557,38,37,1,0,1
S00132558,55,53,2,0,2
S00132559,42,42,0,0,0
S00132560,72,58,14,0,14
S00132561,28,28,0,0,0
S00132562,56,55,1,0,1
S00132563,48,48,0,0,0
S00132564,57,54,3,0,3
S00132565,72,72,0,0,0
S00132566,55,55,0,0,0
S00132567,44,43,1,1,0
S00132568,73,67,6,1,5
S00132569,58,56,2,0,2
S00132570,39,39,0,0,0
S00132571,63,60,3,0,3
S00132572,20,20,0,0,0
S00132573,68,68,0,0,0
S00132574,59,57,2,0,2
S00132575,67,60,7,0,7
S00132576,52,50,2,0,2
S00132577,49,47,2,0,2
S00132578,43,42,1,0,1
S00132579,75,74,1,0,1
S00132580,31,31,0,0,0
S00132581,78,68,10,1,9
S00132582,52,52,0,0,0
S00132583,72,64,8,0,8
S00132584,38,38,0,0,0
S00132585,35,35,0,0,0
S00132586,52,49,3,0,3
S00132587,40,39,1,0,1
S00132588,48,47,1,0,1
S00132589,43,43,0,0,0
S00132590,37,37,0,0,0
S00132591,55,52,3,0,3
S00132592,46,46,0,0,0
S00132593,46,45,1,0,1
S00132594,22,22,0,0,0
S00132595,58,58,0,0,0
S00132596,42,41,1,0,1
S00132597,46,44,2,0,2
S00132598,56,52,4,0,4
S00132599,39,37,2,0,2
S00132600,47,46,1,1,0
S00132601,47,46,1,0,1
S00132602,50,50,0,0,0
S00132603,48,47,1,0,1
S00132604,79,79,0,0,0
S00132605,77,74,3,0,3
S00132606,35,35,0,0,0
S00132607,46,45,1,0,1
S00132608,36,36,0,0,0
S00132609,51,50,1,0,1
S00132610,36,36,0,0,0
S00132611,29,29,0,0,0
S00132612,38,37,1,0,1
S00132613,47,47,0,0,0
S00132614,58,57,1,0,1
S00132615,62,60,2,0,2
S00132616,52,52,0,0,0
S00132617,63,60,3,0,3
S00132618,43,43,0,0,0
S00132619,65,63,2,0,2
S00132620,56,56,0,0,0
S00132621,57,57,0,0,0
S00132622,68,66,2,0,2
S00132623,89,84,5,0,5
S00132624,34,33,1,0,1
S00132625,70,70,0,0,0
S00132626,56,56,0,0,0
S00132627,33,33,0,0,0
S00132628,69,67,2,0,2
S00132629,67,64,3,0,3
S00132630,59,57,2,0,2
S00132631,75,71,4,0,4
S00132632,47,45,2,0,2
S00132633,35,35,0,0,0
S00132634,52,52,0,0,0
S00132635,46,45,1,0,1
S00132636,71,69,2,0,2
S00132637,56,54,2,0,2
S00132638,30,30,0,0,0
S00132639,35,33,2,0,2
S00132640,60,58,2,2,0
S00132641,54,54,0,0,0
S00132642,32,32,0,0,0
S00132643,49,49,0,0,0
S00132644,48,48,0,0,0
S00132645,36,36,0,0,0
S00132646,72,71,1,0,1
S00132647,23,23,0,0,0
S00132648,27,25,2,0,2
S00132649,83,83,0,0,0
S00132650,88,87,1,0,1
S00132651,31,30,1,0,1
S00132652,54,51,3,1,2
S00132653,69,68,1,0,1
S00132654,34,33,1,1,0
S00132655,57,53,4,1,3
S00132656,57,55,2,0,2
S00132657,21,21,0,0,0
S00132658,61,60,1,1,0
S00132659,58,58,0,0,0
S00132660,60,60,0,0,0
S00132661,58,58,0,0,0
S00132662,62,61,1,1,0
S00132663,44,44,0,0,0
S00132664,39,39,0,0,0
S00132665,56,56,0,0,0
S00132666,66,65,1,0,1
S00132667,52,50,2,0,2
S00132668,21,21,0,0,0
S00132669,62,61,1,0,1
S00132670,52,52,0,0,0
S00132671,55,55,0,0,0
S00132672,60,59,1,1,0
S00132673,50,50,0,0,0
S00132674,48,48,0,0,0
S00132675,30,30,0,0,0
S00132676,45,44,1,0,1
S00132677,52,52,0,0,0
S00132678,99,98,1,0,1
S00132679,32,32,0,0,0
S00132680,47,47,0,0,0
S00132681,30,30,0,0,0
S00132682,45,45,0,0,0
S00132683,58,57,1,0,1
S00132684,45,44,1,1,0
S00132685,39,39,0,0,0
S00132686,80,80,0,0,0
S00132687,56,54,2,0,2
S00132688,37,37,0,0,0
S00132689,59,57,2,0,2
S00132690,38,37,1,0,1
S00132691,53,51,2,0,2
S00132692,53,53,0,0,0
S00132693,67,67,0,0,0
S00132694,72,69,3,1,2
S00132695,63,59,4,0,4
S00132696,60,57,3,0,3
S00132697,50,50,0,0,0
S00132698,25,24,1,0,1
S00132699,80,78,2,0,2
S00132700,48,47,1,0,1
S00132701,75,74,1,0,1
S00132702,54,53,1,0,1
S00132703,49,49,0,0,0
S00132704,50,50,0,0,0
S00132705,55,54,1,0,1
S00132706,69,59,10,0,10
S00132707,56,56,0,0,0
S00132708,60,60,0,0,0
S00132709,58,57,1,0,1
S00132710,95,95,0,0,0
S00132711,36,35,1,0,1
S00132712,55,54,1,0,1
S00132713,35,35,0,0,0
S00132714,41,41,0,0,0
S00132715,39,35,4,2,2
S00132716,58,58,0,0,0
S00132717,56,55,1,0,1
S00132718,32,31,1,0,1
S00132719,57,55,2,0,2
S00132720,55,55,0,0,0
S00132721,31,30,1,1,0
S00132722,45,45,0,0,0
S00132723,63,57,6,6,0
S00132724,48,48,0,0,0
S00132725,51,50,1,1,0
S00132726,40,39,1,1,0
S00132727,71,68,3,3,0
S00132728,26,26,0,0,0
S00132729,28,28,0,0,0
S00132730,52,51,1,0,1
S00132731,45,45,0,0,0
S00132732,63,63,0,0,0
S00132733,36,34,2,0,2
S00132734,86,75,11,5,6
S00132735,26,26,0,0,0
S00132736,66,65,1,0,1
S00132737,54,54,0,0,0
S00132738,45,45,0,0,0
S00132739,27,27,0,0,0
S00132740,68,67,1,0,1
S00132741,21,21,0,0,0
S00132742,58,57,1,0,1
S00132743,69,68,1,0,1
S00132744,66,63,3,0,3
S00132745,31,31,0,0,0
S00132746,54,53,1,0,1
S00132747,46,46,0,0,0
S00132748,59,59,0,0,0
S00132749,40,40,0,0,0
S00132750,31,31,0,0,0
S00132751,56,56,0,0,0
S00132752,53,49,4,0,4
S00132753,49,49,0,0,0
S00132754,34,34,0,0,0
S00132755,73,71,2,0,2
S00132756,53,48,5,0,5
S00132757,59,59,0,0,0
S00132758,35,33,2,0,2
S00132759,58,55,3,0,3
S00132760,47,46,1,0,1
S00132761,63,62,1,0,1
S00132762,25,25,0,0,0
S00132763,67,66,1,0,1
S00132764,60,57,3,0,3
S00132765,56,56,0,0,0
S00132766,48,48,0,0,0
S00132767,66,59,7,0,7
S00132768,60,55,5,0,5
S00132769,61,61,0,0,0
S00132770,32,31,1,0,1
S00132771,28,28,0,0,0
S00132772,45,42,3,0,3
S00132773,75,69,6,0,6
S00132774,29,28,1,0,1
S00132775,58,58,0,0,0
S00132776,49,48,1,0,1
S00132777,61,61,0,0,0
S00132778,48,48,0,0,0
S00132779,75,73,2,0,2
S00132780,91,85,6,0,6
S00132781,44,44,0,0,0
S00132782,64,64,0,0,0
S00132783,25,25,0,0,0
S00132784,59,57,2,0,2
S00132785,84,83,1,0,1
S00132786,61,60,1,0,1
S00132787,30,28,2,0,2
S00132788,55,55,0,0,0
S00132789,46,46,0,0,0
S00132790,22,22,0,0,0
S00132791,35,35,0,0,0
S00132792,57,55,2,0,2
S00132793,42,42,0,0,0
S00132794,50,49,1,0,1
S00132795,42,42,0,0,0
S00132796,64,62,2,0,2
S00132797,80,77,3,1,2
S00132798,89,88,1,0,1
S00132799,65,62,3,0,3
S00132800,23,23,0,0,0
S00132801,58,55,3,0,3
S00132802,44,43,1,0,1
S00132803,37,37,0,0,0
S00132804,42,42,0,0,0
S00132805,63,63,0,0,0
S00132806,56,56,0,0,0
S00132807,34,33,1,0,1
S00132808,45,44,1,0,1
S00132809,36,34,2,0,2
S00132810,35,35,0,0,0
S00132811,54,53,1,0,1
S00132812,35,33,2,0,2
S00132813,78,76,2,0,2
S00132814,48,43,5,0,5
S00132815,67,61,6,0,6
S00132816,68,60,8,0,8
S00132817,40,35,5,0,5
S00132818,52,51,1,0,1
S00132819,44,43,1,0,1
S00132820,55,55,0,0,0
S00132821,24,24,0,0,0
S00132822,30,29,1,0,1
S00132823,55,54,1,0,1
S00132824,42,42,0,0,0
S00132825,48,48,0,0,0
S00132826,24,22,2,2,0
S00132827,38,37,1,0,1
S00132828,54,52,2,0,2
S00132829,49,47,2,0,2
S00132830,39,37,2,0,2
S00132831,60,59,1,0,1
S00132832,102,100,2,0,2
S00132833,62,62,0,0,0
S00132834,74,72,2,1,1
S00132835,69,64,5,2,3
S00132836,45,44,1,0,1
S00132837,36,35,1,0,1
S00132838,34,34,0,0,0
S00132839,78,77,1,0,1
S00132840,35,34,1,0,1
S00132841,53,51,2,0,2
S00132842,77,58,19,0,19
S00132843,44,43,1,0,1
S00132844,39,39,0,0,0
S00132845,77,75,2,0,2
S00132846,58,56,2,0,2
S00132847,94,92,2,0,2
S00132848,104,103,1,0,1
S00132849,62,56,6,0,6
S00132850,28,28,0,0,0
S00132851,49,49,0,0,0
S00132852,45,44,1,0,1
S00132853,48,48,0,0,0
S00132854,59,59,0,0,0
S00132855,44,43,1,0,1
S00132856,40,40,0,0,0
S00132857,44,44,0,0,0
S00132858,60,60,0,0,0
S00132859,64,64,0,0,0
S00132860,24,24,0,0,0
S00132861,47,45,2,1,1
S00132862,36,35,1,0,1
S00132863,86,83,3,0,3
S00132864,38,38,0,0,0
S00132865,42,42,0,0,0
S00132866,69,69,0,0,0
S00132867,59,59,0,0,0
S00132868,61,61,0,0,0
S00132869,42,41,1,0,1
S00132870,45,45,0,0,0
S00132871,65,65,0,0,0
S00132872,48,47,1,0,1
S00132873,53,53,0,0,0
S00132874,66,59,7,0,7
S00132875,74,71,3,0,3
S00132876,69,68,1,0,1
S00132877,33,33,0,0,0
S00132878,53,53,0,0,0
S00132879,56,55,1,0,1
S00132880,48,48,0,0,0
S00132881,68,67,1,0,1
S00132882,34,33,1,0,1
S00132883,34,33,1,0,1
S00132884,22,22,0,0,0
S00132885,47,23,24,24,0
S00132886,25,24,1,1,0
S00132887,45,45,0,0,0
S00132888,57,51,6,5,1
S00132889,30,28,2,1,1
S00132890,45,40,5,0,5
S00132891,48,48,0,0,0
S00132892,30,25,5,4,1
S00132893,33,33,0,0,0
S00132894,42,41,1,0,1
S00132895,53,50,3,1,2
S00132896,65,61,4,1,3
S00132897,57,55,2,0,2
S00132898,50,48,2,0,2
S00132899,35,35,0,0,0
S00132900,27,26,1,1,0
S00132901,45,41,4,1,3
S00132902,41,39,2,1,1
S00132903,29,28,1,0,1
S00132904,42,42,0,0,0
S00132905,29,23,6,1,5
S00132906,63,63,0,0,0
S00132907,62,59,3,1,2
S00132908,36,36,0,0,0
S00132909,64,55,9,1,8
S00132910,41,39,2,1,1
S00132911,47,47,0,0,0
S00132912,70,64,6,0,6
S00132913,31,30,1,0,1
S00132914,54,47,7,5,2
S00132915,77,68,9,8,1
S00132916,44,44,0,0,0
S00132917,80,42,38,36,2
S00132918,84,63,21,21,0
S00132919,84,59,25,23,2
S00132920,88,76,12,11,1
S00132921,39,36,3,3,0
S00132922,36,29,7,3,4
S00132923,44,28,16,15,1
S00132924,46,28,18,14,4
S00132925,61,59,2,2,0
S00132926,54,52,2,0,2
S00132927,28,26,2,0,2
S00132928,62,60,2,0,2
S00132929,66,61,5,0,5
S00132930,40,35,5,2,3
S00132931,56,53,3,2,1
S00132932,38,35,3,3,0
S00132933,90,73,17,15,2
S00132934,52,47,5,4,1
S00132935,41,40,1,0,1
S00132936,37,36,1,0,1
S00132937,42,41,1,0,1
S00132938,42,42,0,0,0
S00132939,31,24,7,4,3
S00132940,24,20,4,2,2
S00132941,45,40,5,3,2
S00132942,42,42,0,0,0
S00132943,40,38,2,0,2
S00132944,53,51,2,0,2
S00132945,66,63,3,2,1
S00132946,75,70,5,2,3
S00132947,52,52,0,0,0
S00132948,70,67,3,0,3
S00132949,31,31,0,0,0
S00132950,68,67,1,0,1
S00132951,46,45,1,0,1
S00132952,54,53,1,0,1
S00132953,54,52,2,0,2
S00132954,82,76,6,0,6
S00132955,56,56,0,0,0
S00132956,78,76,2,1,1
S00132957,60,60,0,0,0
S00132958,60,59,1,0,1
S00132959,54,54,0,0,0
S00132960,63,61,2,1,1
S00132961,55,50,5,0,5
S00132962,55,52,3,0,3
S00132963,61,59,2,1,1
S00132964,74,73,1,0,1
S00132965,65,65,0,0,0
S00132966,30,30,0,0,0
S00132967,32,31,1,0,1
S00132968,67,65,2,0,2
S00132969,47,47,0,0,0
S00132970,73,73,0,0,0
S00132971,47,46,1,0,1
S00132972,54,54,0,0,0
S00132973,62,61,1,0,1
S00132974,68,68,0,0,0
S00132975,65,65,0,0,0
S00132976,56,56,0,0,0
S00132977,50,50,0,0,0
S00132978,30,30,0,0,0
S00132979,52,50,2,1,1
S00132980,66,64,2,0,2
S00132981,67,60,7,5,2
S00132982,75,70,5,1,4
S00132983,61,60,1,1,0
S00132984,31,30,1,0,1
S00132985,51,50,1,0,1
S00132986,45,44,1,0,1
S00132987,44,44,0,0,0
S00132988,57,56,1,0,1
S00132989,58,58,0,0,0
S00132990,69,68,1,0,1
S00132991,42,41,1,0,1
S00132992,40,40,0,0,0
S00132993,55,55,0,0,0
S00132994,46,46,0,0,0
S00132995,70,70,0,0,0
S00132996,70,69,1,0,1
S00132997,46,46,0,0,0
S00132998,46,45,1,1,0
S00132999,45,45,0,0,0
S00133000,46,46,0,0,0
S00133001,49,49,0,0,0
S00133002,47,45,2,0,2
S00133003,70,69,1,0,1
S00133004,46,46,0,0,0
S00133005,58,58,0,0,0
S00133006,57,56,1,0,1
S00133007,64,64,0,0,0
S00133008,49,47,2,0,2
S00133009,42,40,2,0,2
S00133010,59,58,1,0,1
S00133011,47,47,0,0,0
S00133012,82,77,5,1,4
S00133013,74,73,1,0,1
S00133014,60,59,1,0,1
S00133015,52,52,0,0,0
S00133016,56,55,1,0,1
S00133017,81,80,1,0,1
S00133018,71,71,0,0,0
S00133019,68,68,0,0,0
S00133020,33,32,1,0,1
S00133021,36,36,0,0,0
S00133022,66,66,0,0,0
S00133023,45,45,0,0,0
S00133024,58,57,1,0,1
S00133025,48,47,1,0,1
S00133026,40,39,1,0,1
S00133027,50,48,2,0,2
S00133028,48,48,0,0,0
S00133029,45,45,0,0,0
S00133030,37,37,0,0,0
S00133031,56,56,0,0,0
S00133032,45,45,0,0,0
S00133033,62,60,2,0,2
S00133034,29,29,0,0,0
S00133035,43,43,0,0,0
S00133036,46,45,1,1,0
S00133037,47,46,1,0,1
S00133038,50,48,2,0,2
S00133039,40,40,0,0,0
S00133040,48,48,0,0,0
S00133041,41,41,0,0,0
S00133042,48,47,1,0,1
S00133043,78,77,1,0,1
S00133044,60,60,0,0,0
S00133045,24,24,0,0,0
S00133046,72,72,0,0,0
S00133047,74,72,2,0,2
S00133048,36,35,1,0,1
S00133049,56,50,6,0,6
S00133050,53,52,1,0,1
S00133051,64,64,0,0,0
S00133052,46,45,1,0,1
S00133053,50,48,2,0,2
S00133054,50,49,1,0,1
S00133055,50,49,1,0,1
S00133056,50,50,0,0,0
S00133057,51,51,0,0,0
S00133058,36,36,0,0,0
S00133059,34,34,0,0,0
S00133060,61,60,1,0,1
S00133061,46,43,3,0,3
S00133062,50,50,0,0,0
S00133063,58,58,0,0,0
S00133064,40,38,2,0,2
S00133065,61,61,0,0,0
S00133066,68,67,1,0,1
S00133067,54,53,1,0,1
S00133068,70,70,0,0,0
S00133069,55,54,1,0,1
S00133070,76,68,8,0,8
S00133071,57,55,2,0,2
S00133072,71,71,0,0,0
S00133073,52,48,4,0,4
S00133074,32,30,2,0,2
S00133075,47,45,2,2,0
S00133076,54,53,1,0,1
S00133077,57,52,5,0,5
S00133078,70,69,1,0,1
S00133079,70,69,1,0,1
S00133080,49,44,5,0,5
S00133081,71,68,3,0,3
S00133082,59,55,4,0,4
S00133083,59,57,2,0,2
S00133084,46,46,0,0,0
S00133085,43,41,2,0,2
S00133086,48,47,1,0,1
S00133087,50,50,0,0,0
S00133088,32,32,0,0,0
S00133089,48,47,1,0,1
S00133090,62,62,0,0,0
S00133091,46,46,0,0,0
S00133092,40,39,1,0,1
S00133093,56,55,1,0,1
S00133094,48,48,0,0,0
S00133095,52,52,0,0,0
S00133096,54,53,1,0,1
S00133097,39,37,2,0,2
S00133098,56,55,1,0,1
S00133099,60,58,2,0,2
S00133100,69,66,3,0,3
S00133101,67,65,2,0,2
S00133102,30,30,0,0,0
S00133103,39,39,0,0,0
S00133104,39,37,2,0,2
S00133105,45,43,2,0,2
S00133106,39,39,0,0,0
S00133107,83,82,1,0,1
S00133108,47,46,1,0,1
S00133109,41,41,0,0,0
S00133110,26,26,0,0,0
S00133111,30,29,1,0,1
S00133112,55,53,2,1,1
S00133113,40,38,2,0,2
S00133114,50,50,0,0,0
S00133115,72,72,0,0,0
S00133116,38,37,1,0,1
S00133117,45,42,3,0,3
S00133118,26,26,0,0,0
S00133119,31,30,1,0,1
S00133120,47,47,0,0,0
S00133121,50,49,1,0,1
S00133122,47,46,1,0,1
S00133123,48,47,1,0,1
S00133124,50,49,1,0,1
S00133125,34,34,0,0,0
S00133126,21,21,0,0,0
S00133127,48,48,0,0,0
S00133128,40,37,3,1,2
S00133129,47,46,1,0,1
S00133130,51,50,1,0,1
S00133131,47,46,1,1,0
S00133132,52,52,0,0,0
S00133133,30,28,2,0,2
S00133134,36,36,0,0,0
S00133135,47,43,4,2,2
S00133136,67,64,3,0,3
S00133137,47,47,0,0,0
S00133138,44,44,0,0,0
S00133139,50,49,1,1,0
S00133140,46,44,2,0,2
S00133141,34,34,0,0,0
S00133142,65,60,5,5,0
S00133143,40,37,3,2,1
S00133144,53,52,1,0,1
S00133145,52,52,0,0,0
S00133146,43,40,3,0,3
S00133147,54,52,2,0,2
S00133148,41,41,0,0,0
S00133149,36,36,0,0,0
S00133150,37,37,0,0,0
S00133151,59,57,2,0,2
S00133152,48,47,1,0,1
S00133153,71,68,3,3,0
S00133154,68,68,0,0,0
S00133155,61,60,1,1,0
S00133156,40,40,0,0,0
S00133157,50,50,0,0,0
S00133158,37,36,1,0,1
S00133159,33,33,0,0,0
S00133160,27,26,1,1,0
S00133161,77,76,1,0,1
S00133162,28,27,1,0,1
S00133163,51,50,1,0,1
S00133164,68,66,2,1,1
S00133165,42,41,1,0,1
S00133166,76,76,0,0,0
S00133167,50,49,1,0,1
S00133168,46,46,0,0,0
S00133169,64,61,3,0,3
S00133170,54,52,2,0,2
S00133171,45,45,0,0,0
S00133172,43,40,3,0,3
S00133173,73,72,1,0,1
S00133174,66,65,1,0,1
S00133175,43,43,0,0,0
S00133176,60,59,1,0,1
S00133177,45,42,3,0,3
S00133178,51,51,0,0,0
S00133179,56,54,2,0,2
S00133180,46,46,0,0,0
S00133181,54,50,4,2,2
S00133182,51,49,2,0,2
S00133183,74,72,2,0,2
S00133184,63,62,1,0,1
S00133185,41,38,3,0,3
S00133186,50,47,3,1,2
S00133187,76,76,0,0,0
S00133188,46,42,4,0,4
S00133189,46,42,4,0,4
S00133190,44,41,3,0,3
S00133191,62,55,7,1,6
S00133192,71,69,2,0,2
S00133193,43,42,1,0,1
S00133194,91,86,5,1,4
S00133195,40,39,1,0,1
S00133196,60,57,3,0,3
S00133197,55,54,1,0,1
S00133198,80,77,3,0,3
S00133199,60,59,1,0,1
S00133200,59,58,1,1,0
S00133201,72,68,4,0,4
S00133202,54,53,1,1,0
S00133203,72,70,2,0,2
S00133204,47,47,0,0,0
S00133205,50,50,0,0,0
S00133206,55,54,1,0,1
S00133207,42,41,1,0,1
S00133208,35,35,0,0,0
S00133209,52,51,1,0,1
S00133210,57,57,0,0,0
S00133211,66,63,3,0,3
S00133212,78,77,1,0,1
S00133213,64,64,0,0,0
S00133214,53,52,1,0,1
S00133215,60,60,0,0,0
S00133216,35,24,11,0,11
S00133217,41,39,2,0,2
S00133218,48,45,3,0,3
S00133219,62,59,3,0,3
S00133220,64,62,2,0,2
S00133221,38,38,0,0,0
S00133222,51,51,0,0,0
S00133223,52,52,0,0,0
S00133224,49,47,2,0,2
S00133225,57,55,2,0,2
S00133226,48,48,0,0,0
S00133227,53,53,0,0,0
S00133228,54,54,0,0,0
S00133229,50,49,1,0,1
S00133230,76,74,2,0,2
S00133231,41,39,2,1,1
S00133232,40,39,1,0,1
S00133233,74,74,0,0,0
S00133234,59,59,0,0,0
S00133235,50,49,1,0,1
S00133236,44,44,0,0,0
S00133237,58,58,0,0,0
S00133238,42,41,1,0,1
S00133239,54,52,2,1,1
S00133240,49,47,2,0,2
S00133241,32,31,1,0,1
S00133242,50,49,1,0,1
S00133243,39,39,0,0,0
S00133244,70,69,1,0,1
S00133245,64,61,3,0,3
S00133246,60,60,0,0,0
S00133247,46,45,1,0,1
S00133248,56,54,2,1,1
S00133249,49,48,1,0,1
S00133250,24,24,0,0,0
S00133251,61,60,1,1,0
S00133252,55,53,2,0,2
S00133253,58,56,2,0,2
S00133254,79,74,5,1,4
S00133255,57,57,0,0,0
S00133256,46,45,1,0,1
S00133257,40,40,0,0,0
S00133258,24,24,0,0,0
S00133259,23,23,0,0,0
S00133260,67,67,0,0,0
S00133261,84,75,9,9,0
S00133262,27,27,0,0,0
S00133263,25,25,0,0,0
S00133264,47,47,0,0,0
S00133265,64,64,0,0,0
S00133266,59,59,0,0,0
S00133267,58,57,1,0,1
S00133268,63,63,0,0,0
S00133269,57,56,1,0,1
S00133270,42,42,0,0,0
S00133271,70,66,4,0,4
S00133272,55,55,0,0,0
S00133273,75,74,1,0,1
S00133274,73,73,0,0,0
S00133275,62,61,1,0,1
S00133276,71,71,0,0,0
S00133277,30,29,1,0,1
S00133278,52,52,0,0,0
S00133279,68,68,0,0,0
S00133280,52,52,0,0,0
S00133281,40,40,0,0,0
S00133282,55,55,0,0,0
S00133283,49,49,0,0,0
S00133284,73,71,2,0,2
S00133285,41,39,2,1,1
S00133286,62,62,0,0,0
S00133287,57,56,1,0,1
S00133288,40,40,0,0,0
S00133289,48,48,0,0,0
S00133290,68,68,0,0,0
S00133291,69,68,1,0,1
S00133292,43,43,0,0,0
S00133293,46,46,0,0,0
S00133294,55,53,2,0,2
S00133295,67,66,1,1,0
S00133296,62,62,0,0,0
S00133297,50,49,1,0,1
S00133298,49,49,0,0,0
S00133299,46,43,3,1,2
S00133300,45,42,3,2,1
S00133301,46,46,0,0,0
S00133302,53,51,2,0,2
S00133303,32,32,0,0,0
S00133304,68,67,1,0,1
S00133305,48,46,2,0,2
S00133306,75,75,0,0,0
S00133307,22,21,1,0,1
S00133308,64,64,0,0,0
S00133309,76,75,1,0,1
S00133310,48,45,3,0,3
S00133311,54,51,3,0,3
S00133312,51,51,0,0,0
S00133313,64,63,1,0,1
S00133314,75,75,0,0,0
S00133315,58,55,3,2,1
S00133316,31,31,0,0,0
S00133317,46,44,2,0,2
S00133318,40,40,0,0,0
S00133319,78,76,2,0,2
S00133320,68,68,0,0,0
S00133321,54,53,1,0,1
S00133322,48,47,1,1,0
S00133323,68,66,2,0,2
S00133324,41,40,1,1,0
S00133325,59,59,0,0,0
S00133326,44,43,1,0,1
S00133327,79,77,2,0,2
S00133328,62,61,1,0,1
S00133329,76,75,1,0,1
S00133330,50,50,0,0,0
S00133331,49,45,4,2,2
S00133332,47,45,2,2,0
S00133333,66,61,5,1,4
S00133334,25,25,0,0,0
S00133335,29,29,0,0,0
S00133336,48,47,1,0,1
S00133337,50,49,1,0,1
S00133338,51,49,2,0,2
S00133339,54,54,0,0,0
S00133340,41,41,0,0,0
S00133341,65,65,0,0,0
S00133342,47,47,0,0,0
S00133343,43,43,0,0,0
S00133344,49,49,0,0,0
S00133345,75,73,2,0,2
S00133346,40,40,0,0,0
S00133347,85,83,2,0,2
S00133348,73,72,1,1,0
S00133349,73,72,1,1,0
S00133350,80,72,8,0,8
S00133351,41,37,4,0,4
S00133352,63,59,4,0,4
S00133353,52,47,5,0,5
S00133354,64,63,1,0,1
S00133355,54,54,0,0,0
S00133356,56,55,1,0,1
S00133357,55,54,1,0,1
S00133358,71,66,5,2,3
S00133359,46,46,0,0,0
S00133360,28,28,0,0,0
S00133361,51,50,1,0,1
S00133362,39,35,4,1,3
S00133363,61,61,0,0,0
S00133364,32,28,4,4,0
S00133365,54,52,2,2,0
S00133366,70,69,1,0,1
S00133367,56,56,0,0,0
S00133368,55,55,0,0,0
S00133369,47,47,0,0,0
S00133370,51,51,0,0,0
S00133371,78,73,5,2,3
S00133372,54,50,4,1,3
S00133373,72,72,0,0,0
S00133374,57,54,3,1,2
S00133375,76,75,1,0,1
S00133376,63,62,1,0,1
S00133377,31,30,1,0,1
S00133378,57,55,2,0,2
S00133379,64,60,4,2,2
S00133380,70,60,10,5,5
S00133381,63,61,2,0,2
S00133382,68,61,7,3,4
S00133383,35,34,1,0,1
S00133384,70,62,8,3,5
S00133385,75,71,4,3,1
S00133386,59,58,1,0,1
S00133387,44,43,1,0,1
S00133388,70,70,0,0,0
S00133389,68,68,0,0,0
S00133390,51,51,0,0,0
S00133391,68,64,4,4,0
S00133392,35,27,8,7,1
S00133393,69,68,1,0,1
S00133394,37,35,2,0,2
S00133395,41,41,0,0,0
S00133396,38,37,1,0,1
S00133397,56,43,13,13,0
S00133398,56,30,26,24,2
S00133399,21,21,0,0,0
S00133400,35,35,0,0,0
S00133401,50,33,17,16,1
S00133402,43,37,6,5,1
S00133403,39,25,14,14,0
S00133404,61,59,2,1,1
S00133405,76,74,2,1,1
S00133406,47,46,1,0,1
S00133407,80,77,3,0,3
S00133408,23,21,2,2,0
S00133409,29,29,0,0,0
S00133410,27,26,1,1,0
S00133411,64,59,5,4,1
S00133412,36,35,1,0,1
S00133413,34,30,4,2,2
S00133414,51,51,0,0,0
S00133415,48,48,0,0,0
S00133416,36,35,1,0,1
S00133417,44,38,6,1,5
S00133418,48,47,1,1,0
S00133419,26,24,2,0,2
S00133420,61,58,3,2,1
S00133421,51,51,0,0,0
S00133422,30,28,2,2,0
S00133423,35,33,2,1,1
S00133424,66,65,1,0,1
S00133425,68,67,1,1,0
S00133426,66,62,4,0,4
S00133427,31,31,0,0,0
S00133428,30,30,0,0,0
S00133429,29,28,1,1,0
S00133430,37,36,1,0,1
S00133431,40,40,0,0,0
S00133432,48,48,0,0,0
S00133433,57,57,0,0,0
S00133434,57,55,2,1,1
S00133435,47,47,0,0,0
S00133436,78,75,3,0,3
S00133437,48,47,1,0,1
S00133438,54,53,1,1,0
S00133439,57,56,1,0,1
S00133440,34,34,0,0,0
S00133441,55,54,1,0,1
S00133442,32,32,0,0,0
S00133443,50,46,4,1,3
S00133444,68,65,3,2,1
S00133445,35,25,10,10,0
S00133446,41,40,1,0,1
S00133447,41,40,1,0,1
S00133448,46,45,1,0,1
S00133449,42,42,0,0,0
S00133450,42,39,3,1,2
S00133451,47,43,4,1,3
S00133452,58,56,2,1,1
S00133453,27,27,0,0,0
S00133454,27,27,0,0,0
S00133455,29,29,0,0,0
S00133456,58,57,1,1,0
S00133457,42,39,3,1,2
S00133458,44,44,0,0,0
S00133459,78,77,1,0,1
S00133460,39,38,1,1,0
S00133461,54,51,3,0,3
S00133462,38,37,1,0,1
S00133463,63,58,5,2,3
S00133464,37,32,5,0,5
S00133465,61,61,0,0,0
S00133466,33,31,2,0,2
S00133467,48,47,1,1,0
S00133468,38,37,1,0,1
S00133469,50,49,1,0,1
S00133470,30,29,1,0,1
S00133471,50,49,1,0,1
S00133472,64,64,0,0,0
S00133473,34,34,0,0,0
S00133474,54,53,1,0,1
S00133475,24,24,0,0,0
S00133476,70,70,0,0,0
S00133477,56,55,1,0,1
S00133478,37,36,1,0,1
S00133479,43,36,7,6,1
S00133480,69,64,5,2,3
S00133481,27,26,1,1,0
S00133482,47,42,5,3,2
S00133483,43,40,3,1,2
S00133484,42,35,7,1,6
S00133485,78,73,5,0,5
S00133486,84,79,5,1,4
S00133487,55,53,2,0,2
S00133488,33,30,3,0,3
S00133489,39,39,0,0,0
S00133490,41,41,0,0,0
S00133491,58,57,1,0,1
S00133492,28,27,1,0,1
S00133493,23,23,0,0,0
S00133494,54,53,1,0,1
S00133495,47,47,0,0,0
S00133496,47,43,4,1,3
S00133497,33,32,1,0,1
S00133498,49,49,0,0,0
S00133499,36,35,1,1,0
S00133500,55,55,0,0,0
S00133501,47,47,0,0,0
S00133502,72,51,21,15,6
S00133503,49,46,3,3,0
S00133504,47,35,12,10,2
S00133505,57,46,11,5,6
S00133506,25,24,1,0,1
S00133507,42,41,1,1,0
S00133508,49,47,2,0,2
S00133509,50,49,1,0,1
S00133510,50,42,8,2,6
S00133511,48,46,2,1,1
S00133512,42,39,3,0,3
S00133513,74,74,0,0,0
S00133514,26,26,0,0,0
S00133515,56,54,2,0,2
S00133516,29,29,0,0,0
S00133517,66,65,1,0,1
S00133518,59,59,0,0,0
S00133519,52,51,1,0,1
S00133520,25,24,1,0,1
S00133521,42,42,0,0,0
S00133522,39,39,0,0,0
S00133523,59,58,1,0,1
S00133524,76,76,0,0,0
S00133525,26,26,0,0,0
S00133526,35,35,0,0,0
S00133527,34,31,3,0,3
S00133528,44,42,2,1,1
S00133529,25,24,1,1,0
S00133530,53,52,1,0,1
S00133531,32,32,0,0,0
S00133532,38,38,0,0,0
S00133533,56,54,2,0,2
S00133534,46,45,1,0,1
S00133535,56,56,0,0,0
S00133536,59,58,1,0,1
S00133537,38,38,0,0,0
S00133538,48,47,1,0,1
S00133539,48,48,0,0,0
S00133540,36,35,1,0,1
S00133541,53,52,1,0,1
S00133542,64,64,0,0,0
S00133543,56,55,1,0,1
S00133544,36,36,0,0,0
S00133545,35,34,1,0,1
S00133546,48,48,0,0,0
S00133547,57,57,0,0,0
S00133548,52,51,1,0,1
S00133549,37,36,1,1,0
S00133550,54,53,1,0,1
S00133551,55,54,1,1,0
S00133552,37,35,2,0,2
S00133553,75,70,5,0,5
S00133554,63,63,0,0,0
S00133555,28,28,0,0,0
S00133556,66,63,3,0,3
S00133557,74,72,2,0,2
S00133558,80,77,3,0,3
S00133559,32,30,2,0,2
S00133560,39,39,0,0,0
S00133561,43,41,2,0,2
S00133562,71,66,5,1,4
S00133563,48,44,4,0,4
S00133564,87,83,4,2,2
S00133565,36,36,0,0,0
S00133566,73,71,2,0,2
S00133567,36,36,0,0,0
S00133568,48,46,2,1,1
S00133569,78,75,3,1,2
S00133570,60,57,3,1,2
S00133571,51,49,2,0,2
S00133572,77,76,1,1,0
S00133573,63,59,4,0,4
S00133574,50,48,2,2,0
S00133575,76,74,2,0,2
S00133576,30,30,0,0,0
S00133577,58,58,0,0,0
S00133578,63,61,2,0,2
S00133579,52,50,2,0,2
S00133580,47,42,5,5,0
S00133581,72,71,1,0,1
S00133582,59,59,0,0,0
S00133583,40,40,0,0,0
S00133584,34,34,0,0,0
S00133585,66,65,1,1,0
S00133586,42,40,2,0,2
S00133587,49,47,2,0,2
S00133588,69,67,2,0,2
S00133589,47,45,2,0,2
S00133590,63,59,4,0,4
S00133591,62,60,2,0,2
S00133592,58,58,0,0,0
S00133593,26,26,0,0,0
S00133594,41,41,0,0,0
S00133595,46,46,0,0,0
S00133596,56,54,2,0,2
S00133597,51,51,0,0,0
S00133598,88,84,4,0,4
S00133599,46,46,0,0,0
S00133600,64,62,2,1,1
S00133601,56,53,3,0,3
S00133602,38,38,0,0,0
S00133603,69,66,3,0,3
S00133604,38,38,0,0,0
S00133605,62,60,2,1,1
S00133606,38,34,4,0,4
S00133607,63,61,2,0,2
S00133608,83,83,0,0,0
S00133609,30,30,0,0,0
S00133610,67,67,0,0,0
S00133611,65,63,2,0,2
S00133612,56,56,0,0,0
S00133613,36,35,1,0,1
S00133614,47,43,4,3,1
S00133615,44,42,2,1,1
S00133616,46,45,1,0,1
S00133617,69,64,5,1,4
S00133618,52,44,8,7,1
S00133619,53,45,8,1,7
S00133620,54,52,2,0,2
S00133621,61,60,1,0,1
S00133622,22,22,0,0,0
S00133623,70,68,2,0,2
S00133624,79,71,8,7,1
S00133625,53,50,3,3,0
S00133626,36,31,5,2,3
S00133627,60,52,8,1,7
S00133628,50,48,2,1,1
S00133629,33,31,2,0,2
S00133630,58,58,0,0,0
S00133631,66,64,2,0,2
S00133632,78,78,0,0,0
S00133633,35,34,1,1,0
S00133634,47,46,1,0,1
S00133635,25,24,1,0,1
S00133636,58,56,2,1,1
S00133637,40,38,2,2,0
S00133638,23,23,0,0,0
S00133639,22,22,0,0,0
S00133640,41,39,2,0,2
S00133641,57,53,4,2,2
S00133642,45,44,1,0,1
S00133643,26,26,0,0,0
S00133644,72,70,2,0,2
S00133645,59,55,4,0,4
S00133646,39,36,3,3,0
S00133647,27,26,1,1,0
S00133648,34,34,0,0,0
S00133649,40,33,7,0,7
S00133650,41,38,3,0,3
S00133651,31,30,1,0,1
S00133652,54,53,1,0,1
S00133653,69,69,0,0,0
S00133654,46,43,3,0,3
S00133655,38,36,2,0,2
S00133656,37,35,2,0,2
S00133657,27,25,2,0,2
S00133658,34,34,0,0,0
S00133659,28,28,0,0,0
S00133660,64,64,0,0,0
S00133661,31,28,3,0,3
S00133662,39,39,0,0,0
S00133663,65,65,0,0,0
S00133664,27,26,1,0,1
S00133665,31,30,1,0,1
S00133666,42,42,0,0,0
S00133667,60,55,5,3,2
S00133668,71,70,1,0,1
S00133669,78,77,1,0,1
S00133670,28,26,2,0,2
S00133671,29,29,0,0,0
S00133672,62,62,0,0,0
S00133673,38,38,0,0,0
S00133674,31,31,0,0,0
S00133675,29,29,0,0,0
S00133676,64,64,0,0,0
S00133677,69,68,1,0,1
S00133678,31,30,1,0,1
S00133679,34,33,1,0,1
S00133680,40,40,0,0,0
S00133681,48,47,1,1,0
S00133682,40,35,5,0,5
S00133683,24,24,0,0,0
S00133684,27,25,2,0,2
S00133685,41,39,2,2,0
S00133686,60,59,1,0,1
S00133687,49,47,2,0,2
S00133688,66,66,0,0,0
S00133689,53,52,1,0,1
S00133690,52,50,2,0,2
S00133691,46,44,2,0,2
S00133692,75,73,2,0,2
S00133693,48,46,2,0,2
S00133694,76,75,1,0,1
S00133695,54,52,2,0,2
S00133696,57,56,1,0,1
S00133697,62,58,4,0,4
S00133698,37,35,2,0,2
S00133699,56,56,0,0,0
S00133700,47,47,0,0,0
S00133701,47,47,0,0,0
S00133702,41,41,0,0,0
S00133703,45,44,1,0,1
S00133704,47,46,1,0,1
S00133705,74,73,1,0,1
S00133706,65,65,0,0,0
S00133707,57,57,0,0,0
S00133708,50,48,2,0,2
S00133709,53,45,8,0,8
S00133710,42,41,1,0,1
S00133711,65,64,1,0,1
S00133712,52,50,2,0,2
S00133713,74,71,3,0,3
S00133714,59,56,3,0,3
S00133715,52,52,0,0,0
S00133716,46,44,2,0,2
S00133717,57,56,1,0,1
S00133718,22,22,0,0,0
S00133719,26,26,0,0,0
S00133720,57,56,1,1,0
S00133721,71,67,4,1,3
S00133722,68,64,4,1,3
S00133723,60,59,1,0,1
S00133724,71,69,2,0,2
S00133725,64,64,0,0,0
S00133726,35,35,0,0,0
S00133727,65,63,2,0,2
S00133728,70,68,2,0,2
S00133729,67,66,1,0,1
S00133730,73,70,3,0,3
S00133731,40,40,0,0,0
S00133732,51,51,0,0,0
S00133733,50,50,0,0,0
S00133734,44,43,1,0,1
S00133735,64,63,1,0,1
S00133736,51,50,1,0,1
S00133737,33,33,0,0,0
S00133738,47,47,0,0,0
S00133739,70,68,2,0,2
S00133740,67,64,3,0,3
S00133741,60,57,3,1,2
S00133742,72,71,1,0,1
S00133743,67,62,5,0,5
S00133744,43,41,2,0,2
S00133745,46,45,1,0,1
S00133746,79,73,6,0,6
S00133747,40,39,1,0,1
S00133748,56,55,1,0,1
S00133749,69,69,0,0,0
S00133750,47,44,3,0,3
S00133751,57,57,0,0,0
S00133752,57,57,0,0,0
S00133753,52,52,0,0,0
S00133754,44,43,1,0,1
S00133755,45,43,2,0,2
S00133756,59,59,0,0,0
S00133757,56,56,0,0,0
S00133758,65,64,1,1,0
S00133759,52,52,0,0,0
S00133760,73,72,1,0,1
S00133761,45,44,1,0,1
S00133762,45,44,1,0,1
S00133763,53,52,1,0,1
S00133764,71,71,0,0,0
S00133765,65,65,0,0,0
S00133766,66,63,3,0,3
S00133767,69,69,0,0,0
S00133768,73,70,3,0,3
S00133769,56,53,3,0,3
S00133770,56,54,2,0,2
S00133771,48,48,0,0,0
S00133772,47,47,0,0,0
S00133773,53,51,2,0,2
S00133774,69,69,0,0,0
S00133775,66,62,4,0,4
S00133776,44,43,1,0,1
S00133777,61,58,3,0,3
S00133778,73,71,2,0,2
S00133779,40,37,3,0,3
S00133780,43,43,0,0,0
S00133781,68,61,7,0,7
S00133782,62,62,0,0,0
S00133783,49,49,0,0,0
S00133784,56,56,0,0,0
S00133785,36,36,0,0,0
S00133786,32,32,0,0,0
S00133787,51,50,1,0,1
S00133788,53,51,2,0,2
S00133789,40,39,1,0,1
S00133790,53,52,1,1,0
S00133791,45,43,2,2,0
S00133792,46,46,0,0,0
S00133793,54,54,0,0,0
S00133794,50,50,0,0,0
S00133795,42,36,6,1,5
S00133796,61,59,2,0,2
S00133797,59,58,1,0,1
S00133798,68,67,1,0,1
S00133799,68,68,0,0,0
S00133800,51,50,1,0,1
S00133801,42,36,6,0,6
S00133802,43,41,2,0,2
S00133803,44,44,0,0,0
S00133804,34,34,0,0,0
S00133805,45,45,0,0,0
S00133806,67,64,3,0,3
S00133807,52,51,1,0,1
S00133808,46,44,2,0,2
S00133809,44,44,0,0,0
S00133810,53,52,1,0,1
S00133811,44,44,0,0,0
S00133812,44,44,0,0,0
S00133813,40,39,1,0,1
S00133814,47,43,4,0,4
S00133815,65,64,1,0,1
S00133816,81,79,2,0,2
S00133817,74,73,1,0,1
S00133818,66,62,4,0,4
S00133819,74,73,1,0,1
S00133820,64,63,1,0,1
S00133821,30,30,0,0,0
S00133822,50,50,0,0,0
S00133823,44,40,4,0,4
S00133824,40,40,0,0,0
S00133825,79,75,4,0,4
S00133826,46,45,1,0,1
S00133827,46,46,0,0,0
S00133828,44,44,0,0,0
S00133829,48,46,2,0,2
S00133830,66,65,1,0,1
S00133831,62,61,1,0,1
S00133832,54,53,1,0,1
S00133833,60,58,2,0,2
S00133834,54,52,2,0,2
S00133835,46,43,3,0,3
S00133836,70,67,3,0,3
S00133837,48,48,0,0,0
S00133838,51,48,3,0,3
S00133839,46,46,0,0,0
S00133840,77,74,3,0,3
S00133841,64,59,5,0,5
S00133842,66,65,1,0,1
S00133843,72,70,2,0,2
S00133844,41,41,0,0,0
S00133845,40,39,1,0,1
S00133846,64,64,0,0,0
S00133847,68,67,1,0,1
S00133848,51,51,0,0,0
S00133849,57,57,0,0,0
S00133850,47,46,1,0,1
S00133851,64,64,0,0,0
S00133852,40,40,0,0,0
S00133853,38,38,0,0,0
S00133854,67,67,0,0,0
S00133855,45,45,0,0,0
S00133856,44,44,0,0,0
S00133857,48,47,1,0,1
S00133858,48,48,0,0,0
S00133859,67,66,1,0,1
S00133860,54,53,1,0,1
S00133861,25,25,0,0,0
S00133862,48,47,1,0,1
S00133863,50,50,0,0,0
S00133864,60,59,1,0,1
S00133865,58,58,0,0,0
S00133866,57,56,1,0,1
S00133867,56,56,0,0,0
S00133868,35,35,0,0,0
S00133869,53,52,1,0,1
S00133870,53,52,1,0,1
S00133871,41,39,2,0,2
S00133872,41,41,0,0,0
S00133873,66,65,1,0,1
S00133874,43,43,0,0,0
S00133875,53,53,0,0,0
S00133876,39,39,0,0,0
S00133877,68,67,1,0,1
S00133878,53,53,0,0,0
S00133879,26,26,0,0,0
S00133880,77,77,0,0,0
S00133881,61,61,0,0,0
S00133882,50,49,1,0,1
S00133883,50,49,1,0,1
S00133884,45,44,1,0,1
S00133885,69,69,0,0,0
S00133886,41,41,0,0,0
S00133887,43,42,1,0,1
S00133888,68,68,0,0,0
S00133889,33,32,1,0,1
S00133890,38,37,1,0,1
S00133891,48,47,1,0,1
S00133892,71,70,1,0,1
S00133893,48,47,1,0,1
S00133894,43,43,0,0,0
S00133895,53,53,0,0,0
S00133896,71,71,0,0,0
S00133897,47,46,1,0,1
S00133898,59,57,2,0,2
S00133899,48,48,0,0,0
S00133900,34,34,0,0,0
S00133901,44,44,0,0,0
S00133902,69,68,1,0,1
S00133903,70,70,0,0,0
S00133904,50,50,0,0,0
S00133905,74,72,2,0,2
S00133906,61,58,3,0,3
S00133907,76,75,1,0,1
S00133908,44,43,1,0,1
S00133909,42,42,0,0,0
S00133910,68,68,0,0,0
S00133911,58,58,0,0,0
S00133912,44,44,0,0,0
S00133913,56,56,0,0,0
S00133914,75,75,0,0,0
S00133915,60,60,0,0,0
S00133916,53,52,1,0,1
S00133917,59,59,0,0,0
S00133918,21,21,0,0,0
S00133919,61,61,0,0,0
S00133920,81,81,0,0,0
S00133921,48,48,0,0,0
S00133922,76,75,1,0,1
S00133923,30,30,0,0,0
S00133924,47,46,1,0,1
S00133925,56,56,0,0,0
S00133926,76,76,0,0,0
S00133927,46,45,1,0,1
S00133928,44,43,1,0,1
S00133929,55,54,1,0,1
S00133930,24,24,0,0,0
S00133931,44,44,0,0,0
S00133932,77,77,0,0,0
S00133933,64,64,0,0,0
S00133934,55,52,3,0,3
S00133935,54,53,1,0,1
S00133936,29,29,0,0,0
S00133937,51,48,3,0,3
S00133938,57,57,0,0,0
S00133939,43,43,0,0,0
S00133940,78,74,4,0,4
S00133941,39,39,0,0,0
S00133942,41,41,0,0,0
S00133943,41,41,0,0,0
S00133944,61,61,0,0,0
S00133945,41,39,2,0,2
S00133946,42,42,0,0,0
S00133947,53,51,2,0,2
S00133948,43,43,0,0,0
S00133949,67,67,0,0,0
S00133950,65,63,2,0,2
S00133951,68,68,0,0,0
S00133952,72,72,0,0,0
S00133953,66,63,3,0,3
S00133954,46,46,0,0,0
S00133955,76,73,3,0,3
S00133956,65,65,0,0,0
S00133957,74,74,0,0,0
S00133958,64,63,1,0,1
S00133959,76,75,1,0,1
S00133960,51,50,1,0,1
S00133961,69,69,0,0,0
S00133962,69,66,3,0,3
S00133963,77,77,0,0,0
S00133964,58,57,1,0,1
S00133965,80,77,3,0,3
S00133966,53,51,2,0,2
S00133967,54,52,2,0,2
S00133968,60,59,1,0,1
S00133969,42,41,1,0,1
S00133970,53,52,1,0,1
S00133971,48,47,1,0,1
S00133972,44,43,1,0,1
S00133973,55,55,0,0,0
S00133974,53,52,1,0,1
S00133975,50,50,0,0,0
S00133976,57,55,2,0,2
S00133977,45,45,0,0,0
S00133978,71,71,0,0,0
S00133979,61,60,1,0,1
S00133980,64,63,1,0,1
S00133981,36,35,1,0,1
S00133982,50,50,0,0,0
S00133983,39,39,0,0,0
S00133984,66,64,2,0,2
S00133985,52,52,0,0,0
S00133986,48,48,0,0,0
S00133987,68,64,4,1,3
S00133988,65,64,1,0,1
S00133989,59,59,0,0,0
S00133990,57,57,0,0,0
S00133991,39,39,0,0,0
S00133992,57,55,2,0,2
S00133993,67,67,0,0,0
S00133994,52,52,0,0,0
S00133995,47,47,0,0,0
S00133996,68,68,0,0,0
S00133997,69,67,2,0,2
S00133998,67,67,0,0,0
S00133999,64,59,5,0,5
S00134000,62,60,2,0,2
S00134001,43,41,2,0,2
S00134002,57,56,1,0,1
S00134003,70,70,0,0,0
S00134004,38,38,0,0,0
S00134005,63,63,0,0,0
S00134006,52,52,0,0,0
S00134007,47,47,0,0,0
S00134008,43,43,0,0,0
S00134009,63,61,2,0,2
S00134010,50,50,0,0,0
S00134011,50,50,0,0,0
S00134012,35,33,2,0,2
S00134013,56,54,2,0,2
S00134014,60,59,1,0,1
S00134015,95,65,30,1,29
S00134016,58,58,0,0,0
S00134017,51,51,0,0,0
S00134018,44,44,0,0,0
S00134019,50,50,0,0,0
S00134020,51,51,0,0,0
S00134021,62,61,1,0,1
S00134022,43,42,1,0,1
S00134023,51,51,0,0,0
S00134024,67,66,1,0,1
S00134025,73,73,0,0,0
S00134026,63,63,0,0,0
S00134027,78,75,3,0,3
S00134028,59,58,1,0,1
S00134029,58,57,1,0,1
S00134030,51,51,0,0,0
S00134031,49,49,0,0,0
S00134032,40,40,0,0,0
S00134033,53,53,0,0,0
S00134034,77,76,1,0,1
S00134035,71,71,0,0,0
S00134036,67,64,3,0,3
S00134037,44,44,0,0,0
S00134038,63,63,0,0,0
S00134039,42,42,0,0,0
S00134040,58,58,0,0,0
S00134041,56,56,0,0,0
S00134042,54,52,2,0,2
S00134043,79,79,0,0,0
S00134044,40,40,0,0,0
S00134045,47,46,1,0,1
S00134046,77,77,0,0,0
S00134047,64,63,1,0,1
S00134048,57,56,1,0,1
S00134049,60,57,3,0,3
S00134050,70,68,2,0,2
S00134051,72,70,2,0,2
S00134052,50,50,0,0,0
S00134053,46,44,2,0,2
S00134054,49,49,0,0,0
S00134055,37,36,1,0,1
S00134056,61,61,0,0,0
S00134057,50,50,0,0,0
S00134058,40,40,0,0,0
S00134059,38,38,0,0,0
S00134060,70,69,1,0,1
S00134061,59,58,1,0,1
S00134062,44,42,2,0,2
S00134063,62,61,1,0,1
S00134064,43,43,0,0,0
S00134065,46,46,0,0,0
S00134066,34,33,1,0,1
S00134067,67,67,0,0,0
S00134068,45,45,0,0,0
S00134069,51,51,0,0,0
S00134070,66,65,1,0,1
S00134071,58,57,1,0,1
S00134072,51,51,0,0,0
S00134073,46,45,1,0,1
S00134074,76,73,3,0,3
S00134075,77,77,0,0,0
S00134076,71,71,0,0,0
S00134077,68,67,1,0,1
S00134078,67,66,1,0,1
S00134079,90,87,3,0,3
S00134080,64,63,1,0,1
S00134081,70,70,0,0,0
S00134082,66,66,0,0,0
S00134083,73,72,1,0,1
S00134084,69,68,1,0,1
S00134085,24,24,0,0,0
S00134086,55,55,0,0,0
S00134087,68,66,2,0,2
S00134088,44,43,1,0,1
S00134089,56,56,0,0,0
S00134090,52,51,1,0,1
S00134091,74,74,0,0,0
S00134092,38,38,0,0,0
S00134093,49,47,2,0,2
S00134094,59,57,2,0,2
S00134095,54,52,2,0,2
S00134096,80,77,3,0,3
S00134097,62,61,1,0,1
S00134098,65,65,0,0,0
S00134099,38,37,1,0,1
S00134100,32,32,0,0,0
S00134101,48,47,1,0,1
S00134102,77,74,3,0,3
S00134103,68,65,3,0,3
S00134104,51,50,1,0,1
S00134105,46,45,1,0,1
S00134106,67,66,1,0,1
S00134107,42,42,0,0,0
S00134108,70,69,1,0,1
S00134109,65,63,2,0,2
S00134110,61,61,0,0,0
S00134111,58,58,0,0,0
S00134112,57,57,0,0,0
S00134113,44,44,0,0,0
S00134114,59,58,1,0,1
S00134115,56,55,1,0,1
S00134116,55,54,1,0,1
S00134117,62,62,0,0,0
S00134118,50,47,3,0,3
S00134119,46,44,2,1,1
S00134120,56,56,0,0,0
S00134121,51,50,1,0,1
S00134122,69,66,3,0,3
S00134123,62,62,0,0,0
S00134124,45,45,0,0,0
S00134125,66,66,0,0,0
S00134126,69,68,1,0,1
S00134127,26,26,0,0,0
S00134128,29,28,1,0,1
S00134129,80,76,4,0,4
S00134130,48,48,0,0,0
S00134131,60,60,0,0,0
S00134132,39,39,0,0,0
S00134133,73,73,0,0,0
S00134134,64,63,1,0,1
S00134135,43,42,1,0,1
S00134136,58,56,2,0,2
S00134137,56,56,0,0,0
S00134138,51,50,1,0,1
S00134139,59,59,0,0,0
S00134140,57,57,0,0,0
S00134141,41,41,0,0,0
S00134142,71,71,0,0,0
S00134143,60,60,0,0,0
S00134144,73,73,0,0,0
S00134145,38,36,2,0,2
S00134146,75,72,3,0,3
S00134147,58,58,0,0,0
S00134148,46,44,2,0,2
S00134149,41,40,1,0,1
S00134150,63,63,0,0,0
S00134151,48,47,1,0,1
S00134152,69,68,1,0,1
S00134153,68,67,1,0,1
S00134154,44,43,1,1,0
S00134155,70,69,1,0,1
S00134156,39,39,0,0,0
S00134157,48,48,0,0,0
S00134158,49,48,1,0,1
S00134159,67,67,0,0,0
S00134160,41,41,0,0,0
S00134161,68,68,0,0,0
S00134162,62,62,0,0,0
S00134163,41,40,1,1,0
S00134164,59,55,4,1,3
S00134165,61,61,0,0,0
S00134166,45,43,2,2,0
S00134167,24,24,0,0,0
S00134168,48,45,3,3,0
S00134169,41,39,2,2,0
S00134170,65,64,1,1,0
S00134171,70,70,0,0,0
S00134172,60,60,0,0,0
S00134173,47,46,1,1,0
S00134174,44,42,2,2,0
S00134175,58,56,2,0,2
S00134176,40,39,1,0,1
S00134177,52,47,5,0,5
S00134178,75,73,2,0,2
S00134179,52,51,1,0,1
S00134180,38,38,0,0,0
S00134181,46,43,3,0,3
S00134182,43,43,0,0,0
S00134183,58,58,0,0,0
S00134184,56,55,1,0,1
S00134185,44,41,3,0,3
S00134186,64,64,0,0,0
S00134187,49,48,1,0,1
S00134188,45,44,1,0,1
S00134189,48,45,3,0,3
S00134190,40,38,2,0,2
S00134191,56,56,0,0,0
S00134192,24,22,2,1,1
S00134193,40,40,0,0,0
S00134194,48,48,0,0,0
S00134195,24,23,1,0,1
S00134196,48,48,0,0,0
S00134197,71,71,0,0,0
S00134198,42,42,0,0,0
S00134199,76,75,1,1,0
S00134200,58,58,0,0,0
S00134201,58,57,1,0,1
S00134202,46,45,1,0,1
S00134203,40,40,0,0,0
S00134204,36,36,0,0,0
S00134205,60,60,0,0,0
S00134206,31,31,0,0,0
S00134207,59,57,2,0,2
S00134208,32,30,2,0,2
S00134209,48,48,0,0,0
S00134210,42,42,0,0,0
S00134211,53,52,1,0,1
S00134212,66,65,1,0,1
S00134213,65,63,2,0,2
S00134214,55,55,0,0,0
S00134215,30,30,0,0,0
S00134216,58,54,4,0,4
S00134217,63,63,0,0,0
S00134218,39,39,0,0,0
S00134219,64,62,2,0,2
S00134220,43,42,1,0,1
S00134221,56,53,3,0,3
S00134222,66,59,7,0,7
S00134223,53,51,2,0,2
S00134224,79,79,0,0,0
S00134225,66,66,0,0,0
S00134226,63,58,5,0,5
S00134227,67,63,4,0,4
S00134228,56,54,2,0,2
S00134229,45,45,0,0,0
S00134230,45,42,3,0,3
S00134231,63,63,0,0,0
S00134232,85,85,0,0,0
S00134233,43,43,0,0,0
S00134234,38,38,0,0,0
S00134235,58,57,1,0,1
S00134236,57,57,0,0,0
S00134237,52,52,0,0,0
S00134238,48,48,0,0,0
S00134239,68,67,1,0,1
S00134240,67,66,1,0,1
S00134241,90,90,0,0,0
S00134242,51,51,0,0,0
S00134243,42,40,2,0,2
S00134244,72,71,1,0,1
S00134245,69,68,1,0,1
S00134246,43,43,0,0,0
S00134247,66,66,0,0,0
S00134248,55,53,2,0,2
S00134249,64,61,3,0,3
S00134250,35,34,1,0,1
S00134251,32,32,0,0,0
S00134252,51,50,1,0,1
S00134253,59,59,0,0,0
S00134254,26,25,1,0,1
S00134255,69,66,3,0,3
S00134256,44,43,1,0,1
S00134257,54,54,0,0,0
S00134258,48,47,1,0,1
S00134259,53,52,1,0,1
S00134260,69,69,0,0,0
S00134261,50,50,0,0,0
S00134262,67,66,1,0,1
S00134263,52,52,0,0,0
S00134264,46,46,0,0,0
S00134265,41,41,0,0,0
S00134266,48,48,0,0,0
S00134267,55,55,0,0,0
S00134268,42,41,1,0,1
S00134269,44,43,1,1,0
S00134270,43,42,1,1,0
S00134271,64,64,0,0,0
S00134272,28,27,1,1,0
S00134273,55,55,0,0,0
S00134274,54,54,0,0,0
S00134275,42,42,0,0,0
S00134276,44,42,2,0,2
S00134277,58,58,0,0,0
S00134278,45,45,0,0,0
S00134279,44,43,1,0,1
S00134280,50,49,1,0,1
S00134281,42,41,1,0,1
S00134282,26,26,0,0,0
S00134283,28,28,0,0,0
S00134284,36,35,1,0,1
S00134285,42,42,0,0,0
S00134286,48,47,1,0,1
S00134287,49,49,0,0,0
S00134288,79,77,2,1,1
S00134289,77,72,5,0,5
S00134290,43,43,0,0,0
S00134291,55,50,5,0,5
S00134292,42,40,2,0,2
S00134293,61,59,2,0,2
S00134294,74,71,3,0,3
S00134295,38,37,1,0,1
S00134296,39,36,3,1,2
S00134297,30,29,1,0,1
S00134298,64,62,2,0,2
S00134299,39,39,0,0,0
S00134300,45,44,1,0,1
S00134301,47,47,0,0,0
S00134302,66,61,5,0,5
S00134303,52,47,5,0,5
S00134304,40,38,2,0,2
S00134305,51,49,2,1,1
S00134306,41,41,0,0,0
S00134307,50,48,2,0,2
S00134308,68,68,0,0,0
S00134309,30,30,0,0,0
S00134310,66,66,0,0,0
S00134311,47,46,1,1,0
S00134312,70,68,2,0,2
S00134313,61,60,1,0,1
S00134314,47,47,0,0,0
S00134315,61,61,0,0,0
S00134316,46,46,0,0,0
S00134317,66,64,2,0,2
S00134318,43,40,3,0,3
S00134319,71,70,1,0,1
S00134320,62,62,0,0,0
S00134321,43,43,0,0,0
S00134322,56,55,1,0,1
S00134323,54,52,2,0,2
S00134324,34,34,0,0,0
S00134325,55,55,0,0,0
S00134326,44,42,2,0,2
S00134327,53,49,4,0,4
S00134328,70,70,0,0,0
S00134329,69,69,0,0,0
S00134330,53,52,1,0,1
S00134331,71,69,2,0,2
S00134332,48,48,0,0,0
S00134333,61,59,2,1,1
S00134334,49,48,1,0,1
S00134335,37,37,0,0,0
S00134336,66,62,4,0,4
S00134337,67,66,1,0,1
S00134338,89,67,22,1,21
S00134339,57,53,4,0,4
S00134340,69,66,3,0,3
S00134341,78,77,1,0,1
S00134342,25,25,0,0,0
S00134343,68,68,0,0,0
S00134344,67,67,0,0,0
S00134345,77,75,2,1,1
S00134346,70,70,0,0,0
S00134347,49,49,0,0,0
S00134348,40,39,1,0,1
S00134349,44,44,0,0,0
S00134350,41,41,0,0,0
S00134351,51,51,0,0,0
S00134352,68,65,3,0,3
S00134353,41,41,0,0,0
S00134354,55,54,1,0,1
S00134355,55,54,1,0,1
S00134356,45,45,0,0,0
S00134357,58,55,3,0,3
S00134358,46,46,0,0,0
S00134359,42,42,0,0,0
S00134360,66,66,0,0,0
S00134361,55,55,0,0,0
S00134362,25,25,0,0,0
S00134363,34,34,0,0,0
S00134364,20,20,0,0,0
S00134365,76,76,0,0,0
S00134366,70,70,0,0,0
S00134367,64,64,0,0,0
S00134368,75,75,0,0,0
S00134369,67,67,0,0,0
S00134370,44,41,3,1,2
S00134371,59,58,1,0,1
S00134372,78,75,3,0,3
S00134373,63,63,0,0,0
S00134374,41,41,0,0,0
S00134375,48,45,3,0,3
S00134376,72,71,1,0,1
S00134377,82,77,5,0,5
S00134378,64,63,1,0,1
S00134379,72,69,3,1,2
S00134380,52,49,3,0,3
S00134381,53,52,1,0,1
S00134382,46,46,0,0,0
S00134383,73,71,2,0,2
S00134384,60,60,0,0,0
S00134385,56,56,0,0,0
S00134386,32,32,0,0,0
S00134387,56,54,2,0,2
S00134388,80,76,4,0,4
S00134389,41,41,0,0,0
S00134390,56,56,0,0,0
S00134391,63,63,0,0,0
S00134392,52,52,0,0,0
S00134393,38,38,0,0,0
S00134394,35,35,0,0,0
S00134395,35,35,0,0,0
S00134396,49,49,0,0,0
S00134397,83,82,1,0,1
S00134398,70,67,3,0,3
S00134399,40,40,0,0,0
S00134400,45,44,1,0,1
S00134401,65,65,0,0,0
S00134402,54,52,2,1,1
S00134403,59,59,0,0,0
S00134404,79,79,0,0,0
S00134405,58,57,1,0,1
S00134406,25,25,0,0,0
S00134407,58,58,0,0,0
S00134408,59,59,0,0,0
S00134409,55,55,0,0,0
S00134410,54,54,0,0,0
S00134411,46,45,1,0,1
S00134412,52,51,1,0,1
S00134413,32,32,0,0,0
S00134414,57,49,8,0,8
S00134415,48,47,1,0,1
S00134416,43,43,0,0,0
S00134417,76,74,2,0,2
S00134418,32,31,1,0,1
S00134419,61,59,2,0,2
S00134420,32,32,0,0,0
S00134421,48,48,0,0,0
S00134422,31,31,0,0,0
S00134423,45,45,0,0,0
S00134424,25,25,0,0,0
S00134425,55,52,3,0,3
S00134426,69,65,4,0,4
S00134427,65,62,3,0,3
S00134428,45,45,0,0,0
S00134429,41,41,0,0,0
S00134430,69,69,0,0,0
S00134431,51,48,3,0,3
S00134432,27,27,0,0,0
S00134433,54,53,1,0,1
S00134434,64,64,0,0,0
S00134435,49,49,0,0,0
S00134436,40,39,1,0,1
S00134437,47,47,0,0,0
S00134438,31,31,0,0,0
S00134439,30,28,2,0,2
S00134440,22,22,0,0,0
S00134441,59,58,1,0,1
S00134442,70,69,1,0,1
S00134443,68,63,5,0,5
S00134444,39,37,2,0,2
S00134445,39,38,1,0,1
S00134446,60,58,2,0,2
S00134447,69,65,4,0,4
S00134448,75,73,2,0,2
S00134449,66,63,3,1,2
S00134450,46,44,2,0,2
S00134451,57,57,0,0,0
S00134452,42,42,0,0,0
S00134453,52,52,0,0,0
S00134454,52,52,0,0,0
S00134455,32,32,0,0,0
S00134456,46,46,0,0,0
S00134457,56,52,4,0,4
S00134458,83,82,1,0,1
S00134459,74,74,0,0,0
S00134460,74,74,0,0,0
S00134461,64,64,0,0,0
S00134462,45,44,1,0,1
S00134463,47,47,0,0,0
S00134464,46,46,0,0,0
S00134465,32,32,0,0,0
S00134466,65,63,2,0,2
S00134467,44,44,0,0,0
S00134468,39,39,0,0,0
S00134469,40,40,0,0,0
S00134470,54,54,0,0,0
S00134471,65,64,1,0,1
S00134472,66,66,0,0,0
S00134473,52,52,0,0,0
S00134474,38,38,0,0,0
S00134475,46,44,2,0,2
S00134476,29,28,1,0,1
S00134477,45,43,2,0,2
S00134478,43,43,0,0,0
S00134479,61,61,0,0,0
S00134480,35,35,0,0,0
S00134481,45,44,1,1,0
S00134482,47,45,2,0,2
S00134483,41,41,0,0,0
S00134484,57,56,1,0,1
S00134485,63,62,1,0,1
S00134486,72,67,5,1,4
S00134487,67,67,0,0,0
S00134488,62,60,2,0,2
S00134489,56,56,0,0,0
S00134490,40,39,1,0,1
S00134491,42,42,0,0,0
S00134492,60,60,0,0,0
S00134493,46,46,0,0,0
S00134494,57,55,2,1,1
S00134495,64,58,6,0,6
S00134496,56,53,3,0,3
S00134497,52,50,2,0,2
S00134498,61,60,1,0,1
S00134499,69,68,1,0,1
S00134500,67,62,5,4,1
S00134501,51,51,0,0,0
S00134502,62,62,0,0,0
S00134503,52,50,2,1,1
S00134504,43,43,0,0,0
S00134505,52,51,1,1,0
S00134506,52,52,0,0,0
S00134507,42,42,0,0,0
S00134508,41,41,0,0,0
S00134509,62,61,1,1,0
S00134510,46,44,2,0,2
S00134511,48,48,0,0,0
S00134512,46,46,0,0,0
S00134513,47,47,0,0,0
S00134514,44,43,1,0,1
S00134515,54,52,2,1,1
S00134516,66,64,2,1,1
S00134517,49,46,3,0,3
S00134518,69,67,2,0,2
S00134519,66,66,0,0,0
S00134520,38,37,1,1,0
S00134521,55,55,0,0,0
S00134522,66,65,1,0,1
S00134523,64,63,1,0,1
S00134524,53,52,1,1,0
S00134525,54,54,0,0,0
S00134526,26,26,0,0,0
S00134527,22,22,0,0,0
S00134528,46,45,1,0,1
S00134529,43,43,0,0,0
S00134530,29,27,2,1,1
S00134531,69,69,0,0,0
S00134532,72,72,0,0,0
S00134533,45,45,0,0,0
S00134534,66,65,1,0,1
S00134535,59,59,0,0,0
S00134536,40,40,0,0,0
S00134537,77,77,0,0,0
S00134538,50,49,1,0,1
S00134539,56,56,0,0,0
S00134540,47,47,0,0,0
S00134541,70,70,0,0,0
S00134542,59,59,0,0,0
S00134543,47,46,1,0,1
S00134544,66,66,0,0,0
S00134545,65,65,0,0,0
S00134546,50,48,2,1,1
S00134547,49,49,0,0,0
S00134548,50,49,1,0,1
S00134549,57,55,2,1,1
S00134550,76,73,3,0,3
S00134551,74,69,5,1,4
S00134552,66,62,4,4,0
S00134553,42,42,0,0,0
S00134554,36,36,0,0,0
S00134555,59,57,2,1,1
S00134556,63,58,5,2,3
S00134557,43,42,1,0,1
S00134558,67,64,3,0,3
S00134559,62,61,1,0,1
S00134560,44,40,4,0,4
S00134561,44,44,0,0,0
S00134562,43,43,0,0,0
S00134563,66,64,2,0,2
S00134564,57,57,0,0,0
S00134565,49,49,0,0,0
S00134566,56,55,1,0,1
S00134567,50,50,0,0,0
S00134568,72,72,0,0,0
S00134569,45,44,1,0,1
S00134570,58,58,0,0,0
S00134571,74,74,0,0,0
S00134572,63,63,0,0,0
S00134573,65,65,0,0,0
S00134574,64,63,1,0,1
S00134575,56,55,1,0,1
S00134576,44,44,0,0,0
S00134577,76,75,1,1,0
S00134578,63,63,0,0,0
S00134579,73,73,0,0,0
S00134580,48,45,3,0,3
S00134581,67,67,0,0,0
S00134582,38,36,2,0,2
S00134583,30,30,0,0,0
S00134584,47,47,0,0,0
S00134585,42,41,1,0,1
S00134586,30,30,0,0,0
S00134587,50,48,2,0,2
S00134588,48,47,1,0,1
S00134589,42,41,1,0,1
S00134590,71,70,1,0,1
S00134591,51,50,1,1,0
S00134592,43,42,1,0,1
S00134593,50,49,1,0,1
S00134594,30,30,0,0,0
S00134595,28,28,0,0,0
S00134596,31,31,0,0,0
S00134597,41,39,2,1,1
S00134598,40,39,1,0,1
S00134599,40,40,0,0,0
S00134600,37,37,0,0,0
S00134601,68,66,2,0,2
S00134602,29,29,0,0,0
S00134603,66,66,0,0,0
S00134604,59,59,0,0,0
S00134605,54,54,0,0,0
S00134606,34,34,0,0,0
S00134607,37,37,0,0,0
S00134608,42,39,3,1,2
S00134609,34,31,3,0,3
S00134610,43,42,1,0,1
S00134611,68,68,0,0,0
S00134612,49,48,1,0,1
S00134613,35,35,0,0,0
S00134614,24,24,0,0,0
S00134615,37,36,1,0,1
S00134616,35,35,0,0,0
S00134617,66,64,2,1,1
S00134618,77,77,0,0,0
S00134619,50,50,0,0,0
S00134620,26,24,2,1,1
S00134621,21,21,0,0,0
S00134622,35,34,1,0,1
S00134623,53,52,1,0,1
S00134624,26,26,0,0,0
S00134625,48,48,0,0,0
S00134626,34,34,0,0,0
S00134627,35,35,0,0,0
S00134628,46,46,0,0,0
S00134629,36,35,1,0,1
S00134630,44,38,6,0,6
S00134631,62,60,2,0,2
S00134632,56,55,1,0,1
S00134633,38,38,0,0,0
S00134634,57,56,1,0,1
S00134635,50,50,0,0,0
S00134636,47,47,0,0,0
S00134637,69,64,5,0,5
S00134638,53,50,3,0,3
S00134639,40,38,2,0,2
S00134640,47,47,0,0,0
S00134641,48,47,1,1,0
S00134642,75,73,2,0,2
S00134643,48,48,0,0,0
S00134644,45,44,1,0,1
S00134645,67,65,2,0,2
S00134646,38,36,2,0,2
S00134647,60,58,2,0,2
S00134648,40,40,0,0,0
S00134649,32,31,1,0,1
S00134650,65,64,1,0,1
S00134651,30,30,0,0,0
S00134652,32,30,2,0,2
S00134653,36,36,0,0,0
S00134654,27,25,2,1,1
S00134655,32,31,1,0,1
S00134656,41,40,1,0,1
S00134657,43,41,2,0,2
S00134658,29,29,0,0,0
S00134659,56,56,0,0,0
S00134660,58,58,0,0,0
S00134661,81,75,6,0,6
S00134662,58,58,0,0,0
S00134663,58,57,1,1,0
S00134664,62,61,1,0,1
S00134665,38,38,0,0,0
S00134666,43,43,0,0,0
S00134667,51,51,0,0,0
S00134668,53,52,1,0,1
S00134669,43,41,2,0,2
S00134670,39,39,0,0,0
S00134671,30,30,0,0,0
S00134672,88,63,25,0,25
S00134673,50,50,0,0,0
S00134674,71,68,3,0,3
S00134675,70,68,2,0,2
S00134676,52,50,2,2,0
S00134677,39,38,1,0,1
S00134678,73,72,1,0,1
S00134679,45,45,0,0,0
S00134680,87,86,1,0,1
S00134681,36,34,2,0,2
S00134682,56,56,0,0,0
S00134683,53,52,1,0,1
S00134684,56,54,2,0,2
S00134685,31,31,0,0,0
S00134686,52,51,1,1,0
S00134687,40,39,1,0,1
S00134688,35,33,2,0,2
S00134689,48,47,1,1,0
S00134690,55,53,2,0,2
S00134691,47,47,0,0,0
S00134692,39,39,0,0,0
S00134693,31,30,1,0,1
S00134694,52,52,0,0,0
S00134695,44,44,0,0,0
S00134696,38,37,1,1,0
S00134697,65,64,1,0,1
S00134698,68,67,1,0,1
S00134699,20,20,0,0,0
S00134700,52,51,1,1,0
S00134701,74,71,3,0,3
S00134702,42,42,0,0,0
S00134703,56,54,2,2,0
S00134704,43,43,0,0,0
S00134705,59,59,0,0,0
S00134706,43,40,3,0,3
S00134707,25,25,0,0,0
S00134708,40,40,0,0,0
S00134709,27,25,2,0,2
S00134710,30,27,3,0,3
S00134711,49,49,0,0,0
S00134712,46,46,0,0,0
S00134713,67,65,2,0,2
S00134714,48,48,0,0,0
S00134715,50,49,1,0,1
S00134716,33,33,0,0,0
S00134717,51,50,1,0,1
S00134718,32,31,1,0,1
S00134719,63,61,2,0,2
S00134720,44,44,0,0,0
S00134721,56,56,0,0,0
S00134722,41,41,0,0,0
S00134723,33,32,1,0,1
S00134724,65,63,2,0,2
S00134725,39,38,1,0,1
S00134726,42,42,0,0,0
S00134727,57,57,0,0,0
S00134728,77,77,0,0,0
S00134729,63,62,1,0,1
S00134730,29,29,0,0,0
S00134731,27,27,0,0,0
S00134732,58,58,0,0,0
S00134733,31,31,0,0,0
S00134734,62,60,2,0,2
S00134735,32,30,2,0,2
S00134736,58,57,1,0,1
S00134737,79,79,0,0,0
S00134738,36,36,0,0,0
S00134739,58,58,0,0,0
S00134740,49,47,2,0,2
S00134741,35,35,0,0,0
S00134742,47,46,1,0,1
S00134743,31,31,0,0,0
S00134744,54,54,0,0,0
S00134745,26,25,1,0,1
S00134746,54,54,0,0,0
S00134747,28,27,1,0,1
S00134748,59,59,0,0,0
S00134749,34,34,0,0,0
S00134750,24,24,0,0,0
S00134751,68,67,1,0,1
S00134752,50,47,3,0,3
S00134753,46,43,3,0,3
S00134754,34,33,1,0,1
S00134755,52,49,3,0,3
S00134756,50,49,1,0,1
S00134757,37,37,0,0,0
S00134758,39,38,1,0,1
S00134759,56,56,0,0,0
S00134760,51,51,0,0,0
S00134761,36,36,0,0,0
S00134762,57,57,0,0,0
S00134763,26,26,0,0,0
S00134764,43,42,1,0,1
S00134765,58,57,1,0,1
S00134766,60,60,0,0,0
S00134767,81,80,1,0,1
S00134768,75,74,1,0,1
S00134769,55,54,1,0,1
S00134770,52,52,0,0,0
S00134771,77,74,3,2,1
S00134772,63,63,0,0,0
S00134773,84,83,1,0,1
S00134774,75,73,2,0,2
S00134775,38,37,1,1,0
S00134776,79,77,2,0,2
S00134777,22,22,0,0,0
S00134778,59,58,1,0,1
S00134779,33,33,0,0,0
S00134780,53,53,0,0,0
S00134781,31,30,1,0,1
S00134782,39,39,0,0,0
S00134783,61,60,1,0,1
S00134784,48,48,0,0,0
S00134785,35,34,1,1,0
S00134786,68,66,2,0,2
S00134787,27,26,1,0,1
S00134788,45,44,1,0,1
S00134789,38,38,0,0,0
S00134790,55,54,1,1,0
S00134791,56,56,0,0,0
S00134792,63,57,6,1,5
S00134793,37,36,1,0,1
S00134794,48,48,0,0,0
S00134795,51,46,5,1,4
S00134796,44,41,3,2,1
S00134797,71,71,0,0,0
S00134798,41,41,0,0,0
S00134799,67,66,1,0,1
S00134800,57,57,0,0,0
S00134801,35,35,0,0,0
S00134802,62,61,1,0,1
S00134803,47,47,0,0,0
S00134804,38,37,1,0,1
S00134805,36,35,1,0,1
S00134806,56,56,0,0,0
S00134807,67,67,0,0,0
S00134808,44,44,0,0,0
S00134809,61,61,0,0,0
S00134810,36,33,3,2,1
S00134811,72,72,0,0,0
S00134812,67,67,0,0,0
S00134813,28,26,2,1,1
S00134814,70,68,2,1,1
S00134815,35,35,0,0,0
S00134816,24,24,0,0,0
S00134817,35,35,0,0,0
S00134818,50,48,2,0,2
S00134819,35,35,0,0,0
S00134820,80,79,1,0,1
S00134821,71,70,1,0,1
S00134822,40,40,0,0,0
S00134823,80,80,0,0,0
S00134824,64,64,0,0,0
S00134825,41,41,0,0,0
S00134826,57,55,2,1,1
S00134827,68,67,1,0,1
S00134828,65,65,0,0,0
S00134829,32,32,0,0,0
S00134830,50,49,1,0,1
S00134831,42,42,0,0,0
S00134832,66,66,0,0,0
S00134833,39,38,1,0,1
S00134834,72,71,1,0,1
S00134835,50,50,0,0,0
S00134836,42,41,1,0,1
S00134837,66,66,0,0,0
S00134838,45,43,2,0,2
S00134839,70,67,3,0,3
S00134840,28,28,0,0,0
S00134841,60,59,1,0,1
S00134842,68,67,1,0,1
S00134843,74,73,1,0,1
S00134844,59,59,0,0,0
S00134845,62,62,0,0,0
S00134846,56,55,1,0,1
S00134847,56,56,0,0,0
S00134848,55,55,0,0,0
S00134849,30,30,0,0,0
S00134850,27,27,0,0,0
S00134851,66,66,0,0,0
S00134852,57,57,0,0,0
S00134853,66,60,6,0,6
S00134854,44,43,1,0,1
S00134855,38,38,0,0,0
S00134856,44,44,0,0,0
S00134857,67,66,1,1,0
S00134858,40,40,0,0,0
S00134859,62,62,0,0,0
S00134860,97,97,0,0,0
S00134861,78,77,1,0,1
S00134862,33,32,1,0,1
S00134863,55,53,2,0,2
S00134864,41,39,2,0,2
S00134865,56,54,2,1,1
S00134866,50,49,1,1,0
S00134867,65,65,0,0,0
S00134868,33,33,0,0,0
S00134869,79,76,3,0,3
S00134870,60,59,1,0,1
S00134871,54,47,7,0,7
S00134872,84,84,0,0,0
S00134873,33,32,1,0,1
S00134874,72,65,7,1,6
S00134875,71,64,7,1,6
S00134876,71,67,4,1,3
S00134877,35,35,0,0,0
S00134878,71,69,2,0,2
S00134879,37,36,1,0,1
S00134880,52,50,2,0,2
S00134881,72,71,1,0,1
S00134882,42,42,0,0,0
S00134883,67,66,1,0,1
S00134884,62,62,0,0,0
S00134885,64,64,0,0,0
S00134886,68,68,0,0,0
S00134887,51,51,0,0,0
S00134888,55,55,0,0,0
S00134889,69,69,0,0,0
S00134890,80,80,0,0,0
S00134891,21,21,0,0,0
S00134892,48,48,0,0,0
S00134893,50,49,1,0,1
S00134894,43,43,0,0,0
S00134895,62,62,0,0,0
S00134896,27,26,1,0,1
S00134897,61,61,0,0,0
S00134898,84,79,5,0,5
S00134899,62,62,0,0,0
S00134900,34,33,1,0,1
S00134901,62,61,1,0,1
S00134902,55,54,1,0,1
S00134903,36,36,0,0,0
S00134904,60,60,0,0,0
S00134905,43,43,0,0,0
S00134906,40,40,0,0,0
S00134907,76,72,4,0,4
S00134908,74,74,0,0,0
S00134909,65,63,2,0,2
S00134910,39,37,2,0,2
S00134911,45,45,0,0,0
S00134912,48,45,3,3,0
S00134913,68,65,3,0,3
S00134914,36,36,0,0,0
S00134915,32,30,2,1,1
S00134916,66,66,0,0,0
S00134917,44,44,0,0,0
S00134918,36,36,0,0,0
S00134919,47,47,0,0,0
S00134920,35,34,1,0,1
S00134921,66,64,2,0,2
S00134922,78,77,1,1,0
S00134923,50,50,0,0,0
S00134924,35,35,0,0,0
S00134925,65,65,0,0,0
S00134926,43,39,4,0,4
S00134927,56,56,0,0,0
S00134928,41,40,1,0,1
S00134929,49,48,1,0,1
S00134930,44,44,0,0,0
S00134931,53,48,5,0,5
S00134932,42,38,4,0,4
S00134933,55,55,0,0,0
S00134934,57,57,0,0,0
S00134935,70,68,2,0,2
S00134936,56,56,0,0,0
S00134937,21,21,0,0,0
S00134938,78,77,1,0,1
S00134939,79,79,0,0,0
S00134940,55,55,0,0,0
S00134941,58,58,0,0,0
S00134942,69,67,2,0,2
S00134943,42,42,0,0,0
S00134944,42,42,0,0,0
S00134945,44,42,2,1,1
S00134946,58,57,1,1,0
S00134947,47,47,0,0,0
S00134948,60,58,2,0,2
S00134949,54,53,1,0,1
S00134950,23,23,0,0,0
S00134951,36,35,1,0,1
S00134952,45,45,0,0,0
S00134953,38,38,0,0,0
S00134954,50,50,0,0,0
S00134955,79,79,0,0,0
S00134956,35,34,1,0,1
S00134957,59,59,0,0,0
S00134958,22,22,0,0,0
S00134959,63,63,0,0,0
S00134960,58,58,0,0,0
S00134961,52,52,0,0,0
S00134962,42,41,1,0,1
S00134963,60,58,2,0,2
S00134964,43,43,0,0,0
S00134965,75,75,0,0,0
S00134966,68,68,0,0,0
S00134967,55,53,2,0,2
S00134968,76,75,1,0,1
S00134969,55,51,4,0,4
S00134970,58,57,1,0,1
S00134971,39,39,0,0,0
S00134972,60,60,0,0,0
S00134973,34,34,0,0,0
S00134974,76,76,0,0,0
S00134975,38,37,1,0,1
S00134976,46,46,0,0,0
S00134977,59,57,2,0,2
S00134978,38,37,1,0,1
S00134979,59,58,1,0,1
S00134980,64,63,1,0,1
S00134981,28,28,0,0,0
S00134982,48,48,0,0,0
S00134983,42,42,0,0,0
S00134984,60,59,1,0,1
S00134985,71,71,0,0,0
S00134986,41,41,0,0,0
S00134987,40,40,0,0,0
S00134988,69,67,2,0,2
S00134989,60,57,3,0,3
S00134990,38,38,0,0,0
S00134991,42,42,0,0,0
S00134992,78,77,1,0,1
S00134993,32,32,0,0,0
S00134994,40,40,0,0,0
S00134995,47,45,2,0,2
S00134996,51,51,0,0,0
S00134997,41,39,2,1,1
S00134998,51,50,1,0,1
S00134999,66,62,4,0,4
S00135000,48,48,0,0,0
S00135001,54,52,2,0,2
S00135002,45,44,1,1,0
S00135003,79,76,3,2,1
S00135004,49,49,0,0,0
S00135005,53,53,0,0,0
S00135006,29,29,0,0,0
S00135007,60,60,0,0,0
S00135008,58,58,0,0,0
S00135009,71,70,1,0,1
S00135010,56,56,0,0,0
S00135011,33,32,1,0,1
S00135012,71,71,0,0,0
S00135013,67,66,1,0,1
S00135014,61,61,0,0,0
S00135015,71,64,7,1,6
S00135016,58,57,1,0,1
S00135017,57,55,2,0,2
S00135018,48,47,1,0,1
S00135019,77,76,1,0,1
S00135020,31,31,0,0,0
S00135021,48,48,0,0,0
S00135022,52,50,2,0,2
S00135023,74,74,0,0,0
S00135024,77,68,9,1,8
S00135025,48,47,1,0,1
S00135026,57,57,0,0,0
S00135027,58,57,1,0,1
S00135028,53,46,7,0,7
S00135029,91,88,3,0,3
S00135030,74,74,0,0,0
S00135031,35,34,1,0,1
S00135032,34,33,1,0,1
S00135033,47,47,0,0,0
S00135034,53,53,0,0,0
S00135035,54,53,1,0,1
S00135036,86,83,3,1,2
S00135037,43,42,1,0,1
S00135038,61,61,0,0,0
S00135039,56,55,1,0,1
S00135040,54,54,0,0,0
S00135041,31,31,0,0,0
S00135042,57,56,1,0,1
S00135043,56,52,4,1,3
S00135044,40,38,2,1,1
S00135045,70,69,1,0,1
S00135046,26,26,0,0,0
S00135047,42,42,0,0,0
S00135048,71,71,0,0,0
S00135049,63,59,4,4,0
S00135050,63,61,2,1,1
S00135051,49,48,1,0,1
S00135052,75,74,1,0,1
S00135053,43,43,0,0,0
S00135054,63,49,14,13,1
S00135055,53,46,7,3,4
S00135056,49,48,1,0,1
S00135057,77,50,27,26,1
S00135058,83,72,11,8,3
S00135059,67,52,15,12,3
S00135060,70,52,18,15,3
S00135061,43,32,11,11,0
S00135062,93,73,20,19,1
S00135063,79,73,6,5,1
S00135064,55,47,8,8,0
S00135065,55,47,8,7,1
S00135066,52,45,7,4,3
S00135067,45,38,7,5,2
S00135068,45,35,10,2,8
S00135069,51,49,2,1,1
S00135070,61,54,7,5,2
S00135071,42,35,7,6,1
S00135072,48,42,6,4,2
S00135073,35,33,2,1,1
S00135074,26,24,2,2,0
S00135075,52,42,10,10,0
S00135076,62,61,1,1,0
S00135077,53,40,13,11,2
S00135078,43,38,5,5,0
S00135079,49,42,7,7,0
S00135080,55,55,0,0,0
S00135081,27,27,0,0,0
S00135082,82,69,13,13,0
S00135083,73,56,17,17,0
S00135084,41,35,6,3,3
S00135085,62,51,11,10,1
S00135086,53,46,7,6,1
S00135087,75,54,21,15,6
S00135088,24,22,2,1,1
S00135089,45,42,3,0,3
S00135090,50,43,7,7,0
S00135091,61,57,4,4,0
S00135092,64,57,7,4,3
S00135093,45,44,1,0,1
S00135094,43,34,9,8,1
S00135095,39,34,5,5,0
S00135096,47,42,5,5,0
S00135097,41,29,12,12,0
S00135098,47,37,10,9,1
S00135099,55,44,11,11,0
S00135100,95,77,18,18,0
S00135101,71,56,15,10,5
S00135102,61,51,10,4,6
S00135103,63,60,3,0,3
S00135104,43,42,1,0,1
S00135105,34,25,9,7,2
S00135106,48,39,9,7,2
S00135107,65,46,19,12,7
S00135108,72,53,19,9,10
S00135109,60,58,2,0,2
S00135110,67,63,4,1,3
S00135111,57,51,6,5,1
S00135112,55,50,5,2,3
S00135113,53,48,5,0,5
S00135114,74,71,3,2,1
S00135115,42,41,1,1,0
S00135116,43,41,2,0,2
S00135117,61,59,2,2,0
S00135118,71,57,14,10,4
S00135119,52,38,14,13,1
S00135120,79,60,19,18,1
S00135121,77,54,23,22,1
S00135122,54,48,6,5,1
S00135123,77,70,7,7,0
S00135124,55,46,9,8,1
S00135125,61,49,12,8,4
S00135126,54,53,1,0,1
S00135127,62,56,6,4,2
S00135128,58,54,4,1,3
S00135129,40,40,0,0,0
S00135130,56,53,3,1,2
S00135131,54,48,6,4,2
S00135132,73,71,2,1,1
S00135133,44,35,9,9,0
S00135134,38,36,2,1,1
S00135135,54,47,7,4,3
S00135136,54,46,8,8,0
S00135137,70,62,8,7,1
S00135138,54,52,2,0,2
S00135139,47,43,4,2,2
S00135140,57,56,1,1,0
S00135141,67,63,4,3,1
S00135142,34,28,6,6,0
S00135143,92,84,8,4,4
S00135144,39,37,2,2,0
S00135145,59,51,8,4,4
S00135146,70,66,4,0,4
S00135147,38,38,0,0,0
S00135148,52,50,2,2,0
S00135149,45,45,0,0,0
S00135150,86,77,9,7,2
S00135151,74,70,4,2,2
S00135152,59,50,9,8,1
S00135153,31,28,3,3,0
S00135154,57,56,1,0,1
S00135155,37,37,0,0,0
S00135156,37,37,0,0,0
S00135157,65,63,2,1,1
S00135158,58,56,2,1,1
S00135159,26,26,0,0,0
S00135160,68,65,3,0,3
S00135161,70,59,11,2,9
S00135162,78,74,4,2,2
S00135163,43,41,2,1,1
S00135164,76,71,5,2,3
S00135165,56,51,5,1,4
S00135166,37,35,2,0,2
S00135167,68,66,2,1,1
S00135168,64,58,6,1,5
S00135169,49,49,0,0,0
S00135170,47,46,1,0,1
S00135171,61,60,1,0,1
S00135172,67,58,9,2,7
S00135173,77,68,9,0,9
S00135174,73,64,9,3,6
S00135175,35,33,2,1,1
S00135176,46,46,0,0,0
S00135177,48,45,3,1,2
S00135178,49,49,0,0,0
S00135179,59,58,1,0,1
S00135180,61,60,1,0,1
S00135181,31,29,2,1,1
S00135182,76,70,6,1,5
S00135183,57,57,0,0,0
S00135184,57,49,8,3,5
S00135185,60,56,4,2,2
S00135186,33,33,0,0,0
S00135187,77,73,4,0,4
S00135188,61,57,4,0,4
S00135189,51,48,3,0,3
S00135190,40,39,1,0,1
S00135191,29,27,2,1,1
S00135192,44,43,1,0,1
S00135193,66,63,3,0,3
S00135194,56,53,3,1,2
S00135195,48,47,1,0,1
S00135196,48,47,1,0,1
S00135197,34,33,1,0,1
S00135198,32,30,2,0,2
S00135199,58,54,4,1,3
S00135200,77,70,7,1,6
S00135201,50,43,7,5,2
S00135202,46,44,2,2,0
S00135203,78,78,0,0,0
S00135204,73,71,2,0,2
S00135205,44,43,1,0,1
S00135206,36,35,1,0,1
S00135207,44,43,1,0,1
S00135208,40,39,1,0,1
S00135209,54,52,2,0,2
S00135210,59,57,2,0,2
S00135211,53,51,2,0,2
S00135212,48,46,2,0,2
S00135213,40,40,0,0,0
S00135214,62,62,0,0,0
S00135215,54,53,1,0,1
S00135216,58,57,1,1,0
S00135217,59,59,0,0,0
S00135218,75,72,3,1,2
S00135219,61,61,0,0,0
S00135220,60,57,3,1,2
S00135221,42,41,1,0,1
S00135222,42,42,0,0,0
S00135223,75,73,2,1,1
S00135224,61,60,1,1,0
S00135225,22,22,0,0,0
S00135226,104,99,5,2,3
S00135227,61,61,0,0,0
S00135228,50,49,1,0,1
S00135229,51,51,0,0,0
S00135230,33,32,1,1,0
S00135231,102,96,6,3,3
S00135232,52,49,3,0,3
S00135233,56,54,2,1,1
S00135234,63,56,7,3,4
S00135235,42,38,4,0,4
S00135236,73,67,6,4,2
S00135237,65,63,2,1,1
S00135238,69,66,3,1,2
S00135239,57,42,15,13,2
S00135240,48,45,3,3,0
S00135241,55,53,2,2,0
S00135242,41,36,5,5,0
S00135243,45,39,6,6,0
S00135244,50,48,2,2,0
S00135245,37,35,2,1,1
S00135246,62,60,2,0,2
S00135247,45,41,4,3,1
S00135248,74,65,9,7,2
S00135249,47,44,3,2,1
S00135250,60,56,4,1,3
S00135251,47,46,1,0,1
S00135252,70,66,4,0,4
S00135253,29,25,4,1,3
S00135254,30,30,0,0,0
S00135255,64,53,11,7,4
S00135256,59,54,5,3,2
S00135257,49,38,11,8,3
S00135258,46,44,2,1,1
S00135259,55,46,9,8,1
S00135260,45,38,7,7,0
S00135261,42,36,6,4,2
S00135262,60,53,7,4,3
S00135263,86,75,11,10,1
S00135264,40,36,4,3,1
S00135265,63,61,2,0,2
S00135266,83,78,5,1,4
S00135267,28,27,1,1,0
S00135268,34,31,3,1,2
S00135269,60,48,12,9,3
S00135270,39,33,6,6,0
S00135271,56,56,0,0,0
S00135272,41,38,3,1,2
S00135273,70,69,1,0,1
S00135274,26,26,0,0,0
S00135275,33,31,2,1,1
S00135276,71,64,7,3,4
S00135277,78,73,5,5,0
S00135278,31,23,8,8,0
S00135279,53,52,1,1,0
S00135280,54,53,1,0,1
S00135281,75,68,7,5,2
S00135282,33,32,1,0,1
S00135283,39,38,1,1,0
S00135284,69,64,5,2,3
S00135285,25,24,1,0,1
S00135286,93,81,12,10,2
S00135287,28,26,2,0,2
S00135288,71,69,2,0,2
S00135289,82,74,8,2,6
S00135290,84,65,19,0,19
S00135291,36,35,1,0,1
S00135292,49,44,5,2,3
S00135293,39,33,6,0,6
S00135294,58,55,3,0,3
S00135295,26,24,2,1,1
S00135296,49,45,4,2,2
S00135297,51,49,2,1,1
S00135298,54,53,1,0,1
S00135299,33,32,1,0,1
S00135300,76,72,4,3,1
S00135301,25,24,1,1,0
S00135302,67,54,13,11,2
S00135303,49,41,8,8,0
S00135304,50,42,8,8,0
S00135305,46,43,3,3,0
S00135306,52,42,10,6,4
,,,,,
,,,,,
" Crown copyright 2013 For further information on variables, see www.scotlandscensus.gov.uk/variables In order to protect against disclosure of personal information, some records have been swapped between different geographic areas.  Some cell values will be affected, particularly small values at the most detailed geographies. ",,,,,
,,,,,
(c) Copyright WingArc Australia 2018,,,,,